2 0.9825769855769231 0.9849683533653845 0.9723433730603014 0.011871533205710234 0.032414911057692314 0.021756329326923077 0.04264852357431403 0.9948531494865974
0 0.6888168557692308 0.07120253125000002 0.6831061046896808 0.0002762990027008237 0.29007531142044995 0.03192186871423926 0.2957860625 0.10284810096153846
0 0.6342651255384466 0.10630114320593598 0.6294219884540475 0.06583080954033152 0.31120224272329317 0.10391257739208785 0.31604537980769226 0.1443829110576923
0 0.842787682692308 0.1265822788461539 0.8378237748320742 0.08097054763537628 0.21991453685130466 0.14821738176999164 0.22487844471153848 0.19382911298076924
0 0.5600289872279448 0.21043497019251042 0.5487810492303395 0.14500993992525874 0.21880064903846153 0.20174050721153855 0.23004858703606676 0.2671655374787902
0 0.6253073555140958 0.3183677787158642 0.6219611009615384 0.2511867091346154 0.22355812044744255 0.2710309568610589 0.226904375 0.3382120264423077
0 0.5895461923076923 0.3659018990384616 0.5832455297606185 0.32072502454393403 0.21677471634615383 0.3718354423076923 0.22307537889322762 0.41701231680221984
0 0.9724473269230768 0.4371044302884615 0.9700100093265457 0.35380972155976775 0.21538864856924944 0.37589097917341613 0.21782596616578065 0.45918568790211
0 0.7313614254807693 0.49841772115384614 0.7302024421147593 0.44697413904209227 0.2034601416339899 0.45884122798439997 0.20461912499999999 0.5102848100961539
0 0.6849968144170032 0.5447052396465926 0.6824896615967411 0.49330465922898 0.21224163083358388 0.5162418258323875 0.21474878365384617 0.5676424062500001
0 0.46634615384615397 0.7211538461538461 0.22596153846153852 0.7211538461538461 0.22596153846153852 0.7956730769230769 0.46634615384615397 0.7956730769230769
0 0.8452811370192308 0.7071567668269231 0.8439430886116657 0.6547585217669408 0.22431960063089637 0.6705813078246332 0.22565764903846153 0.7229795528846155