2 0.9927399829189377 0.08221836108761565 0.020435524038461543 0.03368207211538462 -0.02682740824897138 0.9804779804125499 0.9454770506315048 1.0290142693847808
0 0.09079574278846161 0.30177628125 0.019954685545742777 0.29314536079869646 -0.027705663011949544 0.684333009837158 0.0431353942307693 0.6929639302884615
0 0.1315050480769232 0.32445472596153846 0.09112273373606213 0.3179311996446295 0.04016931708769941 0.6333460209969571 0.0805516314285605 0.6398695473138661
0 0.18466601923076945 0.23616770432692313 0.13914100771147883 0.22931479416397302 0.046716300980709495 0.8433073518562806 0.09224131250000012 0.8501602620192307
0 0.25801815299055225 0.24455540469081502 0.19282506490384618 0.23055069471153852 0.12260309036053581 0.5574398183562803 0.1877961784472419 0.5714445283355569
0 0.32896638221153857 0.24660298317307697 0.2618162617266854 0.24050441982977278 0.22584373557692317 0.6365910600961541 0.2929938560617763 0.6426896234394582
0 0.4080581937841389 0.24661779097183006 0.36300255048076924 0.2384316634615385 0.29682408986970726 0.6026714229704776 0.3418797331730769 0.6108575504807692
0 0.45035373583637506 0.24394626386971247 0.36705684759883367 0.23810483889606898 0.314183349743228 0.9920643370455875 0.39748023798076937 0.997905762019231
0 0.5019472187500003 0.2343398317307693 0.450494142282283 0.2310798045819544 0.4171639499745906 0.7571309247742621 0.46861702644230785 0.760390951923077
0 0.5588920649038461 0.24781018990384618 0.5075505624999999 0.24278914903846158 0.46173235883148644 0.7112926878175093 0.5130738612353326 0.7163137286828939
0 0.7860576923076923 0.26682692307692313 0.7019230769230769 0.26682692307692313 0.7019230769230769 0.512019230769231 0.7860576923076923 0.512019230769231
0 0.7137847091346153 0.2677664134615385 0.6613804978542959 0.2642877307419859 0.6203099882389111 0.8829896466073706 0.6727141995192306 0.8864683293269232