2 1 0.019357343750000113 0.03449143509615385 0.019357343750000054 0.03449143509615391 0.959122235576923 1 0.959122235576923
0 0.6242891130916328 0.8964607175300794 0.4179831964221294 0.864361466843732 0.4102330528846154 0.9141726129807695 0.6165389695541189 0.9462718636671169
0 0.6362084245375598 0.8375066971057185 0.34826698148273694 0.7913397894804045 0.3377284903846155 0.8570680024038462 0.6256699334394382 0.9032349100291601
0 0.33836953387144575 0.843948622859003 0.05821405528846162 0.8207444639423076 0.05366039751193801 0.8757230640400349 0.3338158760949221 0.8989272229567302
0 0.33484291105769237 0.7941701370192308 0.05114020192307701 0.7739428894230769 0.04756220851352174 0.8241269996798597 0.3312649176481371 0.8443542472760135
0 0.2959573621977731 0.7401163107355019 0.061818019230769315 0.7199643798076925 0.05730447362956644 0.7724059351754153 0.29144381659657026 0.7925578661032249
0 0.7406267419610558 0.7468284499301692 0.7244713557692308 0.6866519711538464 0.6507180368850981 0.7064522880506003 0.6668734230769231 0.7666287668269233
0 0.7299047015691449 0.7097883366905245 0.7227589495192309 0.6397568124999999 0.4693314231730226 0.6656155994795083 0.47647717522293664 0.735647123670033
0 0.7118257741874461 0.6368533211005942 0.702796421245417 0.5765788101717946 0.6102346446541245 0.590444919359662 0.6192639975961538 0.6507194302884616
0 0.9230769230769231 0.5336538461538463 0.7331730769230769 0.5336538461538463 0.7331730769230769 0.6009615384615385 0.9230769230769231 0.6009615384615385
0 0.9038461538461539 0.49038461538461553 0.7307692307692307 0.49038461538461553 0.7307692307692307 0.5384615384615385 0.9038461538461539 0.5384615384615385
0 0.8269230769230769 0.44711538461538475 0.6105769230769231 0.44711538461538475 0.6105769230769231 0.4951923076923078 0.8269230769230769 0.4951923076923078
0 0.8413461538461539 0.41105769230769246 0.7283653846153846 0.41105769230769246 0.7283653846153846 0.45192307692307704 0.8413461538461539 0.45192307692307704
0 0.8677884615384616 0.32211538461538475 0.6274038461538461 0.32211538461538475 0.6274038461538461 0.4014423076923078 0.8677884615384616 0.4014423076923078
0 0.8822115384615384 0.25721153846153855 0.7259615384615384 0.25721153846153855 0.7259615384615384 0.3052884615384616 0.8822115384615384 0.3052884615384617
0 0.8701923076923077 0.2139423076923078 0.7043269230769231 0.21394230769230776 0.7043269230769231 0.26442307692307704 0.8701923076923077 0.26442307692307704
0 0.6842175072115384 0.21548128125000002 0.6638175957792666 0.1589806344359553 0.38957057174080517 0.25799923539749375 0.4099704831730768 0.31449988221153846
0 0.6351018642808437 0.16442537955712502 0.6167653651801381 0.12496635237604324 0.3669811114762176 0.24104039349199521 0.38531761057692315 0.280499420673077
0 0.6138914541602387 0.13552062313538032 0.5995685924971609 0.10045509410883008 0.3525346792023068 0.2013585358772959 0.3668575408653846 0.23642406490384615
0 0.3912140793269231 0.29398759375000005 0.3741432478237477 0.2504273267214804 0.18297577186220926 0.32534394210609574 0.2000466033653846 0.3689042091346154
0 0.36734961037343894 0.24533489036614087 0.3534245189837814 0.20956009148760582 0.12395990380265014 0.29887759535223424 0.13788499519230768 0.3346523942307693
0 0.35121673210394444 0.20957145952223988 0.3381188069377901 0.17668822347242422 0.07419705079538416 0.2818125307771075 0.08729497596153846 0.31469576682692313
0 0.3351892661358595 0.1817454641044227 0.3228474543269231 0.1474910288461539 0.07982193338337132 0.2350526897417312 0.09216374519230769 0.26930712500000004
0 0.3154621129807692 0.49464592788461537 0.10161538053766339 0.4801457875988295 0.09871681746873945 0.5228935285760163 0.31256354991184526 0.5373936688618023
0 0.31934593908355324 0.4500852343271466 0.05506335108242763 0.43502935188122127 0.052093408653846214 0.48716206971153847 0.3163759966549718 0.5022179521574638
0 0.27306968028846157 0.39028141346153844 0.04725496761971304 0.38132772153527217 0.04528963348509766 0.43089401961219526 0.2711043461538462 0.4398477115384616
0 0.29830530769230784 0.5928012932692309 0.20221122807913214 0.5485446772862586 0.18928449167672848 0.5766124092942603 0.2853785712899042 0.6208690252772325
0 0.2415294397789102 0.6289019479709338 0.12338830769230781 0.5716925336538462 0.1086747429133977 0.6020769943367588 0.22681587500000008 0.6592864086538464