2 0.9731116177884616 1.111549134965665e-16 2.789523455944638e-17 5.15690120996794e-17 8.691302289498152e-17 0.9638336274038461 0.9731116177884616 0.9638336274038461
0 0.9148363317307694 0.37096893028846173 0.8668875808480618 0.3610051124221 0.8236492707519077 0.5690802686721 0.8715980216346153 0.5790440865384617
0 0.8733045961538463 0.36237139903846166 0.80984526058305 0.34794491813818584 0.7432870024038463 0.6407219903846154 0.8067463379746426 0.6551484712848912
0 0.8470913221153846 0.6555306466346154 0.7935381468734592 0.6461561870474278 0.7434624615384616 0.932221951923077 0.7970156367803869 0.9415964115102645
0 0.7863047043269232 0.6590822644230772 0.7370619331296481 0.6520630592894402 0.6960411105769233 0.9398419375000002 0.7452838817741985 0.9468611426336372
0 0.7339691201923078 0.6989375432692307 0.6827650069600529 0.6904750847212191 0.6432136129807694 0.9297901778846155 0.6944177262130242 0.9382526364326271
0 0.7505059739021879 0.3286448947702806 0.7374051754807692 0.2513282572115385 0.674676829294759 0.2619571650978588 0.6877776277161777 0.33927380265660084
0 0.6999650169642181 0.5147060793121043 0.6712288360785171 0.26474923308718246 0.6009011268066067 0.2728344278135396 0.6296373076923077 0.5227912740384615
0 0.6295542591225759 0.3779514413630931 0.6249260950243196 0.2864288914832707 0.56352624455559 0.2895337938701777 0.5681544086538463 0.3810563437500001
0 0.6057692307692307 0.06971153846153853 0.5288461538461539 0.06971153846153853 0.5288461538461539 0.2596153846153847 0.6057692307692307 0.2596153846153847
0 0.5408653846153846 0.08894230769230776 0.4855769230769231 0.08894230769230776 0.4855769230769231 0.26201923076923084 0.5408653846153846 0.26201923076923084
0 0.49038461538461536 0.1658653846153847 0.42788461538461536 0.1658653846153847 0.42788461538461536 0.38461538461538464 0.49038461538461536 0.38461538461538464
0 0.4519230769230769 0.1538461538461539 0.40384615384615385 0.1538461538461539 0.40384615384615385 0.26682692307692313 0.4519230769230769 0.26682692307692313
0 0.4014423076923077 0.1274038461538462 0.30528846153846156 0.1274038461538462 0.30528846153846156 0.36778846153846156 0.4014423076923077 0.36778846153846156
0 0.3076923076923077 0.11298076923076926 0.25 0.11298076923076926 0.25 0.2716346153846154 0.3076923076923077 0.2716346153846155
0 0.264423076923077 0.1274038461538462 0.20432692307692307 0.1274038461538462 0.2043269230769231 0.2932692307692308 0.264423076923077 0.2932692307692308
0 0.27293611298076925 0.5862859495192307 0.20125402644230775 0.3131356346153845 0.14142363105019756 0.328836760867563 0.2131057175886591 0.6019870757714093
0 0.23655246875000005 0.6113395432692308 0.14563914182692309 0.36344946875000006 0.10324020440523231 0.37899921783327856 0.19415353132830926 0.6268892923525093
0 0.1909653652961341 0.6310921633087114 0.11539884713246448 0.38741620502932744 0.07800243616325343 0.3990132316244621 0.15356895432692305 0.6426891899038462
0 0.30720021099422684 0.7981672709090778 0.2506013918269231 0.6052848966346154 0.20425700294808075 0.6188840536101529 0.2608558221153846 0.8117664278846153
0 0.2661025793269231 0.858192170673077 0.2005052763570794 0.6325967185881894 0.16245885771406104 0.6436596297753551 0.22805616068390475 0.8692550818602426
0 0.24116930528846153 0.909024730769231 0.16310482855400837 0.6487253692594993 0.1280869350084515 0.6592273294645552 0.20615141174290466 0.9195266909742869
0 0.19634141105769232 0.9046832235576924 0.13366289903846157 0.6651461346153845 0.09739406312738176 0.6746364255662095 0.16007257514661252 0.9141735145085174
0 0.48498682211538474 0.6859759230769232 0.44340924038461554 0.6787169062500001 0.4063154905178376 0.8911793448362426 0.4478930722486068 0.8984383616631658
0 0.43631685336538467 0.6770413197115384 0.38494415455736536 0.6719141600854026 0.3583801538461539 0.9380779831730769 0.4097528526541732 0.9432051427992126
0 0.38431194711538486 0.7237214495192308 0.33591931488611504 0.7164155937829592 0.3018172115207304 0.9423015961868053 0.35020984375000014 0.9496074519230769
0 0.565138788391152 0.7096863688954154 0.5396954423076922 0.6947348245192309 0.48494335343577105 0.7879075637968924 0.5103866995192308 0.8028591081730769
0 0.598984276442308 0.7654649975961542 0.5714742453345486 0.7488491904502846 0.49913089067376926 0.8686247703957014 0.5266409217815287 0.8852405775415708