0 0.7017122797783469 0.3814583707393402 0.6869762928744129 0.30068932707017704 0.6380843856922195 0.30960945873468304 0.6528203725961538 0.39037850240384614
0 0.636555201923077 0.39975409375000015 0.5928315092257972 0.39714283875719353 0.5826299634429152 0.5679607994989573 0.6263536561401951 0.5705720544917638
0 0.5922443298050255 0.38801900659868954 0.527480846153846 0.31838793990384634 0.49524013173343584 0.34837485638207993 0.5600036153846153 0.41800592307692325
0 0.6494213522922467 0.37093712871939044 0.5926226229284022 0.2936403490437808 0.562707625 0.3156222980769231 0.6195063543638446 0.39291907775253276
0 0.5730303214907642 0.6259654590585223 0.5155975505554654 0.5764347264387643 0.48562754326923074 0.6111860913461539 0.5430603142045295 0.6607168239659119
0 0.5101419591346155 0.3951441442307693 0.4665955148208857 0.3879799885295192 0.44179060229498135 0.5387536158849032 0.4853370466087111 0.5459177715861533
0 0.5785646971153848 0.44799118990384634 0.531971345420656 0.3939690294697963 0.4956063283272472 0.425333343988215 0.5421996800219759 0.47935550442226504
0 0.5892263701923077 0.4554941129807692 0.5391587832966871 0.4550678667026475 0.5380812808928409 0.5816330662218783 0.5881488677884616 0.5820593125
0 0.4371874495192309 0.5725786153846155 0.40187460422811616 0.5723226803438103 0.40118418833774633 0.6675833740200441 0.43649703362886105 0.6678393090608493
0 0.43412446342476396 0.4483814780791755 0.38225213701923083 0.44787598076923085 0.3809375452667342 0.5827746857356086 0.43280987167226725 0.5832801830455533
0 0.6691471586538463 0.6579828485576924 0.5594433253542407 0.5586539787945802 0.5302856409377259 0.5908572018681981 0.6399894742373315 0.6901860716313103
0 0.7151615576166155 0.5288709694582658 0.6980826413968694 0.4103642562039264 0.654741610576923 0.41661046634615395 0.671820526796669 0.5351171796004933
0 0.44365896394230764 0.305191608173077 0.39368889218868003 0.30060448999863715 0.3816304722702053 0.431963675798364 0.4316005440238329 0.4365507939728039
0 0.5435305745192308 0.5272805312500001 0.5082549331681776 0.5256375428346791 0.5055372211538463 0.5839879447115386 0.5408128625048995 0.5856309331268595
0 0.49987990144230776 0.5566244326923079 0.44255990251398114 0.551650322834625 0.43362070432692307 0.6546626899038461 0.4909407032552497 0.6596367997615291
2 0.7472450014779903 0.6700018853909102 0.7254119350961539 0.27726122836538464 0.3278241956373943 0.2993637516283205 0.3496572620192308 0.6921044086538461