2 0.9932898659899663 0.914834152437942 0.9927849687499998 0.1212375625 0.13731339859911038 0.12178182546699788 0.1378182958390769 0.9153784154049399
0 0.9622237764423077 0.3540755216346154 0.9000835836494397 0.3535454553174251 0.8980767620192307 0.5888071177884615 0.9602169548120987 0.5893371841056518
0 0.9929915500419786 0.2223702101730818 0.9877515987211802 0.128877395646746 0.8226450943522784 0.13813104845443339 0.8278850456730767 0.23162386298076923
0 0.9912299399038461 0.2697546033653847 0.9725998318414236 0.20786751060112388 0.8600758029952698 0.24174104906266233 0.8787059110576922 0.30362814182692316
0 0.6153846153846154 0.6177884615384616 0.47836538461538475 0.6177884615384616 0.47836538461538475 0.8966346153846154 0.6153846153846154 0.8966346153846154
0 0.5096153846153848 0.6538461538461539 0.39182692307692324 0.6538461538461539 0.39182692307692324 0.9038461538461539 0.5096153846153848 0.9038461538461539
0 0.4062500000000001 0.6346153846153846 0.28846153846153855 0.6346153846153846 0.28846153846153855 0.8990384615384616 0.4062500000000001 0.8990384615384616
0 0.3076923076923078 0.6490384615384616 0.2067307692307693 0.6490384615384616 0.20673076923076933 0.8966346153846154 0.3076923076923078 0.8966346153846154
0 0.9423728926562673 0.3977530688928204 0.8362790025636393 0.2213116316201556 0.7566955072115383 0.26916503125000013 0.8627893973041663 0.4456064685226649
0 0.7759481538461538 0.14594771153846164 0.7206997850701946 0.14335617357620992 0.7136868197115386 0.2928638798076924 0.7689351884874978 0.2954554177699441
0 0.9109514759615382 0.578961951923077 0.910314868390099 0.4695387127027691 0.8673461183900991 0.46978869827969216 0.8679827259615384 0.5792119375
0 0.8794624903846154 0.5283397836538463 0.8790305098284343 0.45408830019854624 0.8223898848284343 0.4544178242370078 0.8228218653846154 0.5286693076923078
0 0.7483139797078354 0.5229513389304755 0.7449761129807692 0.4607303629807692 0.6885893948317273 0.4637552488409697 0.6919272615587935 0.5259762247906761
0 0.7860785146577529 0.3491946001396902 0.7838398870192307 0.29050168749999994 0.715734293850909 0.29309932759567064 0.7179729214894313 0.35179224023536093
0 0.951658930510751 0.7373845010767847 0.9329121730317806 0.6856273735200703 0.8706927524038461 0.7081636394230768 0.8894395098828165 0.759920766979791
0 0.9445172708728113 0.7624743792400077 0.8736935188284023 0.7609925811744179 0.8715691466346155 0.8625286899038463 0.9423928986790245 0.8640104879694361
0 0.7095013197115386 0.3612800697115386 0.6401538929938032 0.35640435382583074 0.6227453236141376 0.6040068634092453 0.6920927503318731 0.608882579294953
0 0.6309779014423078 0.30897748557692317 0.6167250216005301 0.1806425906017774 0.5626689322485549 0.18664606258341815 0.5769218120903324 0.3149809575585639
0 0.5811273113039224 0.3245943458519538 0.5731271854004916 0.1978174436267078 0.4995720976542616 0.2024590617170618 0.5075722235576924 0.3292359639423078
0 0.8621227067307694 0.7707431778846154 0.8490131135817263 0.6860919346876456 0.8011459746702823 0.6935049234712554 0.8142555678193255 0.7781561666682252
0 0.8142911129807693 0.759297139423077 0.8100263822115387 0.6831139014423078 0.7791635003829308 0.6848416027746509 0.7834282311521614 0.7610248407554201
0 0.7836003973949015 0.767850398409047 0.7795735432692308 0.6930613341346152 0.7504063191993203 0.694631779730101 0.754433173324991 0.7694208440045328
0 0.510593123365886 0.39357691053310234 0.5005408100961538 0.17305259855769226 0.4482531049994985 0.17543606542843607 0.45830541826923077 0.3959603774038461
0 0.46340821634615403 0.17121464663461547 0.40693107334371614 0.17111845332316614 0.4062082250825706 0.5955180711208137 0.4626853680850085 0.595614264432263
0 0.41514946914862144 0.6482842288739767 0.41238721394230776 0.17349422355769228 0.3583951929687087 0.17380834082925192 0.36115744817502243 0.6485983461455364
0 0.5897892642060006 0.4504152569918625 0.5836573160423455 0.40384382657823215 0.5411002441440371 0.4094472138171389 0.5472321923076923 0.4560186442307692
0 0.5253392678250474 0.45027845448954407 0.5217620120192307 0.40731551201923083 0.4945870303638834 0.4095782029642638 0.49816428616970004 0.452541145434577
0 0.8400809122008922 0.8915750905603803 0.82860071875 0.7670300985576921 0.7548248033127579 0.7738305468745376 0.76630499676365 0.8983755388772258
0 0.70750696875 0.7677346009615384 0.6491524724544189 0.7641646471905748 0.6410319581629133 0.8969026464879659 0.6993864544584945 0.9004726002589294