0 0.3247945776746019 0.13139536167068286 0.17538286298076924 0.11885606971153848 0.1694163766523212 0.1899496335216249 0.31882809134615386 0.20248892548076924
0 0.7688722437641383 0.1965843264957456 0.3560052437210702 0.14516085047948596 0.34686300236077805 0.21856175715681742 0.7597300024038461 0.26998523317307704
0 0.8095681405775382 0.33287019002736135 0.21150302334947568 0.240069978899032 0.1990051111373221 0.3206146806985938 0.7970702283653848 0.4134148918269232
0 0.17664799759615385 0.10124446394230771 0.030159413461538467 0.1012444639423077 0.030159413461538484 0.34802784134615383 0.17664799759615388 0.34802784134615383
0 0.6498980839277048 0.37839552477981353 0.35775827884615385 0.33002120673076935 0.3508111011747447 0.37197626083064794 0.6429509062562956 0.4203505788796921
0 0.9306405379736287 0.365589207940228 0.8071233653846155 0.3459185817307693 0.7984992000071407 0.4000720444636184 0.922016372596154 0.4197426706730771
0 0.683616281413896 0.4274456368678443 0.2254775240384616 0.35435562259615383 0.2182938147399503 0.39938414918984816 0.6764325721153847 0.47247416346153864
0 0.9509893518166161 0.4417516314247486 0.7554215144230769 0.41763341105769236 0.7479909727026148 0.4778855753060209 0.9435588100961539 0.5020037956730771
0 0.5906682088626174 0.4819991260284453 0.38489156971153854 0.4345074879807692 0.37443304113738274 0.47982327301001626 0.5802096802884616 0.5273149110576923
0 0.6821783547450094 0.4961451139229239 0.60318828125 0.47036490144230775 0.5879113959498177 0.517172983165589 0.6669014694448271 0.5429531956462051
0 0.941060093128975 0.5171331680934128 0.6936665240384617 0.4893482379807693 0.6875482674479484 0.5438244352719722 0.9349418365384616 0.5716093653846156
0 0.6567597732278098 0.532821519634185 0.3821226610576923 0.4863619711538462 0.3716360464837287 0.5483516726735074 0.6462731586538462 0.5948112211538462
0 0.8405473925324837 0.5657426116508554 0.6827379969363091 0.5434569279825159 0.6778687355769232 0.5779371442307693 0.8356781311730976 0.6002228278991089
0 0.5306826452494365 0.5708375759611249 0.37914691826923086 0.5484075072115385 0.36903411674296266 0.6167287748901245 0.5205698437231684 0.639158843639711
0 0.5986449336300351 0.6608820255333426 0.38954565061306884 0.6257849479416572 0.3805830817307693 0.6791816081730772 0.5896823647477356 0.7142786857647625
0 0.7991253902480923 0.7040598650002605 0.6146775817307693 0.6644167884615386 0.6023543027130596 0.721753453701026 0.7868021112303825 0.7613965302397478
0 0.8779501560136278 0.618446922865129 0.6856447771796167 0.6009316003902304 0.680690934708301 0.6553211529945648 0.8729963135423121 0.6728364754694636
0 0.734193641059404 0.7588361169269361 0.38632773317307695 0.6960556850961539 0.375041511090854 0.7585925580794678 0.722907418977181 0.82137298991025
0 0.8205528276866472 0.8511025446367451 0.3892000576923077 0.7551149543269229 0.37282904492297414 0.8286836488099443 0.8041818149173137 0.9246712391197665
0 0.7240889872570997 0.8988108074985133 0.40117577528868 0.8482235698147382 0.3922957495700421 0.9049073849123791 0.7152089615384618 0.9554946225961541
0 0.5033066845426981 0.9177929352804887 0.2168605480769232 0.8542501586538462 0.20588819387119717 0.9037127197350443 0.492334330336972 0.9672554963616867
0 0.16917989862802602 0.45648400842725617 0.13846284791608576 0.4208723757142925 0.03678259111498287 0.5085773576716518 0.06749964182692313 0.5441889903846154
0 0.19217546272678687 0.5357063752078715 0.15443942461562707 0.5117967825828695 0.05417836573499413 0.6700368328557674 0.09191440384615393 0.6939464254807693
0 0.9436403247889495 0.8505930062130921 0.8249537255115414 0.8414186742407506 0.8191275617802845 0.9167906536045817 0.9378141610576924 0.9259649855769232
0 0.9973978282484097 0.7996666435885096 0.9456355354290119 0.5873290103541198 0.8688179163152175 0.606055111957918 0.9205802091346154 0.8183927451923078
2 0.9924185658892799 0.0431202715497515 0.024414762019230776 0.0400759326923077 0.02151220814918177 0.9629965794117871 0.9895160120192309 0.9660409182692309