2 0.9684463149038461 0.9708820721153846 0.9354767674945231 -0.029348582550851342 0.04509900240384616 0 0.07806854981316912 1.0002306546662358
0 0.32932692307692324 0.6778846153846154 0.2283653846153847 0.6778846153846154 0.22836538461538472 0.9182692307692307 0.32932692307692324 0.9182692307692307
0 0.44627989423076914 0.9665244663461539 0.3795371059184091 0.6289307775267197 0.3108682520318657 0.6425067149046643 0.37761104034422577 0.9801004037240985
0 0.46151425240384614 0.8429092908653846 0.4339348557692307 0.6130088413461537 0.3851402043806991 0.6188623620639527 0.4127196010153145 0.8487628115831836
0 0.5538381778846154 0.967305060096154 0.5101067307692307 0.6107924663461539 0.45217551649867865 0.6178985710886393 0.4959069636140633 0.9744111648386394
0 0.6033235408653846 0.9287181009615385 0.5362622252508508 0.6010714948569811 0.4862778444585842 0.6113020856021742 0.553339160073118 0.9389486917067317
0 0.6285529471153846 0.8673756033653846 0.5888264986110694 0.6008445268515388 0.5412885264423077 0.6079300600961538 0.5810149749466229 0.8744611366099995
0 0.7412017692307694 0.9579431177884613 0.6711930360576924 0.576778689903846 0.6125900760875462 0.5875423359514893 0.6825988092606232 0.9687067638361047
0 0.7948599759615385 0.7589157572115384 0.7495908557692308 0.5823179855769232 0.6911360790747308 0.59730229872824 0.7364051992670385 0.7739000703628552
0 0.8290241899038462 0.9534326346153846 0.7994563182701018 0.8587914181020833 0.7384053798076925 0.8778649927884616 0.7679732514414369 0.9725062093017629
0 0.8990390600961538 0.8868767956730769 0.8302618408717184 0.5799252478923331 0.7453237013705427 0.5989569455111406 0.814100920594978 0.9059084932918844
0 0.4714224254807693 0.398811125 0.4159288341346154 0.09738384134615385 0.3545902891979048 0.10867643604834573 0.41008388054405864 0.41010371970219184
0 0.5398048892978409 0.3832409758780738 0.45771949510887794 0.08823970697829855 0.3875203173494985 0.10777293542714789 0.4696057115384615 0.4027742043269231
0 0.53125 0.09615384615384623 0.4639423076923077 0.09615384615384623 0.4639423076923077 0.19471153846153852 0.53125 0.19471153846153852
0 0.5961538461538461 0.10336538461538468 0.5360576923076923 0.10336538461538468 0.5360576923076923 0.2740384615384616 0.5961538461538461 0.2740384615384616
0 0.6754807692307693 0.15144230769230776 0.5913461538461539 0.15144230769230776 0.5913461538461539 0.32692307692307704 0.6754807692307693 0.32692307692307704
0 0.6995192307692307 0.3461538461538463 0.59375 0.3461538461538463 0.59375 0.4399038461538463 0.6995192307692307 0.4399038461538463
0 0.8822115384615384 0.050480769230769336 0.7836538461538461 0.050480769230769336 0.7836538461538461 0.3629807692307694 0.8822115384615384 0.3629807692307694
0 0.9423076923076923 0.3750000000000001 0.8269230769230769 0.3750000000000001 0.8269230769230769 0.5336538461538463 0.9423076923076923 0.5336538461538463