2 0.989077670673077 0.9609375 0.9263754038461539 0.09960937500000003 0.024218573086070158 0.1652838568614278 0.08692083991299328 1.0266119818614279
0 0.6730769230769231 0.18990384615384623 0.5432692307692307 0.18990384615384623 0.5432692307692307 0.24519230769230776 0.6730769230769231 0.24519230769230776
0 0.5144230769230769 0.19471153846153852 0.4375 0.19471153846153852 0.4375 0.2475961538461539 0.5144230769230769 0.2475961538461539
0 0.1418269230769231 0.21394230769230768 0.07692307692307696 0.21394230769230768 0.07692307692307696 0.25 0.1418269230769231 0.25
0 0.27403846153846156 0.2668269230769231 0.05528846153846157 0.2668269230769231 0.05528846153846157 0.30288461538461536 0.2740384615384616 0.30288461538461536
0 0.2596153846153847 0.3485576923076923 0.22115384615384623 0.3485576923076923 0.22115384615384623 0.38221153846153844 0.2596153846153847 0.38221153846153844
0 0.33413461538461536 0.35096153846153844 0.27644230769230776 0.35096153846153844 0.27644230769230776 0.3894230769230769 0.33413461538461536 0.3894230769230769
0 0.49278846153846156 0.3173076923076923 0.3798076923076923 0.3173076923076923 0.3798076923076923 0.3605769230769231 0.49278846153846156 0.3605769230769231
0 0.24519230769230776 0.39903846153846156 0.08894230769230772 0.39903846153846156 0.08894230769230774 0.4326923076923077 0.24519230769230776 0.4326923076923077
0 0.3317307692307692 0.43990384615384615 0.21875000000000006 0.43990384615384615 0.21875000000000006 0.4735576923076923 0.3317307692307692 0.4735576923076923
0 0.6850961538461539 0.45432692307692313 0.44711538461538464 0.4543269230769231 0.44711538461538464 0.5072115384615385 0.6850961538461539 0.5072115384615385
0 0.6514423076923077 0.5937500000000001 0.4759615384615386 0.59375 0.4759615384615386 0.6634615384615384 0.6514423076923077 0.6634615384615384
0 0.3557692307692309 0.6442307692307693 0.1177884615384616 0.6442307692307693 0.1177884615384616 0.6826923076923077 0.3557692307692309 0.6826923076923077
0 0.45192307692307704 0.7644230769230769 0.14903846153846165 0.7644230769230769 0.14903846153846165 0.8341346153846154 0.45192307692307704 0.8341346153846154
0 0.875 0.47355769230769246 0.7427884615384616 0.47355769230769246 0.7427884615384616 0.5072115384615385 0.875 0.5072115384615385
0 0.28956998813302604 0.5192715568102112 0.10082150721153853 0.5096153846153847 0.09901739041879674 0.5448803216074365 0.28776587134028425 0.554536493802263
0 0.49152145510481005 0.709183147782303 0.32611401682692315 0.7019230769230769 0.3250082948951902 0.7271149291407741 0.4904157331730771 0.7343750000000001
0 0.7530495384615384 0.747596153846154 0.3073950687933001 0.7238965397006787 0.3056671431476865 0.7563889584588586 0.7513216128159249 0.780088572604334
0 0.5306171347024736 0.5324469516802193 0.5302312306493587 0.5036727468619857 0.350622312293039 0.5060815644125357 0.35100821634615387 0.5348557692307693
0 0.795514855776572 0.5897029732920399 0.7932703839883976 0.5593605582336736 0.6858351995192309 0.5673076923076923 0.6880796713074052 0.5976501073660585
0 0.8613393076923077 0.5925480769230771 0.7057505600961539 0.5925480769230771 0.7057505600961539 0.6165865384615384 0.8613393076923077 0.6165865384615384
0 0.885420947455384 0.6153903711672201 0.7045058485576923 0.6129807692307693 0.7039789905801757 0.652537744042895 0.8848940894778674 0.654947345979346