2 0.9731279915822852 0.9643152953807783 0.959981920673077 0.01651289903846154 0.06750440264848395 0.028891610869221818 0.08065047355769231 0.9766940072115384
0 0.2163461538461539 0.3269230769230769 0.14903846153846156 0.3269230769230769 0.1490384615384616 0.45913461538461536 0.2163461538461539 0.45913461538461536
0 0.20432692307692316 0.4855769230769231 0.14663461538461545 0.4855769230769231 0.14663461538461545 0.5649038461538461 0.20432692307692316 0.5649038461538461
0 0.1730769230769232 0.8605769230769231 0.13221153846153857 0.8605769230769231 0.13221153846153857 0.9254807692307693 0.1730769230769232 0.9254807692307693
0 0.24038461538461547 0.7283653846153846 0.1850961538461539 0.7283653846153846 0.18509615384615394 0.9471153846153846 0.24038461538461553 0.9471153846153846
0 0.31730769230769246 0.7427884615384616 0.2788461538461539 0.7427884615384616 0.2788461538461539 0.78125 0.31730769230769246 0.78125
0 0.3317307692307694 0.6682692307692307 0.28846153846153855 0.6682692307692307 0.28846153846153855 0.7259615384615384 0.3317307692307694 0.7259615384615384
0 0.3173076923076924 0.5072115384615384 0.26201923076923084 0.5072115384615384 0.26201923076923084 0.6225961538461539 0.31730769230769246 0.6225961538461539
0 0.36538461538461553 0.7572115384615384 0.31730769230769246 0.7572115384615384 0.31730769230769246 0.9134615384615384 0.36538461538461553 0.9134615384615384
0 0.41586538461538475 0.6706730769230769 0.37259615384615397 0.6706730769230769 0.37259615384615397 0.7836538461538461 0.41586538461538475 0.7836538461538461
0 0.47836538461538464 0.31971153846153844 0.40384615384615385 0.31971153846153844 0.40384615384615385 0.5576923076923077 0.47836538461538464 0.5576923076923077
0 0.6322115384615384 0.35096153846153855 0.5480769230769231 0.35096153846153844 0.5480769230769231 0.528846153846154 0.6322115384615384 0.528846153846154
0 0.625 0.6490384615384616 0.5649038461538463 0.6490384615384616 0.5649038461538463 0.8870192307692307 0.625 0.8870192307692307
0 0.7884615384615384 0.5528846153846155 0.6899038461538461 0.5528846153846155 0.6899038461538461 0.8557692307692307 0.7884615384615384 0.8557692307692307
0 0.4951923076923077 0.12740384615384623 0.4519230769230769 0.12740384615384623 0.4519230769230769 0.2596153846153847 0.4951923076923077 0.2596153846153847
0 0.4726314447115385 0.714338983173077 0.43574217096666146 0.7134018630860007 0.4309474591346155 0.9021433485576924 0.4678367328794926 0.9030804686447687
0 0.689792153846154 0.5138567355769232 0.6650084350812117 0.5104183071969303 0.6417855155196904 0.6778059167986186 0.6665692342846327 0.6812443451786115
0 0.7582249158653848 0.2539780673076924 0.726402021413145 0.24878151879092028 0.6538715839131449 0.6929471894639972 0.6856944783653847 0.6981437379807693
0 0.49135381250000015 0.4728512620192309 0.4627191358169631 0.47073025089008164 0.44944166947080927 0.6499824720439279 0.4780763461538463 0.6521034831730771
0 0.570447203346199 0.3172943920143189 0.5698375504807693 0.2080496923076923 0.5392121812691858 0.20822060077414262 0.5398218341346155 0.3174653004807692
0 0.5972437620192308 0.14220593269230777 0.5729366137502905 0.14125317980907076 0.5668045865384616 0.2976967836538463 0.591111734807402 0.2986495365370833
0 0.6377743629807693 0.11878020432692317 0.5980311347683306 0.11640788144473249 0.5871283798076923 0.29906037019230775 0.6268716080201311 0.30143269307449844