2 0.9980468750000001 0.95703125 0.9375 0.05273437500000001 0.05146712495065713 0.11205839039207269 0.11201399995065718 1.0163552653920727
0 0.17067307692307693 0.20432692307692307 0.10576923076923081 0.20432692307692307 0.10576923076923081 0.2403846153846154 0.17067307692307693 0.2403846153846154
0 0.5288461538461539 0.1754807692307693 0.46634615384615385 0.1754807692307693 0.46634615384615385 0.22115384615384623 0.5288461538461539 0.22115384615384623
0 0.6850961538461539 0.15625000000000006 0.5552884615384616 0.15625000000000006 0.5552884615384616 0.2163461538461539 0.6850961538461539 0.2163461538461539
0 0.2716346153846155 0.3894230769230769 0.11298076923076926 0.3894230769230769 0.11298076923076926 0.4182692307692308 0.2716346153846155 0.4182692307692308
0 0.28846153846153855 0.3317307692307692 0.24278846153846162 0.3317307692307692 0.24278846153846162 0.37259615384615385 0.28846153846153855 0.37259615384615385
0 0.3629807692307692 0.3269230769230769 0.3052884615384616 0.3269230769230769 0.3052884615384616 0.3701923076923077 0.3629807692307692 0.3701923076923077
0 0.3774038461538463 0.6298076923076923 0.14182692307692316 0.6298076923076923 0.14182692307692316 0.6706730769230769 0.3774038461538463 0.6706730769230769
0 0.4711538461538463 0.7548076923076923 0.18028846153846162 0.7548076923076923 0.18028846153846162 0.8221153846153846 0.4711538461538463 0.8221153846153846
0 0.6634615384615384 0.5745192307692308 0.49759615384615397 0.5745192307692307 0.49759615384615397 0.6370192307692307 0.6634615384615384 0.6370192307692307
0 0.6923076923076923 0.4254807692307693 0.45913461538461536 0.4254807692307692 0.45913461538461536 0.4783653846153847 0.6923076923076923 0.47836538461538475
0 0.2958747195241723 0.2797229399852749 0.2929454763854061 0.24188688247577503 0.08723958173076923 0.25781250000000006 0.09016882486953552 0.2956485575094999
0 0.311618332955659 0.5167739705107791 0.3086122496443108 0.4829555332581126 0.1311084984194211 0.4987336444781028 0.13411458173076923 0.5325520817307693
0 0.552854260238411 0.5051854893905602 0.5520833317307692 0.4791666682692309 0.37553115322312736 0.4843978471479016 0.37630208173076923 0.5104166682692308
0 0.37109375000000006 0.43229166826923077 0.2604166682692308 0.42838541826923077 0.25954297291833495 0.4531401195195086 0.3702200546491042 0.4570463695195086
0 0.8933417248674591 0.46347163646355133 0.8917278095765054 0.4308705323310542 0.7578125 0.43750000000000006 0.7594264152909538 0.47010110413249717
0 0.8269230769230769 0.4879807692307694 0.7355769230769231 0.4879807692307694 0.7355769230769231 0.5168269230769232 0.8269230769230769 0.5168269230769232
0 0.9110576923076923 0.5168269230769232 0.7740384615384616 0.5168269230769232 0.7740384615384616 0.5456730769230771 0.9110576923076923 0.5456730769230771
0 0.8149038461538461 0.5384615384615385 0.6947115384615384 0.5384615384615385 0.6947115384615384 0.5649038461538463 0.8149038461538461 0.5649038461538463
0 0.8822115384615384 0.5576923076923078 0.7091346153846154 0.5576923076923078 0.7091346153846154 0.5817307692307694 0.8822115384615384 0.5817307692307694
0 0.9014423076923077 0.5841346153846155 0.7115384615384616 0.5841346153846155 0.7115384615384616 0.6153846153846154 0.9014423076923077 0.6153846153846154