0 0.18420241775444496 0.13573749698219414 0.032041776442307705 0.12509738942307694 0.02514419750223815 0.22373737301259966 0.17730483881437537 0.23437748057171687
0 0.09228781971153852 0.23713292548076925 0.030957203079242514 0.2262721947682184 0.01843238336770403 0.2969999327489876 0.07976300000000003 0.3078606634615385
0 0.13091200240384618 0.6229238076923077 0.09262766469265234 0.3657830412814155 0.02926208326432003 0.3752172097819168 0.06754642097551387 0.6323579761928091
0 0.2185213572037961 0.48771906483879296 0.14523998798076926 0.4669420745192308 0.12343613318081943 0.5438452404496685 0.19671750240384625 0.5646222307692308
0 0.16602420669420231 0.7543822426500177 0.1090274001938706 0.727736069661809 0.0854705937499999 0.7781246466346154 0.1424674002503316 0.804770819622824
0 0.29796479638072576 0.8172162044095438 0.09505857932692317 0.8041987764423075 0.08921689972751606 0.895254637226743 0.29212311678131864 0.9082720651939792
0 0.41997450240384615 0.6482135 0.392617814691782 0.3727154683169746 0.3236520745192308 0.37956369951923075 0.35100876223129496 0.6550617312022561
0 0.34601552163461535 0.562154704326923 0.3353142303305797 0.4725325297639294 0.27071597132866404 0.4802458528414358 0.2814172626326997 0.5698680274044294
0 0.4079816923076924 0.9208701033653847 0.4038608125621509 0.8007970223985067 0.3453727955906745 0.8028043173105205 0.349493675336216 0.9228773982773985
0 0.2795557331730769 0.22245792548076923 0.2693241806891191 0.14153615357273605 0.2197862281046003 0.1477996120940392 0.2300177805885581 0.22872138400207237
0 0.5140378076923077 0.9107370504807691 0.49196521639832935 0.6538836193887658 0.4323761322115385 0.6590043822115383 0.4544487235055168 0.9158578133035417
0 0.5652287860576923 0.9210392091346152 0.5530591178718149 0.6598024936384276 0.4947395576923077 0.6625193004807693 0.5069092258781851 0.923756015976957
0 0.6121037860576923 0.9251402403846154 0.5971033581367357 0.6267832858143932 0.5506670598127327 0.6291179535178112 0.5656674877336895 0.9274749080880333
0 0.6697415048076921 0.9165946538461539 0.6645928495278726 0.6645635855197624 0.599798579326923 0.6658872451923077 0.6049472346067427 0.9179183135186992
1 0.9206730769230769 0.12980769230769235 0.0985576923076923 0.12980769230769232 0.09855769230769235 0.5649038461538463 0.9206730769230769 0.5649038461538463
2 0.9446565960919061 0.16883447722221628 0.021456694711538472 0.11252425961538459 -0.02631411462191647 0.8957214898842207 0.8968857867584512 0.9520317074910524