1 0.5889423076923077 0.10817307692307696 0.1201923076923077 0.10817307692307693 0.12019230769230774 0.8990384615384616 0.5889423076923078 0.8990384615384616
0 0.30288461538461536 0.019230769230769256 0.13221153846153846 0.01923076923076925 0.1322115384615385 0.16586538461538464 0.30288461538461536 0.1658653846153847
0 0.5625 0.1346153846153847 0.4735576923076923 0.1346153846153847 0.4735576923076923 0.18990384615384623 0.5625 0.18990384615384623
0 0.6225961538461539 0.30769230769230776 0.3629807692307692 0.3076923076923077 0.3629807692307692 0.4038461538461539 0.6225961538461539 0.40384615384615397
0 0.9591346153846154 0.42067307692307704 0.6105769230769231 0.42067307692307704 0.6105769230769231 0.6538461538461539 0.9591346153846154 0.6538461538461539
0 0.9639423076923077 0.20192307692307704 0.8221153846153846 0.20192307692307698 0.8221153846153846 0.28846153846153855 0.9639423076923077 0.2884615384615386
0 0.9423076923076923 0.3197115384615386 0.8100961538461539 0.3197115384615386 0.8100961538461539 0.41105769230769246 0.9423076923076923 0.41105769230769246
0 0.9326923076923077 0.09134615384615395 0.8245192307692307 0.09134615384615395 0.8245192307692307 0.16826923076923087 0.9326923076923077 0.1682692307692309
0 0.8293269230769231 0.09615384615384626 0.7548076923076923 0.09615384615384626 0.7548076923076923 0.18269230769230776 0.8293269230769231 0.18269230769230776
0 0.6378424663461538 0.07812500000000006 0.37967252719868366 0.042787989556538134 0.3702910961538461 0.11132812500000003 0.6284610353013161 0.14666513544346194
2 0.9845084123947275 0.028210131568306165 0.11779354040049142 0.00175932370682215 0.09203767067307701 0.8457031250000001 0.9587525426673131 0.8721539328614841