0 0.9302884615384616 0.1129807692307693 0.17067307692307693 0.11298076923076926 0.17067307692307693 0.21153846153846162 0.9302884615384616 0.21153846153846168
0 0.7572115384615384 0.22115384615384623 0.47596153846153844 0.22115384615384623 0.47596153846153844 0.3149038461538462 0.7572115384615384 0.3149038461538463
0 0.7355769230769231 0.3052884615384616 0.46634615384615385 0.3052884615384616 0.46634615384615385 0.37019230769230776 0.7355769230769231 0.3701923076923078
0 0.7980769230769231 0.3774038461538462 0.47115384615384615 0.37740384615384615 0.47115384615384615 0.4783653846153847 0.7980769230769231 0.47836538461538475
0 0.7620192307692307 0.4735576923076924 0.45913461538461536 0.4735576923076923 0.4591346153846155 0.5745192307692308 0.7620192307692307 0.574519230769231
0 0.75 0.5745192307692308 0.4615384615384617 0.5745192307692307 0.4615384615384617 0.6923076923076923 0.75 0.6923076923076923
0 0.7524038461538461 0.6923076923076923 0.4567307692307694 0.6923076923076923 0.4567307692307694 0.7596153846153846 0.7524038461538461 0.7596153846153846
0 0.5889423076923078 0.7451923076923077 0.4639423076923078 0.7451923076923077 0.4639423076923078 0.8173076923076923 0.5889423076923078 0.8173076923076923
0 0.21875000000000003 0.21875 0.1370192307692308 0.21875 0.1370192307692308 0.28846153846153844 0.21875000000000006 0.28846153846153844
0 0.36538461538461536 0.2211538461538462 0.25961538461538464 0.22115384615384615 0.25961538461538464 0.3004807692307693 0.36538461538461536 0.3004807692307693
0 0.24278846153846156 0.27884615384615385 0.16105769230769232 0.27884615384615385 0.16105769230769235 0.3293269230769231 0.24278846153846162 0.3293269230769231
0 0.3004807692307693 0.33653846153846156 0.1754807692307693 0.33653846153846156 0.1754807692307693 0.38461538461538464 0.3004807692307693 0.38461538461538464
0 0.29807692307692313 0.3870192307692308 0.13942307692307696 0.3870192307692308 0.13942307692307698 0.7716346153846154 0.29807692307692313 0.7716346153846154
0 0.4014423076923077 0.38461538461538464 0.3173076923076923 0.38461538461538464 0.3173076923076923 0.44471153846153844 0.4014423076923077 0.44471153846153844
2 1 0.061507935096153904 0.04006410336538467 0.06150793509615385 0.040064103365384726 0.9563492067307693 1 0.9563492067307693