2 0.9909090889423078 0.9436648365384618 0.9676469923092957 0.019961872207778727 -0.001443913940704341 0.04436699720777856 0.021818182692307696 0.9680699615384617
0 0.620277004375763 0.27224357253294235 0.6150591810624056 0.19940196061026524 0.2420549050520272 0.22612117173116916 0.2472727283653846 0.29896278365384626
0 0.7169922039207604 0.3273865641418529 0.7124566556034863 0.26904278220140343 0.24091899735580286 0.3056993334441659 0.24545454567307695 0.36404311538461537
0 0.61044060522128 0.38786138204446874 0.6072727283653846 0.33150294951923076 0.23501394045179697 0.35242741362860824 0.2381818173076923 0.4087858461538462
0 0.45219956639560377 0.4510317053075606 0.4462313088560822 0.3875377970497691 0.2249408314027862 0.4083385100114393 0.23090908894230772 0.4718324182692308
0 0.5443311185023448 0.5018297113273592 0.5418181826923077 0.4535285745192308 0.21930524688227063 0.47030777184571776 0.22181818269230769 0.5186089086538461
0 0.44575496311746315 0.5670995456091636 0.44076014960216153 0.505576762351462 0.21136882350392908 0.5242002191461445 0.21636363701923075 0.5857230024038462
0 0.43956134933344526 0.6200772961409158 0.4363294890530364 0.5730232626828919 0.22181818269230774 0.5877567620192308 0.2250500429727166 0.6348107954772545
0 0.4417109925719167 0.6823386094819911 0.4350604997891365 0.6228832059476704 0.22181818269230769 0.6467358149038464 0.2284686754750879 0.706191218438167
0 0.5244863026660187 0.7564678838754518 0.5236363629807692 0.6975798245192307 0.2217636532829722 0.7019367960117686 0.22261359296822164 0.7608248553679898
0 0.7318210425100478 0.7360236973717552 0.7288092513213703 0.6666907508624843 0.5327272716346154 0.6752084615384617 0.5357390628232928 0.7445414080477326
0 0.9065053338775968 0.3500756347289234 0.7654545456730768 0.2765914182692309 0.7444037574685569 0.31699778594415395 0.8854545456730769 0.39048200240384645
0 0.9664770333429503 0.49756135817619235 0.7399419450505993 0.35180319918566993 0.6989194573807258 0.4155597184133238 0.9254545456730768 0.5613178774038462
0 0.9603682748388814 0.5936490005943987 0.715250896529056 0.4046306173649817 0.6821553500555593 0.44754863119365995 0.9272727283653845 0.6365670144230771
0 0.9409036527956923 0.6768980787508018 0.6884655889423075 0.43636135576923085 0.6493801188389229 0.4773807073068908 0.9018181826923075 0.7179174302884618
0 0.8844454734176559 0.6921005048621436 0.6981818173076924 0.4921700216346154 0.6573727068708054 0.5301895071570873 0.843636362980769 0.7301199903846154
0 0.42000000000000015 0.7810034927884615 0.23454545432692314 0.7810034927884615 0.23454545432692317 0.8602806610576923 0.42000000000000015 0.8602806610576923
0 0.7042769861144349 0.8326229870694569 0.697392889502772 0.7673865246373501 0.5894795404075678 0.778774112087124 0.5963636370192308 0.8440105745192308
0 0.8083168062302565 0.17681726170488915 0.805454545673077 0.06508033413461539 0.08622865050051289 0.08350407242972639 0.0890909110576923 0.19524100000000016