1 0.3221153846153847 1.987107186116499e-17 0.002403846153846154 2.9438624979503682e-19 0.002403846153846215 1 0.32211538461538475 1
0 0.9134615384615384 0.2139423076923078 0.6033653846153846 0.21394230769230776 0.6033653846153846 0.3052884615384616 0.9134615384615384 0.3052884615384617
0 0.8581730769230769 0.29567307692307704 0.6105769230769231 0.295673076923077 0.6105769230769231 0.3750000000000001 0.8581730769230769 0.3750000000000001
0 0.8557692307692307 0.36538461538461553 0.6201923076923077 0.36538461538461553 0.6201923076923077 0.45192307692307704 0.8557692307692307 0.45192307692307704
0 0.9399038461538461 0.44230769230769246 0.6105769230769231 0.44230769230769246 0.6105769230769231 0.5384615384615385 0.9399038461538461 0.5384615384615385
0 0.6081730769230769 0.5264423076923078 0.6057692307692307 0.5264423076923078 0.6057692307692307 0.528846153846154 0.6081730769230769 0.528846153846154
0 0.9267150172614892 0.8396172009648558 0.599330358173077 0.7024793389423076 0.5682131521150919 0.7767644105252549 0.8955978112035041 0.9139022725478031
0 0.9649896622186996 0.7374831805724654 0.605949701923077 0.6091971201923078 0.5706475397043772 0.7079988675044575 0.9296875 0.8362849278846153
0 0.911830358173077 0.5844155841346155 0.6147397542337425 0.5225153918050153 0.5946504681760503 0.6189341249780921 0.8917410721153847 0.6808343173076923
0 0.7657907978511956 0.11165039261483052 0.7620778572252705 0.03734102992028941 0.4761977733163826 0.05162531038238198 0.47991071394230767 0.1259346730769231
0 0.5725446418269231 0.11609602403846161 0.5055803581730769 0.11609602403846161 0.5055803581730769 0.17119244471153855 0.5725446418269231 0.17119244471153855
0 0.6430829964889176 0.1261104934006903 0.576433492036434 0.1177098829093135 0.5697719730180604 0.1705616300449706 0.636421477470544 0.17896224053634743
0 0.5401785721153846 0.17709562980769236 0.2620441646545482 0.15699830720814162 0.2576303891130636 0.21808220725577288 0.5357647965739 0.23817952985532362
0 0.525018302840343 0.2485683830560878 0.2623350793269231 0.22843216826923077 0.2566562783340029 0.3025139043999536 0.5193395018474228 0.32265011918681064
0 0.5412946418269231 0.31286894951923083 0.25893014938952913 0.2950892079890562 0.25469883425341716 0.3622877748930368 0.5370633266908111 0.3800675164232115
0 0.5765996549292894 0.40592590113076416 0.2598341192836523 0.3440936681846422 0.24441964182692313 0.42306178846153847 0.5611851774725601 0.48489402140766036
0 0.5613839278846154 0.4879968509615385 0.44866071394230767 0.46635182932692315 0.4367940781014851 0.5281510436331499 0.5495172920437927 0.5497960652677653
0 0.5650961202228317 0.5476621094076768 0.42299107211538467 0.5234159783653847 0.4136985239399372 0.5778790183947143 0.5558035720473844 0.6021251494370063
0 0.5583424086661801 0.6048372684329018 0.42032237272852807 0.5833026588704763 0.406622822235425 0.6711060827452668 0.544642858173077 0.6926406923076924
0 0.5201418472009638 0.6869201412986273 0.4205945530653622 0.6630853983228917 0.4060330640374754 0.7239023676011875 0.505580358173077 0.7477371105769232
0 0.30361899590601216 0.5985978980970967 0.25111607211538467 0.5922865024038462 0.24548814832475727 0.6391037942105958 0.2979910721153847 0.6454151899038464
2 0.997767858173077 0.0039354567307693525 0.1361607139423077 0.0039354567307693005 0.13616071394230775 0.9937032668269231 0.997767858173077 0.9937032668269231