0 0.795626764423077 0.2315017596153847 0.7138083625053954 0.22361079334971848 0.6532934666617511 0.8510665324123536 0.7351118685794328 0.85895749867802
0 0.6983100336538463 0.3360316153846155 0.6443066150890762 0.3315128186931863 0.6002888637807836 0.8575619442691029 0.6542922823455537 0.8620807409605321
0 0.5854032067307693 0.8740853846153848 0.5688019615384616 0.2729784254807692 0.5030639941336097 0.2747939627969617 0.5196652393259173 0.8759009219315772
0 0.508839639423077 0.8815062860576923 0.46784010096153844 0.3988348798076923 0.38399516655991495 0.4059569168048954 0.4249947050214535 0.8886283230548954
0 0.8047471322115384 0.0526920000000001 0.7283628811522898 0.05175090352509662 0.726522639423077 0.20111442788461545 0.8029068904823256 0.20205552435951896
0 0.7262200072115387 0.06673873317307702 0.6750957200060852 0.06203192294597461 0.6658931033653845 0.1619886225961539 0.717017390570838 0.1666954328232563
0 0.6610739711538461 0.21255087259615385 0.6587053149038462 0.14472141586538456 0.5973220002574451 0.14686496792802348 0.5996906565074451 0.21469442465879274
0 0.6650828990384616 0.013078045673077004 0.6257291628531425 0.012514608739110235 0.6244018774038461 0.10522000000000009 0.6637556135891652 0.10578343693396684
0 0.39663461538461536 0.04807692307692312 0.32211538461538464 0.048076923076923114 0.32211538461538464 0.2548076923076924 0.39663461538461536 0.2548076923076924
0 0.3269230769230769 0.09375000000000003 0.25961538461538464 0.09375000000000003 0.25961538461538464 0.23317307692307696 0.3269230769230769 0.23317307692307698
2 1.013026064269357 0.860297672868376 0.8821304038278843 -0.07450865125888086 0.0017031778846153844 0.048772610576923066 0.13259883832608793 0.9835789347041799