0 0.31730769230769246 0.7932692307692307 0.2163461538461539 0.7932692307692307 0.21634615384615394 0.9134615384615384 0.31730769230769246 0.9134615384615384
0 0.3870192307692309 0.7740384615384616 0.3125000000000001 0.7740384615384616 0.3125000000000001 0.9134615384615384 0.3870192307692309 0.9134615384615384
0 0.44230769230769246 0.7668269230769231 0.37259615384615397 0.7668269230769231 0.37259615384615397 0.90625 0.44230769230769246 0.90625
0 0.4879807692307694 0.7716346153846154 0.4326923076923078 0.7716346153846154 0.4326923076923078 0.9182692307692307 0.4879807692307694 0.9182692307692307
0 0.5504807692307694 0.7524038461538461 0.47355769230769246 0.7524038461538461 0.47355769230769246 0.9182692307692307 0.5504807692307694 0.9182692307692307
0 0.3413461538461539 0.34615384615384615 0.20432692307692316 0.34615384615384615 0.20432692307692316 0.6995192307692307 0.34134615384615397 0.6995192307692307
0 0.46875000000000006 0.5552884615384616 0.3557692307692308 0.5552884615384616 0.35576923076923084 0.6850961538461539 0.4687500000000001 0.6850961538461539
0 0.5817307692307693 0.5120192307692308 0.46634615384615385 0.5120192307692307 0.4663461538461539 0.6971153846153846 0.5817307692307694 0.6971153846153846
0 0.7067307692307693 0.5096153846153848 0.5889423076923077 0.5096153846153848 0.5889423076923077 0.7139423076923077 0.7067307692307693 0.7139423076923077
0 0.7956730769230769 0.6322115384615384 0.6947115384615384 0.6322115384615384 0.6947115384615384 0.7163461538461539 0.7956730769230769 0.7163461538461539
0 0.44711538461538464 0.25721153846153855 0.34615384615384615 0.25721153846153855 0.34615384615384615 0.44471153846153844 0.44711538461538464 0.44471153846153844
0 0.5216346153846154 0.2596153846153847 0.43509615384615385 0.2596153846153847 0.43509615384615385 0.45913461538461536 0.5216346153846154 0.45913461538461536
0 0.5673076923076923 0.38701923076923084 0.5 0.3870192307692308 0.5 0.4471153846153847 0.5673076923076923 0.44711538461538475
0 0.6634615384615384 0.2163461538461539 0.5769230769230769 0.2163461538461539 0.5769230769230769 0.45432692307692324 0.6634615384615384 0.45432692307692324
0 0.7163461538461539 0.3197115384615386 0.6442307692307693 0.3197115384615386 0.6442307692307693 0.4687500000000001 0.7163461538461539 0.4687500000000001
0 0.31009615384615385 0.08413461538461542 0.22115384615384615 0.08413461538461542 0.22115384615384615 0.22836538461538464 0.31009615384615385 0.2283653846153847
0 0.3701923076923077 0.1538461538461539 0.30288461538461536 0.1538461538461539 0.30288461538461536 0.21153846153846162 0.3701923076923077 0.21153846153846162
0 0.4254807692307692 0.08653846153846159 0.3629807692307692 0.08653846153846158 0.3629807692307692 0.22115384615384623 0.4254807692307692 0.22115384615384623
0 0.4807692307692308 0.06730769230769236 0.4206730769230769 0.06730769230769236 0.4206730769230769 0.22355769230769237 0.4807692307692308 0.22355769230769237
0 0.5192307692307693 0.08894230769230776 0.46875 0.08894230769230776 0.46875 0.2163461538461539 0.5192307692307693 0.2163461538461539
0 0.5528846153846154 0.12980769230769237 0.5096153846153846 0.12980769230769237 0.5096153846153846 0.1971153846153847 0.5528846153846154 0.1971153846153847
0 0.6225961538461539 0.1129807692307693 0.5456730769230769 0.1129807692307693 0.5456730769230769 0.22596153846153852 0.6225961538461539 0.22596153846153852
2 0.907372841346154 0.07339060096153857 0.1168511359264106 -0.00889519306294442 0.01774727884615397 0.9431980697115386 0.8082689842658973 1.0254838637360217