0 0.7115384615384616 0.09855769230769239 0.6225961538461539 0.09855769230769237 0.6225961538461539 0.22355769230769237 0.7115384615384616 0.22355769230769237
0 0.6129807692307693 0.09375000000000007 0.5528846153846154 0.09375000000000007 0.5528846153846154 0.2524038461538462 0.6129807692307693 0.2524038461538462
0 0.5504807692307693 0.09855769230769237 0.49278846153846156 0.09855769230769237 0.49278846153846156 0.24519230769230776 0.5504807692307693 0.24519230769230776
0 0.5048076923076923 0.08894230769230776 0.44711538461538464 0.08894230769230776 0.44711538461538464 0.24519230769230776 0.5048076923076923 0.24519230769230776
0 0.46153846153846156 0.08653846153846159 0.38221153846153844 0.08653846153846158 0.38221153846153844 0.2524038461538462 0.46153846153846156 0.2524038461538462
0 0.7355769230769231 0.3149038461538463 0.6153846153846154 0.3149038461538463 0.6153846153846154 0.6802884615384616 0.7355769230769231 0.6802884615384616
0 0.5961538461538461 0.32932692307692313 0.4831730769230769 0.3293269230769231 0.4831730769230769 0.4711538461538462 0.5961538461538461 0.4711538461538463
0 0.4807692307692308 0.3173076923076923 0.3798076923076923 0.3173076923076923 0.3798076923076923 0.5072115384615384 0.4807692307692308 0.5072115384615384
0 0.3581730769230769 0.3028846153846154 0.25000000000000006 0.30288461538461536 0.25000000000000006 0.5072115384615384 0.3581730769230769 0.5072115384615384
0 0.2548076923076924 0.29086538461538464 0.14903846153846156 0.29086538461538464 0.14903846153846156 0.3701923076923077 0.2548076923076924 0.3701923076923077
0 0.6177884615384616 0.5721153846153847 0.528846153846154 0.5721153846153846 0.528846153846154 0.7644230769230769 0.6177884615384616 0.7644230769230769
0 0.5216346153846154 0.5504807692307693 0.4423076923076923 0.5504807692307693 0.4423076923076924 0.7572115384615384 0.5216346153846155 0.7572115384615384
0 0.45913461538461553 0.5673076923076923 0.39663461538461553 0.5673076923076923 0.39663461538461553 0.6370192307692307 0.45913461538461553 0.6370192307692307
0 0.38221153846153855 0.5480769230769231 0.3076923076923077 0.5480769230769231 0.30769230769230776 0.7908653846153846 0.3822115384615386 0.7908653846153846
0 0.3125000000000001 0.5649038461538461 0.23557692307692316 0.5649038461538461 0.23557692307692316 0.6923076923076923 0.3125000000000001 0.6923076923076923
0 0.7548076923076923 0.7932692307692307 0.6706730769230769 0.7932692307692307 0.6706730769230769 0.9375 0.7548076923076923 0.9375
0 0.6778846153846154 0.8028846153846154 0.6033653846153848 0.8028846153846154 0.6033653846153848 0.8774038461538461 0.6778846153846154 0.8774038461538461
0 0.6177884615384616 0.7908653846153846 0.5552884615384617 0.7908653846153846 0.5552884615384617 0.9471153846153846 0.6177884615384616 0.9471153846153846
0 0.5552884615384617 0.8052884615384616 0.5096153846153848 0.8052884615384616 0.5096153846153848 0.9519230769230769 0.5552884615384617 0.9519230769230769
0 0.5096153846153848 0.7956730769230769 0.45913461538461553 0.7956730769230769 0.45913461538461553 0.9302884615384616 0.5096153846153848 0.9302884615384616
0 0.4639423076923078 0.7908653846153846 0.42307692307692324 0.7908653846153846 0.42307692307692324 0.9038461538461539 0.4639423076923078 0.9038461538461539
0 0.4182692307692309 0.7980769230769231 0.3557692307692309 0.7980769230769231 0.3557692307692309 0.9134615384615384 0.4182692307692309 0.9134615384615384
2 0.9147435817307693 0.0757138028846155 0.10982889345258609 0.04062019303930348 0.07040305210643229 0.9448998877508419 0.8753177403846154 0.9799934975961541