0 0.8798076923076923 0.6899038461538461 0.75 0.6899038461538461 0.75 0.7860576923076923 0.8798076923076923 0.7860576923076923
0 0.8870192307692307 0.6177884615384616 0.7259615384615384 0.6177884615384616 0.7259615384615384 0.6899038461538461 0.8870192307692307 0.6899038461538461
0 0.8822115384615384 0.560096153846154 0.7355769230769231 0.560096153846154 0.7355769230769231 0.625 0.8822115384615384 0.625
0 0.8966346153846154 0.512019230769231 0.7355769230769231 0.512019230769231 0.7355769230769231 0.5817307692307694 0.8966346153846154 0.5817307692307694
0 0.8990384615384616 0.44711538461538475 0.7307692307692307 0.44711538461538475 0.7307692307692307 0.5360576923076924 0.8990384615384616 0.5360576923076924
0 0.6634615384615384 0.6490384615384616 0.295673076923077 0.6490384615384616 0.295673076923077 0.7956730769230769 0.6634615384615384 0.7956730769230769
0 0.6538461538461539 0.5336538461538463 0.5072115384615384 0.5336538461538461 0.5072115384615385 0.65625 0.6538461538461539 0.65625
0 0.6706730769230769 0.4254807692307693 0.47596153846153844 0.4254807692307692 0.47596153846153844 0.5408653846153847 0.6706730769230769 0.5408653846153848
0 0.6875 0.29807692307692313 0.4807692307692308 0.29807692307692313 0.4807692307692308 0.41826923076923084 0.6875 0.4182692307692309
0 0.7019230769230769 0.2067307692307693 0.6201923076923077 0.2067307692307693 0.6201923076923077 0.3149038461538463 0.7019230769230769 0.3149038461538463
0 0.4086538461538462 0.5576923076923077 0.21394230769230776 0.5576923076923077 0.21394230769230776 0.6586538461538461 0.4086538461538463 0.6586538461538461
0 0.43269230769230776 0.4735576923076923 0.22355769230769237 0.4735576923076923 0.22355769230769237 0.5673076923076923 0.4326923076923078 0.5673076923076923
0 0.4182692307692308 0.43509615384615385 0.34615384615384615 0.43509615384615385 0.34615384615384615 0.5 0.4182692307692308 0.5
0 0.43990384615384615 0.33413461538461536 0.1971153846153847 0.33413461538461536 0.1971153846153847 0.42788461538461536 0.43990384615384615 0.42788461538461536
0 0.42788461538461536 0.2692307692307693 0.2980769230769231 0.2692307692307693 0.29807692307692313 0.3557692307692308 0.42788461538461536 0.3557692307692308
0 0.1850961538461539 0.6875 0.03365384615384624 0.6875 0.03365384615384624 0.7836538461538461 0.1850961538461539 0.7836538461538461
0 0.1754807692307693 0.625 0.09855769230769237 0.625 0.09855769230769239 0.7043269230769231 0.1754807692307693 0.7043269230769231
0 0.18750000000000006 0.5721153846153846 0.03125000000000007 0.5721153846153846 0.03125000000000007 0.6442307692307693 0.18750000000000006 0.6442307692307693
0 0.17788461538461545 0.5264423076923077 0.028846153846153914 0.5264423076923077 0.028846153846153914 0.5817307692307693 0.17788461538461545 0.5817307692307693
0 0.18750000000000006 0.47596153846153844 0.05288461538461543 0.47596153846153844 0.05288461538461545 0.5360576923076923 0.18750000000000006 0.5360576923076923
0 0.19230769230769237 0.4423076923076923 0.0817307692307693 0.4423076923076923 0.0817307692307693 0.49038461538461536 0.19230769230769237 0.49038461538461536
0 0.18990384615384623 0.37259615384615385 0.07211538461538466 0.37259615384615385 0.07211538461538466 0.44471153846153844 0.18990384615384623 0.44471153846153844
2 0.9918092558302061 0.20465779715990823 0.05698819230769232 0.08656686538461539 -0.04393656945890367 0.8854986013957373 0.89088449406361 1.0035895331710303