0 0.3725961538461539 0.3293269230769231 0.25000000000000006 0.3293269230769231 0.25000000000000006 0.6971153846153846 0.37259615384615397 0.6971153846153846
0 0.31009615384615385 0.06009615384615388 0.2283653846153846 0.06009615384615388 0.2283653846153846 0.2211538461538462 0.31009615384615385 0.22115384615384623
0 0.37740384615384615 0.1274038461538462 0.3004807692307692 0.1274038461538462 0.3004807692307692 0.20432692307692316 0.37740384615384615 0.20432692307692316
0 0.42788461538461536 0.05528846153846159 0.3629807692307692 0.05528846153846159 0.3629807692307692 0.20432692307692316 0.42788461538461536 0.20432692307692316
0 0.4735576923076923 0.03365384615384621 0.4230769230769231 0.03365384615384621 0.4230769230769231 0.19230769230769237 0.4735576923076923 0.19230769230769237
0 0.5192307692307693 0.05288461538461545 0.4735576923076923 0.05288461538461543 0.4735576923076923 0.1971153846153847 0.5192307692307693 0.1971153846153847
0 0.38942307692307704 0.7860576923076923 0.295673076923077 0.7860576923076923 0.29567307692307704 0.9110576923076923 0.38942307692307704 0.9110576923076923
0 0.4447115384615386 0.7668269230769231 0.38461538461538475 0.7668269230769231 0.38461538461538475 0.9014423076923077 0.4447115384615386 0.9014423076923077
0 0.5072115384615385 0.75 0.44711538461538475 0.75 0.44711538461538475 0.9038461538461539 0.5072115384615385 0.9038461538461539
0 0.5576923076923078 0.7548076923076923 0.5024038461538463 0.7548076923076923 0.5024038461538463 0.8966346153846154 0.5576923076923078 0.8966346153846154
0 0.6177884615384616 0.7259615384615384 0.5552884615384617 0.7259615384615384 0.5552884615384617 0.9014423076923077 0.6177884615384616 0.9014423076923077
0 0.5120192307692308 0.53125 0.4014423076923077 0.53125 0.40144230769230776 0.6730769230769231 0.512019230769231 0.6730769230769231
0 0.6346153846153846 0.48076923076923084 0.5288461538461539 0.4807692307692308 0.528846153846154 0.6730769230769231 0.6346153846153846 0.6730769230769231
0 0.75 0.46634615384615397 0.6490384615384616 0.46634615384615397 0.6490384615384616 0.6754807692307693 0.75 0.6754807692307693
0 0.8629807692307693 0.591346153846154 0.75 0.591346153846154 0.75 0.6802884615384616 0.8629807692307693 0.6802884615384616
0 0.45913461538461536 0.23317307692307698 0.37740384615384615 0.23317307692307698 0.37740384615384615 0.43028846153846156 0.45913461538461536 0.43028846153846156
0 0.5865384615384616 0.22115384615384623 0.47115384615384615 0.22115384615384623 0.47115384615384615 0.4399038461538462 0.5865384615384616 0.4399038461538463
0 0.7427884615384616 0.1754807692307693 0.6177884615384616 0.1754807692307693 0.6177884615384616 0.4182692307692309 0.7427884615384616 0.4182692307692309
0 0.5552884615384616 0.0865384615384616 0.5168269230769231 0.0865384615384616 0.5168269230769231 0.18750000000000006 0.5552884615384616 0.18750000000000006
0 0.6298076923076923 0.060096153846153924 0.5600961538461539 0.06009615384615392 0.5600961538461539 0.18269230769230776 0.6298076923076923 0.18269230769230776
2 0.9156751778846155 0.0072945913461539575 0.09435938778150191 -0.00808539984625347 0.07618715865384626 0.962340300480769 0.8975029487569598 0.9777202916731765