0 0.7716346153846154 0.3461538461538463 0.6322115384615384 0.3461538461538463 0.6322115384615384 0.7259615384615384 0.7716346153846154 0.7259615384615384
0 0.6129807692307693 0.5480769230769231 0.5048076923076923 0.5480769230769231 0.5048076923076924 0.7067307692307693 0.6129807692307694 0.7067307692307693
0 0.4927884615384616 0.4879807692307692 0.38221153846153844 0.4879807692307692 0.38221153846153855 0.7067307692307693 0.4927884615384617 0.7067307692307693
0 0.3677884615384616 0.4831730769230769 0.2524038461538462 0.4831730769230769 0.2524038461538462 0.7163461538461539 0.3677884615384617 0.7163461538461539
0 0.25000000000000006 0.6274038461538461 0.13221153846153852 0.6274038461538461 0.13221153846153855 0.7211538461538461 0.25000000000000006 0.7211538461538461
1 0.6298076923076923 0.19230769230769235 0.0024038461538461774 0.19230769230769232 0.0024038461538461913 0.41826923076923084 0.6298076923076923 0.4182692307692309
0 0.43990384615384615 0.09375000000000006 0.3918269230769231 0.09375000000000003 0.3918269230769231 0.2067307692307693 0.43990384615384615 0.2067307692307693
0 0.4879807692307692 0.1129807692307693 0.44711538461538464 0.1129807692307693 0.44711538461538464 0.2067307692307693 0.4879807692307692 0.2067307692307693
0 0.5240384615384616 0.08413461538461545 0.4831730769230769 0.08413461538461545 0.4831730769230769 0.2163461538461539 0.5240384615384616 0.2163461538461539
0 0.5721153846153846 0.06490384615384623 0.5264423076923077 0.06490384615384623 0.5264423076923077 0.21153846153846162 0.5721153846153846 0.21153846153846162
0 0.625 0.0865384615384616 0.5745192307692307 0.0865384615384616 0.5745192307692307 0.21394230769230776 0.625 0.21394230769230776
0 0.6923076923076923 0.1538461538461539 0.6298076923076923 0.1538461538461539 0.6298076923076923 0.21875000000000006 0.6923076923076923 0.21875000000000006
0 0.7692307692307693 0.09855769230769239 0.6947115384615384 0.09855769230769237 0.6947115384615384 0.2379807692307693 0.7692307692307693 0.2379807692307693
0 0.7331730769230769 0.8245192307692307 0.6586538461538461 0.8245192307692307 0.6586538461538461 0.9663461538461539 0.7331730769230769 0.9663461538461539
0 0.6538461538461539 0.8100961538461539 0.5865384615384617 0.8100961538461539 0.5865384615384617 0.9639423076923077 0.6538461538461539 0.9639423076923077
0 0.5769230769230771 0.7932692307692307 0.5168269230769232 0.7932692307692307 0.5168269230769232 0.9663461538461539 0.5769230769230771 0.9663461538461539
0 0.5144230769230771 0.7956730769230769 0.45913461538461553 0.7956730769230769 0.45913461538461553 0.9711538461538461 0.5144230769230771 0.9711538461538461
2 0.9650801826923078 0.03742260336538468 0.08763550721153852 0.037422603365384624 0.0876355072115386 1 0.9650801826923078 1