0 0.8341346153846154 0.31730769230769246 0.6754807692307693 0.31730769230769246 0.6754807692307693 0.6850961538461539 0.8341346153846154 0.6850961538461539
0 0.6802884615384616 0.5264423076923077 0.5552884615384616 0.5264423076923077 0.5552884615384616 0.6802884615384616 0.6802884615384616 0.6802884615384616
0 0.560096153846154 0.4879807692307693 0.44471153846153844 0.4879807692307692 0.44471153846153855 0.7067307692307693 0.560096153846154 0.7067307692307693
0 0.44471153846153855 0.5336538461538461 0.3173076923076923 0.5336538461538461 0.3173076923076924 0.7235576923076923 0.4447115384615386 0.7235576923076923
0 0.32692307692307704 0.6418269230769231 0.22115384615384623 0.6418269230769231 0.22115384615384623 0.7355769230769231 0.32692307692307704 0.7355769230769231
0 0.6706730769230769 0.20913461538461545 0.5865384615384616 0.20913461538461545 0.5865384615384616 0.38461538461538475 0.6706730769230769 0.38461538461538475
0 0.5841346153846154 0.28125000000000006 0.49759615384615385 0.28125000000000006 0.49759615384615385 0.4086538461538462 0.5841346153846154 0.4086538461538463
1 0.7259615384615384 0.28125000000000006 0.04086538461538465 0.28125 0.040865384615384664 0.6105769230769231 0.7259615384615384 0.6105769230769232
0 0.46153846153846156 0.045673076923076976 0.40865384615384615 0.045673076923076976 0.40865384615384615 0.1971153846153847 0.46153846153846156 0.1971153846153847
0 0.5144230769230769 0.076923076923077 0.4639423076923077 0.076923076923077 0.4639423076923077 0.1971153846153847 0.5144230769230769 0.1971153846153847
0 0.5576923076923077 0.03125000000000006 0.5 0.03125000000000006 0.5 0.18990384615384623 0.5576923076923077 0.18990384615384623
0 0.6129807692307693 0.009615384615384689 0.5504807692307693 0.009615384615384684 0.5504807692307693 0.18269230769230776 0.6129807692307693 0.18269230769230776
0 0.6754807692307693 0.016826923076923152 0.6057692307692307 0.01682692307692315 0.6057692307692307 0.18990384615384623 0.6754807692307693 0.18990384615384623
0 0.7355769230769231 0.09855769230769239 0.6634615384615384 0.09855769230769237 0.6634615384615384 0.1754807692307693 0.7355769230769231 0.1754807692307693
0 0.8197115384615384 0.012019230769230865 0.7283653846153846 0.012019230769230858 0.7283653846153846 0.19471153846153852 0.8197115384615384 0.19471153846153852
2 1.0047932340076788 0.9005785923671371 0.9413255441997284 -0.02830366297144682 0.07405436160195884 0.03095433025658176 0.13752205140990942 0.9598365855951656
0 0.7716346153846154 0.7716346153846154 0.6971153846153846 0.7716346153846154 0.6971153846153846 0.8846153846153846 0.7716346153846154 0.8846153846153846
0 0.6947115384615384 0.7644230769230769 0.6298076923076923 0.7644230769230769 0.6298076923076923 0.8894230769230769 0.6947115384615384 0.8894230769230769
0 0.6346153846153846 0.7572115384615384 0.5769230769230771 0.7572115384615384 0.5769230769230771 0.9014423076923077 0.6346153846153846 0.9014423076923077
0 0.5889423076923078 0.7668269230769231 0.5192307692307694 0.7668269230769231 0.5192307692307694 0.90625 0.5889423076923078 0.90625