0 0.7740384615384616 0.28125000000000006 0.6153846153846154 0.28125000000000006 0.6153846153846154 0.65625 0.7740384615384616 0.65625
0 0.59375 0.29807692307692313 0.46875 0.29807692307692313 0.46875 0.4423076923076924 0.59375 0.44230769230769246
0 0.45913461538461536 0.2908653846153847 0.35336538461538464 0.2908653846153847 0.35336538461538464 0.4831730769230769 0.45913461538461536 0.4831730769230769
0 0.34375 0.27884615384615385 0.20432692307692307 0.27884615384615385 0.2043269230769231 0.49038461538461536 0.34375 0.49038461538461536
0 0.21153846153846156 0.27403846153846156 0.08653846153846158 0.27403846153846156 0.08653846153846158 0.35096153846153844 0.21153846153846162 0.35096153846153844
0 0.608173076923077 0.5528846153846154 0.5096153846153846 0.5528846153846154 0.5096153846153847 0.7548076923076923 0.6081730769230771 0.7548076923076923
0 0.5048076923076924 0.5360576923076923 0.36538461538461536 0.5360576923076923 0.3653846153846155 0.7427884615384616 0.5048076923076924 0.7427884615384616
0 0.35576923076923084 0.5528846153846154 0.2692307692307693 0.5528846153846154 0.2692307692307693 0.7884615384615384 0.3557692307692309 0.7884615384615384
0 0.2836538461538462 0.5408653846153846 0.19951923076923084 0.5408653846153846 0.19951923076923084 0.6947115384615384 0.2836538461538462 0.6947115384615384
0 0.7427884615384616 0.7764423076923077 0.6514423076923077 0.7764423076923077 0.6514423076923077 0.9302884615384616 0.7427884615384616 0.9302884615384616
0 0.6706730769230769 0.7980769230769231 0.5937500000000001 0.7980769230769231 0.5937500000000001 0.8605769230769231 0.6706730769230769 0.8605769230769231
0 0.5985576923076924 0.7908653846153846 0.5312500000000001 0.7908653846153846 0.5312500000000001 0.9326923076923077 0.5985576923076924 0.9326923076923077
0 0.5312500000000001 0.7908653846153846 0.4807692307692309 0.7908653846153846 0.4807692307692309 0.9447115384615384 0.5312500000000001 0.9447115384615384
0 0.48557692307692324 0.7836538461538461 0.4302884615384617 0.7836538461538461 0.4302884615384617 0.9278846153846154 0.48557692307692324 0.9278846153846154
0 0.4375000000000001 0.7860576923076923 0.38942307692307704 0.7860576923076923 0.38942307692307704 0.8870192307692307 0.4375000000000001 0.8870192307692307
0 0.38942307692307704 0.7908653846153846 0.3197115384615386 0.7908653846153846 0.3197115384615386 0.9110576923076923 0.38942307692307704 0.9110576923076923
0 0.7043269230769231 0.06250000000000008 0.6225961538461539 0.06250000000000007 0.6225961538461539 0.18750000000000006 0.7043269230769231 0.18750000000000006
0 0.625 0.06490384615384623 0.5552884615384616 0.06490384615384623 0.5552884615384616 0.19951923076923084 0.625 0.19951923076923084
0 0.5528846153846154 0.0600961538461539 0.4879807692307692 0.060096153846153896 0.4879807692307692 0.20913461538461545 0.5528846153846154 0.20913461538461545
0 0.4951923076923077 0.0600961538461539 0.4326923076923077 0.060096153846153896 0.4326923076923077 0.20432692307692316 0.4951923076923077 0.20432692307692316
2 0.9457486850961538 0.023206538461538587 0.08202838637345787 -0.03793160908827185 0.011922646634615508 0.952477045673077 0.8756429453573115 1.0136151932228874