1 1 0.6225961538461539 0.3461538461538463 0.6225961538461539 0.3461538461538463 0.8629807692307693 1 0.8629807692307693
0 0.3533653846153847 0.33653846153846156 0.23076923076923084 0.33653846153846156 0.23076923076923084 0.7163461538461539 0.35336538461538475 0.7163461538461539
0 0.5024038461538461 0.3557692307692308 0.3870192307692308 0.3557692307692308 0.3870192307692308 0.5048076923076923 0.5024038461538461 0.5048076923076923
0 0.6201923076923077 0.35576923076923084 0.5096153846153846 0.3557692307692308 0.5096153846153846 0.5576923076923077 0.6201923076923077 0.5576923076923078
0 0.7403846153846154 0.3365384615384617 0.6225961538461539 0.3365384615384617 0.6225961538461539 0.5769230769230771 0.7403846153846154 0.5769230769230771
0 0.8557692307692307 0.3437500000000001 0.7403846153846154 0.3437500000000001 0.7403846153846154 0.43509615384615397 0.8557692307692307 0.43509615384615397
0 0.3605769230769231 0.09375000000000003 0.27884615384615385 0.09375000000000003 0.27884615384615385 0.2307692307692308 0.3605769230769231 0.23076923076923084
0 0.4326923076923077 0.08173076923076929 0.36538461538461536 0.08173076923076926 0.36538461538461536 0.26682692307692313 0.4326923076923077 0.26682692307692313
0 0.4951923076923077 0.0865384615384616 0.4375 0.0865384615384616 0.4375 0.26682692307692313 0.4951923076923077 0.26682692307692313
0 0.5576923076923077 0.08413461538461545 0.49278846153846156 0.08413461538461545 0.49278846153846156 0.26201923076923084 0.5576923076923077 0.26201923076923084
0 0.5961538461538463 0.84375 0.5384615384615385 0.84375 0.5384615384615385 0.9519230769230769 0.5961538461538463 0.9519230769230769
0 0.5408653846153848 0.84375 0.5024038461538463 0.84375 0.5024038461538463 0.9399038461538461 0.5408653846153848 0.9399038461538461
0 0.5024038461538463 0.8365384615384616 0.45913461538461553 0.8365384615384616 0.45913461538461553 0.9591346153846154 0.5024038461538463 0.9591346153846154
0 0.4639423076923078 0.8389423076923077 0.41105769230769246 0.8389423076923077 0.41105769230769246 0.9759615384615384 0.4639423076923078 0.9759615384615384
0 0.4134615384615386 0.8317307692307693 0.3629807692307694 0.8317307692307693 0.3629807692307694 0.9639423076923077 0.4134615384615386 0.9639423076923077
0 0.35817307692307704 0.8293269230769231 0.3028846153846155 0.8293269230769231 0.3028846153846155 0.8966346153846154 0.35817307692307704 0.8966346153846154
0 0.3052884615384616 0.8125 0.24038461538461545 0.8125 0.24038461538461547 0.9615384615384616 0.3052884615384617 0.9615384615384616
2 0.9367371947115384 0.0791782812500001 0.04951362019230769 0.03699593028846154 0.005537397900946761 0.9619500934826537 0.8927609724201774 1.0041324444441921