0 0.7692307692307693 0.3149038461538463 0.6033653846153846 0.3149038461538463 0.6033653846153847 0.6971153846153846 0.7692307692307693 0.6971153846153846
0 0.5889423076923077 0.32451923076923084 0.46153846153846156 0.3245192307692308 0.46153846153846156 0.4735576923076924 0.5889423076923077 0.47355769230769246
0 0.4543269230769231 0.31009615384615385 0.34375 0.31009615384615385 0.34375 0.5072115384615384 0.4543269230769231 0.5072115384615384
0 0.3389423076923077 0.29086538461538464 0.19471153846153852 0.29086538461538464 0.19471153846153852 0.5096153846153846 0.3389423076923077 0.5096153846153846
0 0.20673076923076927 0.27884615384615385 0.07932692307692311 0.27884615384615385 0.07932692307692311 0.3605769230769231 0.2067307692307693 0.3605769230769231
0 0.5985576923076924 0.5817307692307693 0.4951923076923078 0.5817307692307693 0.4951923076923078 0.7860576923076923 0.5985576923076924 0.7860576923076923
0 0.49519230769230776 0.5552884615384616 0.35336538461538464 0.5552884615384616 0.3533653846153847 0.7692307692307693 0.4951923076923078 0.7692307692307693
0 0.3461538461538463 0.5673076923076923 0.2548076923076924 0.5673076923076923 0.2548076923076924 0.8076923076923077 0.3461538461538463 0.8076923076923077
0 0.2740384615384616 0.5528846153846154 0.18750000000000006 0.5528846153846154 0.18750000000000006 0.7115384615384616 0.2740384615384616 0.7115384615384616
0 0.7307692307692307 0.8125 0.6370192307692307 0.8125 0.6370192307692307 0.9711538461538461 0.7307692307692307 0.9711538461538461
0 0.65625 0.8341346153846154 0.5769230769230771 0.8341346153846154 0.5769230769230771 0.8966346153846154 0.65625 0.8966346153846154
0 0.5841346153846155 0.8221153846153846 0.5168269230769232 0.8221153846153846 0.5168269230769232 0.9663461538461539 0.5841346153846155 0.9663461538461539
0 0.5192307692307694 0.8197115384615384 0.4639423076923078 0.8197115384615384 0.4639423076923078 0.9759615384615384 0.5192307692307694 0.9759615384615384
0 0.4711538461538463 0.8076923076923077 0.4134615384615386 0.8076923076923077 0.4134615384615386 0.9543269230769231 0.4711538461538463 0.9543269230769231
0 0.4254807692307694 0.8100961538461539 0.3750000000000001 0.8100961538461539 0.3750000000000001 0.9134615384615384 0.4254807692307694 0.9134615384615384
0 0.3750000000000001 0.8100961538461539 0.3028846153846155 0.8100961538461539 0.3028846153846155 0.9326923076923077 0.3750000000000001 0.9326923076923077
0 0.7043269230769231 0.09615384615384624 0.6201923076923077 0.09615384615384623 0.6201923076923077 0.22355769230769237 0.7043269230769231 0.22355769230769237
0 0.625 0.09375000000000007 0.5528846153846154 0.09375000000000007 0.5528846153846154 0.23076923076923084 0.625 0.23076923076923084
0 0.5504807692307693 0.0865384615384616 0.4831730769230769 0.0865384615384616 0.4831730769230769 0.2379807692307693 0.5504807692307693 0.2379807692307693
0 0.4951923076923077 0.08413461538461545 0.42788461538461536 0.08413461538461545 0.42788461538461536 0.23076923076923084 0.4951923076923077 0.23076923076923084
2 0.9453418269230772 0.07284196153846169 0.08004574365258427 -0.0036284494174199282 -0.0047510507349045345 0.9558842972803798 0.8605450325355884 1.0323547082362614