1 0.8221153846153846 0.32932692307692324 0.6081730769230769 0.32932692307692324 0.608173076923077 0.9855769230769231 0.8221153846153846 0.9855769230769231
0 0.7019230769230769 0.22355769230769237 0.3293269230769231 0.22355769230769237 0.3293269230769231 0.3341346153846155 0.7019230769230769 0.33413461538461553
0 0.4855769230769231 0.37740384615384615 0.34134615384615385 0.37740384615384615 0.34134615384615385 0.4879807692307692 0.4855769230769231 0.4879807692307692
0 0.5336538461538463 0.5 0.33653846153846156 0.5 0.3365384615384616 0.6057692307692307 0.5336538461538463 0.6057692307692307
0 0.5456730769230771 0.6129807692307693 0.3125000000000001 0.6129807692307693 0.3125000000000001 0.7235576923076923 0.5456730769230771 0.7235576923076923
0 0.3990384615384617 0.7331730769230769 0.3149038461538463 0.7331730769230769 0.3149038461538463 0.8461538461538461 0.3990384615384617 0.8461538461538461
0 0.21634615384615388 0.2764423076923077 0.08173076923076926 0.2764423076923077 0.08173076923076926 0.35336538461538464 0.2163461538461539 0.35336538461538464
0 0.25000000000000006 0.36538461538461536 0.06730769230769236 0.36538461538461536 0.06730769230769236 0.4254807692307692 0.25000000000000006 0.4254807692307692
0 0.2475961538461539 0.4375 0.06730769230769236 0.4375 0.06730769230769237 0.49038461538461536 0.2475961538461539 0.49038461538461536
0 0.24038461538461545 0.49278846153846156 0.06490384615384623 0.49278846153846156 0.06490384615384623 0.5528846153846154 0.24038461538461545 0.5528846153846154
0 0.9278846153846154 0.5168269230769232 0.8245192307692307 0.5168269230769232 0.8245192307692307 0.5697115384615385 0.9278846153846154 0.5697115384615385
0 0.9206730769230769 0.47836538461538475 0.8221153846153846 0.47836538461538475 0.8221153846153846 0.5144230769230771 0.9206730769230769 0.5144230769230771
0 0.9399038461538461 0.4375000000000001 0.8197115384615384 0.4375000000000001 0.8197115384615384 0.4759615384615386 0.9399038461538461 0.4759615384615386
0 0.9591346153846154 0.3870192307692309 0.8221153846153846 0.3870192307692309 0.8221153846153846 0.43509615384615397 0.9591346153846154 0.43509615384615397
0 0.9471153846153846 0.3389423076923078 0.8173076923076923 0.3389423076923078 0.8173076923076923 0.3870192307692309 0.9471153846153846 0.3870192307692309
0 0.8822115384615384 0.27884615384615397 0.8173076923076923 0.2788461538461539 0.8173076923076923 0.33413461538461553 0.8822115384615384 0.33413461538461553
0 0.9495192307692307 0.21634615384615394 0.8052884615384616 0.2163461538461539 0.8052884615384616 0.2764423076923078 0.9495192307692307 0.2764423076923078
2 0.9690280608625146 0.9295792464708844 0.963327733256141 0.04252918763543223 0.03501992548076924 0.04849464423076923 0.04072025308714274 0.9355447030662215