0 0.3605769230769231 0.07451923076923081 0.27163461538461536 0.07451923076923081 0.27163461538461536 0.18269230769230774 0.3605769230769231 0.18269230769230776
0 0.41346153846153844 0.0649038461538462 0.35096153846153844 0.0649038461538462 0.35096153846153844 0.20432692307692316 0.41346153846153844 0.20432692307692316
0 0.4639423076923077 0.0649038461538462 0.40625 0.0649038461538462 0.40625 0.2067307692307693 0.4639423076923077 0.2067307692307693
0 0.5048076923076923 0.07211538461538468 0.4519230769230769 0.07211538461538466 0.4519230769230769 0.1971153846153847 0.5048076923076923 0.1971153846153847
0 0.5552884615384616 0.06250000000000007 0.49278846153846156 0.06250000000000007 0.49278846153846156 0.22355769230769237 0.5552884615384616 0.22355769230769237
0 0.3798076923076924 0.2692307692307693 0.2548076923076923 0.2692307692307692 0.25480769230769235 0.6370192307692307 0.37980769230769246 0.6370192307692307
0 0.49038461538461536 0.2860576923076924 0.3894230769230769 0.2860576923076924 0.3894230769230769 0.41346153846153844 0.49038461538461536 0.41346153846153844
0 0.5817307692307693 0.2740384615384616 0.49278846153846156 0.2740384615384616 0.49278846153846156 0.41826923076923084 0.5817307692307693 0.4182692307692309
0 0.6778846153846154 0.26682692307692313 0.6009615384615384 0.26682692307692313 0.6009615384615384 0.3437500000000001 0.6778846153846154 0.3437500000000001
0 0.7836538461538461 0.2596153846153847 0.6971153846153846 0.2596153846153847 0.6971153846153846 0.32932692307692324 0.7836538461538461 0.32932692307692324
0 0.46394230769230776 0.5264423076923077 0.3870192307692308 0.5264423076923077 0.38701923076923084 0.7307692307692307 0.4639423076923078 0.7307692307692307
0 0.5865384615384616 0.5072115384615385 0.46153846153846156 0.5072115384615384 0.4615384615384616 0.7235576923076923 0.5865384615384617 0.7235576923076923
0 0.3437500000000001 0.7620192307692307 0.2596153846153847 0.7620192307692307 0.2596153846153847 0.9302884615384616 0.3437500000000001 0.9302884615384616
0 0.4014423076923078 0.7788461538461539 0.32932692307692324 0.7788461538461539 0.32932692307692324 0.8533653846153846 0.4014423076923078 0.8533653846153846
0 0.4615384615384617 0.78125 0.39663461538461553 0.78125 0.39663461538461553 0.9278846153846154 0.4615384615384617 0.9278846153846154
0 0.5096153846153848 0.7716346153846154 0.45432692307692324 0.7716346153846154 0.45432692307692324 0.9495192307692307 0.5096153846153848 0.9495192307692307
0 0.560096153846154 0.7764423076923077 0.49759615384615397 0.7764423076923077 0.49759615384615397 0.9350961538461539 0.560096153846154 0.9350961538461539
0 0.5937500000000001 0.78125 0.5504807692307694 0.78125 0.5504807692307694 0.8870192307692307 0.5937500000000001 0.8870192307692307
0 0.6658653846153846 0.7788461538461539 0.5937500000000001 0.7788461538461539 0.5937500000000001 0.9110576923076923 0.6658653846153846 0.9110576923076923
1 1 0.2860576923076924 0.3317307692307692 0.2860576923076924 0.3317307692307693 0.5841346153846154 1 0.5841346153846155
2 0.971811875 0.9682054999999999 0.9650227125538344 0.02856556489331154 0.08150269230769232 0.034949245192307694 0.08829185475385794 0.9745891802989962