0 0.6826923076923077 0.7091346153846154 0.5889423076923078 0.7091346153846154 0.5889423076923078 0.8774038461538461 0.6826923076923077 0.8774038461538461
0 0.591346153846154 0.6682692307692307 0.5312500000000001 0.6682692307692307 0.5312500000000001 0.8701923076923077 0.591346153846154 0.8701923076923077
0 0.5336538461538463 0.6682692307692307 0.47355769230769246 0.6682692307692307 0.47355769230769246 0.8677884615384616 0.5336538461538463 0.8677884615384616
0 0.47355769230769246 0.6346153846153846 0.3677884615384617 0.6346153846153846 0.3677884615384617 0.875 0.47355769230769246 0.875
0 0.7403846153846154 0.2379807692307693 0.625 0.2379807692307693 0.625 0.5841346153846155 0.7403846153846154 0.5841346153846155
0 0.6057692307692308 0.41826923076923084 0.5072115384615384 0.4182692307692308 0.5072115384615385 0.5721153846153847 0.605769230769231 0.5721153846153848
0 0.5000000000000001 0.38461538461538464 0.40384615384615385 0.38461538461538464 0.4038461538461539 0.5697115384615384 0.5000000000000001 0.5697115384615384
0 0.39182692307692313 0.36538461538461536 0.295673076923077 0.36538461538461536 0.295673076923077 0.5841346153846154 0.39182692307692324 0.5841346153846154
0 0.28125000000000006 0.5072115384615384 0.19230769230769237 0.5072115384615384 0.19230769230769237 0.5865384615384616 0.28125000000000006 0.5865384615384616
0 0.6442307692307693 0.16826923076923084 0.5769230769230769 0.16826923076923084 0.5769230769230769 0.3317307692307694 0.6442307692307693 0.3317307692307694
0 0.5625 0.17307692307692316 0.46875 0.17307692307692316 0.46875 0.3461538461538462 0.5625 0.3461538461538463
0 0.46875 0.13461538461538466 0.40384615384615385 0.13461538461538464 0.40384615384615385 0.3317307692307692 0.46875 0.3317307692307692
0 0.40865384615384615 0.2163461538461539 0.33653846153846156 0.2163461538461539 0.33653846153846156 0.3245192307692308 0.40865384615384615 0.3245192307692308
0 0.7475961538461539 0.05528846153846163 0.6947115384615384 0.05528846153846163 0.6947115384615384 0.1754807692307693 0.7475961538461539 0.1754807692307693
0 0.7019230769230769 0.10576923076923085 0.6370192307692307 0.10576923076923084 0.6370192307692307 0.14663461538461547 0.7019230769230769 0.14663461538461547
0 0.6538461538461539 0.06250000000000008 0.6129807692307693 0.06250000000000007 0.6129807692307693 0.15865384615384623 0.6538461538461539 0.15865384615384623
0 0.6225961538461539 0.04567307692307699 0.5721153846153846 0.04567307692307699 0.5721153846153846 0.1538461538461539 0.6225961538461539 0.1538461538461539
0 0.5793269230769231 0.055288461538461606 0.5480769230769231 0.055288461538461606 0.5480769230769231 0.15144230769230776 0.5793269230769231 0.15144230769230776
0 0.5504807692307693 0.076923076923077 0.5120192307692307 0.076923076923077 0.5120192307692307 0.16105769230769237 0.5504807692307693 0.16105769230769237
0 0.5168269230769231 0.07451923076923082 0.47115384615384615 0.07451923076923082 0.47115384615384615 0.14903846153846162 0.5168269230769231 0.14903846153846162
2 0.915270928020017 0.043434740477074366 0.03719902036343798 0.03315513045905805 0.026758940901113373 0.9249341447896762 0.9048308485576922 0.9352137548076924