0 0.20432692307692316 0.29086538461538464 0.07692307692307696 0.29086538461538464 0.07692307692307696 0.37740384615384615 0.20432692307692316 0.37740384615384615
0 0.22596153846153852 0.38221153846153844 0.06250000000000006 0.38221153846153844 0.06250000000000006 0.45913461538461536 0.22596153846153852 0.45913461538461536
0 0.23076923076923084 0.4495192307692308 0.07451923076923082 0.4495192307692308 0.07451923076923082 0.5144230769230769 0.23076923076923084 0.5144230769230769
0 0.23317307692307698 0.5144230769230769 0.06730769230769237 0.5144230769230769 0.06730769230769237 0.5697115384615384 0.23317307692307698 0.5697115384615384
0 0.2475961538461539 0.5697115384615384 0.06971153846153853 0.5697115384615384 0.06971153846153853 0.6274038461538461 0.2475961538461539 0.6274038461538461
0 0.6875 0.25000000000000006 0.31971153846153844 0.25000000000000006 0.31971153846153844 0.3942307692307693 0.6875 0.3942307692307694
0 0.4807692307692308 0.41346153846153844 0.33413461538461536 0.41346153846153844 0.33413461538461536 0.5120192307692307 0.4807692307692308 0.5120192307692307
0 0.5240384615384616 0.5288461538461539 0.35336538461538464 0.5288461538461539 0.3533653846153847 0.625 0.5240384615384617 0.625
0 0.528846153846154 0.6538461538461539 0.31009615384615397 0.6538461538461539 0.31009615384615397 0.7764423076923077 0.528846153846154 0.7764423076923077
0 0.9326923076923077 0.24038461538461547 0.7980769230769231 0.24038461538461545 0.7980769230769231 0.3052884615384616 0.9326923076923077 0.3052884615384617
0 0.8846153846153846 0.3076923076923078 0.8221153846153846 0.3076923076923078 0.8221153846153846 0.3750000000000001 0.8846153846153846 0.3750000000000001
0 0.9447115384615384 0.3750000000000001 0.8197115384615384 0.3750000000000001 0.8197115384615384 0.42307692307692324 0.9447115384615384 0.42307692307692324
0 0.9591346153846154 0.4302884615384617 0.8004807692307693 0.4302884615384617 0.8004807692307693 0.46634615384615397 0.9591346153846154 0.46634615384615397
0 0.9471153846153846 0.4711538461538463 0.8028846153846154 0.4711538461538463 0.8028846153846154 0.5216346153846155 0.9471153846153846 0.5216346153846155
0 0.9110576923076923 0.5216346153846155 0.8052884615384616 0.5216346153846155 0.8052884615384616 0.5576923076923078 0.9110576923076923 0.5576923076923078
0 0.9206730769230769 0.5649038461538463 0.8197115384615384 0.5649038461538463 0.8197115384615384 0.6225961538461539 0.9206730769230769 0.6225961538461539
1 0.3966346153846155 0.4543269230769231 0.1129807692307693 0.4543269230769231 0.11298076923076933 1 0.39663461538461553 1
2 0.9787761116404513 0.061420256443178764 0.034203625 0.05044390625 0.023793695082630448 0.94627295823427 0.9683661817230818 0.9572493084274488