1 0.6754807692307693 0.7355769230769231 9.008219243728127e-17 0.7355769230769231 1.062734361760083e-16 1 0.6754807692307693 1
0 0.6802884615384616 0.8653846153846154 0.605769230769231 0.8653846153846154 0.605769230769231 0.9807692307692307 0.6802884615384616 0.9807692307692307
0 0.6201923076923077 0.9038461538461539 0.5528846153846155 0.9038461538461539 0.5528846153846155 0.9831730769230769 0.6201923076923077 0.9831730769230769
0 0.5552884615384617 0.9038461538461539 0.49759615384615397 0.9038461538461539 0.49759615384615397 0.96875 0.5552884615384617 0.96875
0 0.4927884615384617 0.8990384615384616 0.44711538461538475 0.8990384615384616 0.44711538461538475 0.9783653846153846 0.4927884615384617 0.9783653846153846
0 0.4639423076923078 0.8076923076923077 0.41586538461538475 0.8076923076923077 0.41586538461538475 0.9711538461538461 0.4639423076923078 0.9711538461538461
0 0.7475961538461539 0.42067307692307704 0.6033653846153846 0.42067307692307704 0.6033653846153847 0.7716346153846154 0.7475961538461539 0.7716346153846154
0 0.6105769230769232 0.6153846153846154 0.4927884615384617 0.6153846153846154 0.4927884615384617 0.7716346153846154 0.6105769230769232 0.7716346153846154
0 0.6442307692307693 0.108173076923077 0.5745192307692307 0.108173076923077 0.5745192307692307 0.2716346153846155 0.6442307692307693 0.2716346153846155
0 0.5889423076923077 0.09134615384615391 0.5288461538461539 0.09134615384615391 0.5288461538461539 0.2740384615384616 0.5889423076923077 0.2740384615384616
0 0.5408653846153846 0.1177884615384616 0.4855769230769231 0.1177884615384616 0.4855769230769231 0.264423076923077 0.5408653846153846 0.264423076923077
0 0.5 0.1538461538461539 0.43990384615384615 0.1538461538461539 0.43990384615384615 0.2692307692307693 0.5 0.2692307692307693
0 0.4543269230769231 0.12500000000000006 0.3798076923076923 0.12500000000000003 0.3798076923076923 0.2596153846153847 0.4543269230769231 0.2596153846153847
0 0.7067307692307693 0.1971153846153847 0.6418269230769231 0.1971153846153847 0.6418269230769231 0.264423076923077 0.7067307692307693 0.264423076923077
0 0.8006809399038463 0.12313322596153853 0.7395894343289678 0.10746895821047295 0.6949093777586944 0.28172363569854453 0.7560008833335728 0.29738790344961014
2 0.9172507718373037 0.09015635181654291 0.0762708389423077 0.06353987980769231 0.04703364694584629 0.9873246607150293 0.8880135798408423 1.0139411327238799