1 0.26682692307692313 0.2764423076923077 0.031250000000000035 0.2764423076923077 0.031250000000000076 0.9519230769230769 0.26682692307692324 0.9519230769230769
0 0.18028846153846156 0.2692307692307692 0.07211538461538465 0.2692307692307692 0.07211538461538465 0.33653846153846156 0.18028846153846162 0.33653846153846156
0 0.13942307692307696 0.3269230769230769 0.06490384615384619 0.3269230769230769 0.0649038461538462 0.3870192307692308 0.13942307692307696 0.3870192307692308
0 0.1370192307692308 0.3894230769230769 0.07451923076923082 0.3894230769230769 0.07451923076923082 0.44471153846153844 0.13701923076923084 0.44471153846153844
0 0.13701923076923084 0.4519230769230769 0.060096153846153896 0.4519230769230769 0.0600961538461539 0.49278846153846156 0.13701923076923084 0.49278846153846156
0 0.22596153846153852 0.4855769230769231 0.0649038461538462 0.4855769230769231 0.06490384615384621 0.5264423076923077 0.22596153846153852 0.5264423076923077
0 0.6225961538461539 0.2283653846153847 0.28365384615384615 0.2283653846153847 0.2836538461538462 0.35096153846153855 0.6225961538461539 0.3509615384615386
0 0.4230769230769231 0.35336538461538464 0.2716346153846155 0.35336538461538464 0.2716346153846155 0.46153846153846156 0.4230769230769231 0.46153846153846156
0 0.9350961538461539 0.35336538461538475 0.7740384615384616 0.35336538461538475 0.7740384615384616 0.41105769230769246 0.9350961538461539 0.41105769230769246
0 0.9471153846153846 0.4086538461538463 0.7692307692307693 0.4086538461538463 0.7692307692307693 0.4567307692307694 0.9471153846153846 0.4567307692307694
0 0.9182692307692307 0.45432692307692324 0.7740384615384616 0.45432692307692324 0.7740384615384616 0.5000000000000001 0.9182692307692307 0.5000000000000001
0 0.8774038461538461 0.4927884615384617 0.7668269230769231 0.4927884615384617 0.7668269230769231 0.543269230769231 0.8774038461538461 0.543269230769231
0 0.9038461538461539 0.5384615384615385 0.7716346153846154 0.5384615384615385 0.7716346153846154 0.605769230769231 0.9038461538461539 0.605769230769231
0 0.8485576923076923 0.28365384615384626 0.7860576923076923 0.2836538461538462 0.7860576923076923 0.3437500000000001 0.8485576923076923 0.3437500000000001
0 0.9438682838934762 0.2572447735731464 0.933155377403846 0.19503546153846157 0.7567211944719082 0.22541874084993063 0.7674341009615385 0.28762805288461546
2 0.96920756473255 0.0809311570135504 0.04888938098538197 0.05114787987917329 0.021734979714370543 0.8902324824810075 0.9420531634615384 0.9200157596153846