0 0.38461538461538464 0.06730769230769235 0.30528846153846156 0.06730769230769235 0.30528846153846156 0.19951923076923084 0.38461538461538464 0.19951923076923084
0 0.4567307692307692 0.05528846153846159 0.38221153846153844 0.05528846153846159 0.38221153846153844 0.2067307692307693 0.4567307692307692 0.2067307692307693
0 0.5120192307692307 0.06250000000000006 0.4423076923076923 0.06250000000000006 0.4423076923076923 0.20913461538461545 0.5120192307692307 0.20913461538461545
0 0.5649038461538461 0.055288461538461606 0.5 0.055288461538461606 0.5 0.20192307692307698 0.5649038461538461 0.20192307692307698
0 0.6322115384615384 0.05048076923076931 0.5576923076923077 0.0504807692307693 0.5576923076923077 0.23317307692307698 0.6322115384615384 0.23317307692307698
0 0.4110576923076924 0.29807692307692313 0.27644230769230776 0.2980769230769231 0.27644230769230776 0.6730769230769231 0.41105769230769246 0.6730769230769231
0 0.5336538461538461 0.3004807692307693 0.4254807692307692 0.3004807692307693 0.4254807692307692 0.44711538461538464 0.5336538461538461 0.44711538461538464
0 0.6442307692307693 0.28846153846153855 0.5456730769230769 0.28846153846153855 0.5456730769230769 0.48557692307692313 0.6442307692307693 0.48557692307692324
0 0.7644230769230769 0.2692307692307693 0.6514423076923077 0.2692307692307693 0.6514423076923077 0.47836538461538475 0.7644230769230769 0.47836538461538475
0 0.8629807692307693 0.26442307692307704 0.7740384615384616 0.264423076923077 0.7740384615384616 0.3461538461538463 0.8629807692307693 0.3461538461538463
0 0.5120192307692308 0.5456730769230769 0.4182692307692308 0.5456730769230769 0.41826923076923084 0.7451923076923077 0.512019230769231 0.7451923076923077
0 0.5889423076923077 0.5216346153846154 0.5096153846153846 0.5216346153846154 0.5096153846153847 0.7355769230769231 0.5889423076923078 0.7355769230769231
0 0.6322115384615384 0.5336538461538463 0.5721153846153846 0.5336538461538463 0.5721153846153847 0.6105769230769232 0.6322115384615384 0.6105769230769232
0 0.7331730769230769 0.5336538461538463 0.6442307692307693 0.5336538461538463 0.6442307692307693 0.7716346153846154 0.7331730769230769 0.7716346153846154
0 0.7788461538461539 0.5312500000000001 0.7043269230769231 0.5312500000000001 0.7043269230769231 0.6634615384615384 0.7788461538461539 0.6634615384615384
0 0.3677884615384617 0.7644230769230769 0.3028846153846155 0.7644230769230769 0.3028846153846155 0.9110576923076923 0.3677884615384617 0.9110576923076923
0 0.4375000000000001 0.7788461538461539 0.3629807692307694 0.7788461538461539 0.3629807692307694 0.84375 0.4375000000000001 0.84375
0 0.48557692307692324 0.7740384615384616 0.4302884615384617 0.7740384615384616 0.4302884615384617 0.90625 0.48557692307692324 0.90625
0 0.5408653846153848 0.78125 0.48317307692307704 0.78125 0.48317307692307704 0.9254807692307693 0.5408653846153848 0.9254807692307693
0 0.5841346153846155 0.7644230769230769 0.5264423076923078 0.7644230769230769 0.5264423076923078 0.8966346153846154 0.5841346153846155 0.8966346153846154
0 0.6153846153846154 0.7572115384615384 0.5721153846153848 0.7572115384615384 0.5721153846153848 0.8629807692307693 0.6153846153846154 0.8629807692307693
0 0.6923076923076923 0.7620192307692307 0.6033653846153848 0.7620192307692307 0.6033653846153848 0.8894230769230769 0.6923076923076923 0.8894230769230769
2 0.9437160218149171 0.9198598005814347 0.9039484570961144 -0.0059022132732979935 0.0670599735576923 0.030047649038461535 0.10682753827649501 0.9558096628931942