0 0.31009615384615397 0.7211538461538461 0.2163461538461539 0.7211538461538461 0.21634615384615394 0.8942307692307693 0.31009615384615397 0.8942307692307693
0 0.3750000000000001 0.7019230769230769 0.3028846153846155 0.7019230769230769 0.3028846153846155 0.8846153846153846 0.3750000000000001 0.8846153846153846
0 0.4326923076923078 0.6875 0.36538461538461553 0.6875 0.36538461538461553 0.875 0.4326923076923078 0.875
0 0.48317307692307704 0.6802884615384616 0.4134615384615386 0.6802884615384616 0.4134615384615386 0.8918269230769231 0.48317307692307704 0.8918269230769231
0 0.5456730769230771 0.6706730769230769 0.46634615384615397 0.6706730769230769 0.46634615384615397 0.8774038461538461 0.5456730769230771 0.8774038461538461
0 0.32932692307692313 0.25961538461538464 0.19951923076923078 0.25961538461538464 0.1995192307692308 0.6105769230769231 0.32932692307692324 0.6105769230769231
0 0.4302884615384616 0.43990384615384615 0.34615384615384615 0.43990384615384615 0.3461538461538462 0.5841346153846154 0.4302884615384617 0.5841346153846154
0 0.545673076923077 0.39663461538461536 0.4375 0.39663461538461536 0.43750000000000006 0.5889423076923077 0.5456730769230771 0.5889423076923077
0 0.6634615384615384 0.38221153846153855 0.5528846153846154 0.38221153846153844 0.5528846153846154 0.6057692307692308 0.6634615384615384 0.605769230769231
0 0.75 0.5144230769230771 0.6538461538461539 0.5144230769230771 0.6538461538461539 0.6081730769230771 0.75 0.6081730769230771
0 0.39903846153846156 0.1850961538461539 0.3293269230769231 0.1850961538461539 0.3293269230769231 0.3485576923076923 0.39903846153846156 0.3485576923076923
0 0.4735576923076923 0.18028846153846162 0.40384615384615385 0.18028846153846162 0.40384615384615385 0.35336538461538464 0.4735576923076923 0.35336538461538464
0 0.5096153846153846 0.26682692307692313 0.4567307692307692 0.26682692307692313 0.4567307692307692 0.33653846153846156 0.5096153846153846 0.33653846153846156
0 0.5745192307692307 0.14903846153846162 0.49278846153846156 0.14903846153846162 0.49278846153846156 0.3461538461538462 0.5745192307692307 0.3461538461538463
0 0.6394230769230769 0.21394230769230776 0.5625 0.21394230769230776 0.5625 0.32932692307692324 0.6394230769230769 0.32932692307692324
0 0.33653846153846156 0.06971153846153849 0.2283653846153846 0.06971153846153849 0.2283653846153846 0.16586538461538464 0.33653846153846156 0.1658653846153847
0 0.3798076923076923 0.0697115384615385 0.3317307692307692 0.06971153846153849 0.3317307692307692 0.16105769230769237 0.3798076923076923 0.16105769230769237
0 0.41346153846153844 0.045673076923076976 0.37259615384615385 0.045673076923076976 0.37259615384615385 0.15865384615384623 0.41346153846153844 0.15865384615384623
0 0.4519230769230769 0.045673076923076976 0.40625 0.045673076923076976 0.40625 0.14182692307692313 0.4519230769230769 0.14182692307692316
0 0.47596153846153844 0.06971153846153852 0.4375 0.06971153846153852 0.4375 0.1538461538461539 0.47596153846153844 0.1538461538461539
0 0.5168269230769231 0.05048076923076929 0.46153846153846156 0.05048076923076928 0.46153846153846156 0.15625000000000006 0.5168269230769231 0.15625000000000006
2 0.8579733966346154 0.9168331514423076 0.8155958941942257 0.011688254680760833 -0.042377502440389625 0.0518572594884532 -8.540177112501205e-18 0.9570021562500001