1 0.6971153846153846 0.6706730769230769 0.014423076923077004 0.6706730769230769 0.014423076923077023 0.9639423076923077 0.6971153846153846 0.9639423076923077
0 0.7043269230769231 0.7548076923076923 0.6322115384615384 0.7548076923076923 0.6322115384615384 0.8701923076923077 0.7043269230769231 0.8701923076923077
0 0.6442307692307693 0.8004807692307693 0.5793269230769232 0.8004807692307693 0.5793269230769232 0.8822115384615384 0.6442307692307693 0.8822115384615384
0 0.5817307692307694 0.8100961538461539 0.5240384615384617 0.8100961538461539 0.5240384615384617 0.8774038461538461 0.5817307692307694 0.8774038461538461
0 0.5168269230769232 0.8149038461538461 0.47355769230769246 0.8149038461538461 0.47355769230769246 0.8966346153846154 0.5168269230769232 0.8966346153846154
0 0.48557692307692324 0.7283653846153846 0.44230769230769246 0.7283653846153846 0.44230769230769246 0.8942307692307693 0.48557692307692324 0.8942307692307693
0 0.7596153846153846 0.3076923076923078 0.625 0.3076923076923078 0.625 0.6610576923076923 0.7596153846153846 0.6610576923076923
0 0.6274038461538461 0.5216346153846154 0.5144230769230769 0.5216346153846154 0.514423076923077 0.6802884615384616 0.6274038461538461 0.6802884615384616
0 0.6466346153846154 0.009615384615384692 0.5817307692307693 0.009615384615384689 0.5817307692307693 0.1754807692307693 0.6466346153846154 0.1754807692307693
0 0.5889423076923077 0.0024038461538462225 0.5360576923076923 0.002403846153846219 0.5360576923076923 0.1850961538461539 0.5889423076923077 0.1850961538461539
0 0.5432692307692307 0.033653846153846215 0.49278846153846156 0.033653846153846215 0.49278846153846156 0.18269230769230776 0.5432692307692307 0.18269230769230776
0 0.5048076923076923 0.076923076923077 0.44711538461538464 0.076923076923077 0.44711538461538464 0.19230769230769237 0.5048076923076923 0.19230769230769237
0 0.45913461538461536 0.057692307692307744 0.3870192307692308 0.057692307692307744 0.3870192307692308 0.19230769230769237 0.45913461538461536 0.19230769230769237
0 0.7115384615384616 0.08894230769230778 0.6466346153846154 0.08894230769230776 0.6466346153846154 0.15625000000000006 0.7115384615384616 0.15625000000000006
0 0.8018417524038461 6.832141690000964e-17 0.7420142940074814 -0.013175010890882013 0.7017444492336515 0.16968954100878383 0.7615719076300163 0.1828645518996659
2 1.0225069201124461 0.8527167827285139 0.9115653028659576 -0.051346228989682705 0.04923952698428073 0.05447362530103418 0.16018114423076923 0.9585366370192308