0 0.18269230769230776 0.28125 0.07692307692307696 0.28125 0.07692307692307696 0.35336538461538464 0.18269230769230776 0.35336538461538464
0 0.18990384615384623 0.35096153846153844 0.0649038461538462 0.35096153846153844 0.0649038461538462 0.41346153846153844 0.18990384615384623 0.41346153846153844
0 0.19230769230769237 0.4230769230769231 0.06250000000000006 0.4230769230769231 0.06250000000000006 0.46875 0.19230769230769237 0.46875
0 0.18750000000000006 0.47115384615384615 0.05528846153846159 0.47115384615384615 0.0552884615384616 0.5168269230769231 0.18750000000000006 0.5168269230769231
0 0.1658653846153847 0.5120192307692307 0.06490384615384623 0.5120192307692307 0.06490384615384623 0.5625 0.1658653846153847 0.5625
0 0.6298076923076923 0.2259615384615385 0.2692307692307692 0.22596153846153846 0.2692307692307693 0.35576923076923084 0.6298076923076923 0.3557692307692309
0 0.37259615384615385 0.3894230769230769 0.2836538461538462 0.3894230769230769 0.2836538461538462 0.46634615384615385 0.37259615384615385 0.46634615384615385
0 0.9206730769230769 0.23076923076923087 0.7524038461538461 0.23076923076923084 0.7524038461538461 0.2980769230769232 0.9206730769230769 0.29807692307692324
0 0.84375 0.3052884615384616 0.7764423076923077 0.3052884615384616 0.7764423076923077 0.37259615384615397 0.84375 0.37259615384615397
0 0.9278846153846154 0.3774038461538463 0.7716346153846154 0.3774038461538463 0.7716346153846154 0.42067307692307704 0.9278846153846154 0.42067307692307704
0 0.9375 0.4302884615384617 0.7692307692307693 0.4302884615384617 0.7692307692307693 0.47836538461538475 0.9375 0.47836538461538475
0 0.9158653846153846 0.4807692307692309 0.7716346153846154 0.4807692307692309 0.7716346153846154 0.5240384615384617 0.9158653846153846 0.5240384615384617
0 0.8774038461538461 0.5216346153846155 0.7740384615384616 0.5216346153846155 0.7740384615384616 0.5649038461538463 0.8774038461538461 0.5649038461538463
0 0.8966346153846154 0.5697115384615385 0.7692307692307693 0.5697115384615385 0.7692307692307693 0.6394230769230769 0.8966346153846154 0.6394230769230769
1 0.2932692307692309 0.3076923076923077 0.10576923076923081 0.3076923076923077 0.10576923076923084 0.9591346153846154 0.2932692307692309 0.9591346153846154
2 0.9640031201923076 0.09938382211538474 0.04233309596782504 0.07649684609568988 0.021158461352440407 0.9292100215764592 0.942828485576923 0.9520969975961541