0 0.4182692307692309 0.7668269230769231 0.3389423076923078 0.7668269230769231 0.3389423076923078 0.9014423076923077 0.4182692307692309 0.9014423076923077
0 0.48557692307692324 0.7475961538461539 0.41586538461538475 0.7475961538461539 0.41586538461538475 0.8990384615384616 0.48557692307692324 0.8990384615384616
0 0.5408653846153848 0.7716346153846154 0.4879807692307694 0.7716346153846154 0.4879807692307694 0.9038461538461539 0.5408653846153848 0.9038461538461539
0 0.5841346153846155 0.75 0.5408653846153848 0.75 0.5408653846153848 0.8918269230769231 0.5841346153846155 0.8918269230769231
0 0.6346153846153846 0.7548076923076923 0.5841346153846155 0.7548076923076923 0.5841346153846155 0.8942307692307693 0.6346153846153846 0.8942307692307693
0 0.2620192307692308 0.06250000000000003 0.18269230769230768 0.06250000000000001 0.18269230769230768 0.20432692307692307 0.2620192307692308 0.20432692307692307
0 0.31490384615384615 0.1322115384615385 0.2620192307692308 0.1322115384615385 0.2620192307692308 0.19230769230769235 0.31490384615384615 0.19230769230769237
0 0.3629807692307692 0.06250000000000004 0.30288461538461536 0.06250000000000003 0.30288461538461536 0.19471153846153852 0.3629807692307692 0.19471153846153852
0 0.40865384615384615 0.043269230769230824 0.3581730769230769 0.043269230769230824 0.3581730769230769 0.18028846153846162 0.40865384615384615 0.18028846153846162
0 0.5360576923076923 0.05048076923076929 0.40865384615384615 0.05048076923076928 0.40865384615384615 0.18750000000000006 0.5360576923076923 0.18750000000000006
1 0.9807692307692307 0.5793269230769231 0.38461538461538475 0.5793269230769231 0.38461538461538475 0.8125 0.9807692307692307 0.8125
2 0.9564246754807691 0.8949697788461537 0.8837671865530718 -0.008620432032983981 0.06026860241845663 0.05759690690932372 0.13292609134615388 0.9611871177884616