0 0.2163461538461539 0.3269230769230769 0.08413461538461542 0.3269230769230769 0.08413461538461542 0.40384615384615385 0.2163461538461539 0.40384615384615385
0 0.23076923076923084 0.4014423076923077 0.08413461538461542 0.4014423076923077 0.08413461538461543 0.46875 0.23076923076923084 0.46875
0 0.20192307692307698 0.4735576923076923 0.07451923076923082 0.4735576923076923 0.07451923076923082 0.5240384615384616 0.20192307692307698 0.5240384615384616
0 0.22115384615384623 0.5288461538461539 0.08413461538461545 0.5288461538461539 0.08413461538461545 0.5697115384615384 0.22115384615384623 0.5697115384615384
0 0.21875000000000006 0.5721153846153846 0.07932692307692314 0.5721153846153846 0.07932692307692314 0.6201923076923077 0.21875000000000006 0.6201923076923077
0 0.9254807692307693 0.1826923076923078 0.7860576923076923 0.18269230769230776 0.7860576923076923 0.25721153846153855 0.9254807692307693 0.2572115384615386
0 0.8533653846153846 0.25721153846153855 0.7956730769230769 0.25721153846153855 0.7956730769230769 0.3125000000000001 0.8533653846153846 0.3125000000000001
0 0.9206730769230769 0.30048076923076933 0.7908653846153846 0.3004807692307693 0.7908653846153846 0.35817307692307704 0.9206730769230769 0.35817307692307704
0 0.9375 0.35817307692307704 0.8028846153846154 0.35817307692307704 0.8028846153846154 0.4062500000000001 0.9375 0.4062500000000001
0 0.9254807692307693 0.4062500000000001 0.7932692307692307 0.4062500000000001 0.7932692307692307 0.5336538461538463 0.9254807692307693 0.5336538461538463
1 0.37500000000000006 0.375 0.17067307692307698 0.375 0.17067307692307704 0.9663461538461539 0.3750000000000001 0.9663461538461539
2 0.9623623102395686 0.9162022311862397 0.9398663701923078 0.06576402403846154 0.03271204049054543 0.0897602288691764 0.055207980537806324 0.9401984360169545