0 0.7139423076923077 0.10576923076923085 0.6225961538461539 0.10576923076923084 0.6225961538461539 0.2788461538461539 0.7139423076923077 0.2788461538461539
0 0.6274038461538461 0.1129807692307693 0.5600961538461539 0.1129807692307693 0.5600961538461539 0.295673076923077 0.6274038461538461 0.295673076923077
0 0.5649038461538461 0.12259615384615391 0.5 0.12259615384615391 0.5 0.3100961538461539 0.5649038461538461 0.31009615384615397
0 0.5168269230769231 0.10576923076923084 0.4519230769230769 0.10576923076923084 0.4519230769230769 0.3173076923076923 0.5168269230769231 0.3173076923076923
0 0.4639423076923077 0.12019230769230774 0.3870192307692308 0.12019230769230772 0.3870192307692308 0.3269230769230769 0.4639423076923077 0.3269230769230769
0 0.7355769230769231 0.38942307692307704 0.6105769230769231 0.38942307692307704 0.6105769230769231 0.7403846153846154 0.7355769230769231 0.7403846153846154
0 0.5865384615384616 0.41346153846153855 0.5072115384615384 0.41346153846153844 0.5072115384615384 0.5576923076923077 0.5865384615384616 0.5576923076923078
0 0.4975961538461539 0.40865384615384615 0.3894230769230769 0.40865384615384615 0.389423076923077 0.6009615384615384 0.49759615384615397 0.6009615384615384
0 0.38221153846153855 0.3918269230769231 0.2740384615384616 0.3918269230769231 0.2740384615384616 0.6153846153846154 0.3822115384615386 0.6153846153846154
0 0.28125000000000006 0.3894230769230769 0.1850961538461539 0.3894230769230769 0.1850961538461539 0.4831730769230769 0.28125000000000006 0.4831730769230769
0 0.6081730769230771 0.6514423076923077 0.5408653846153848 0.6514423076923077 0.5408653846153848 0.8149038461538461 0.6081730769230771 0.8149038461538461
0 0.5336538461538463 0.6442307692307693 0.46634615384615397 0.6442307692307693 0.46634615384615397 0.8173076923076923 0.5336538461538463 0.8173076923076923
0 0.4807692307692309 0.6610576923076923 0.4302884615384617 0.6610576923076923 0.4302884615384617 0.7307692307692307 0.4807692307692309 0.7307692307692307
0 0.4447115384615386 0.6514423076923077 0.36538461538461553 0.6514423076923077 0.36538461538461553 0.8485576923076923 0.4447115384615386 0.8485576923076923
0 0.3750000000000001 0.6682692307692307 0.3004807692307693 0.6682692307692307 0.3004807692307693 0.7836538461538461 0.3750000000000001 0.7836538461538461
0 0.7115384615384616 0.8341346153846154 0.6033653846153848 0.8341346153846154 0.6033653846153848 0.9302884615384616 0.7115384615384616 0.9302884615384616
0 0.6081730769230771 0.8389423076923077 0.560096153846154 0.8389423076923077 0.560096153846154 0.9302884615384616 0.6081730769230771 0.9302884615384616
0 0.5673076923076924 0.8413461538461539 0.5264423076923078 0.8413461538461539 0.5264423076923078 0.9519230769230769 0.5673076923076924 0.9519230769230769
0 0.5336538461538463 0.8557692307692307 0.49038461538461553 0.8557692307692307 0.49038461538461553 0.9519230769230769 0.5336538461538463 0.9519230769230769
0 0.5024038461538463 0.84375 0.4639423076923078 0.84375 0.4639423076923078 0.9278846153846154 0.5024038461538463 0.9278846153846154
0 0.47836538461538475 0.8413461538461539 0.4254807692307694 0.8413461538461539 0.4254807692307694 0.9471153846153846 0.47836538461538475 0.9471153846153846
2 0.972899271796154 0.9528813364532004 0.9555612716346154 0.041582829326923074 0.07263930277751954 0.05838094884425163 0.08997730293905812 0.969679455970529