1 0.7067307692307693 0.6346153846153846 0.1129807692307693 0.6346153846153846 0.11298076923076932 0.8822115384615384 0.7067307692307693 0.8822115384615384
0 0.7836538461538461 0.41105769230769246 0.6802884615384616 0.41105769230769246 0.6802884615384616 0.7524038461538461 0.7836538461538461 0.7524038461538461
0 0.6394230769230769 0.43750000000000006 0.5528846153846154 0.4375 0.5528846153846154 0.5745192307692308 0.6394230769230769 0.574519230769231
0 0.3052884615384616 0.4254807692307692 0.21394230769230776 0.4254807692307692 0.21394230769230776 0.5120192307692307 0.3052884615384616 0.5120192307692307
0 0.7211538461538461 0.1346153846153847 0.6418269230769231 0.1346153846153847 0.6418269230769231 0.29326923076923084 0.7211538461538461 0.29326923076923084
0 0.6442307692307693 0.12980769230769237 0.5721153846153846 0.12980769230769237 0.5721153846153846 0.3245192307692309 0.6442307692307693 0.3245192307692309
0 0.5745192307692307 0.12980769230769237 0.5120192307692307 0.12980769230769237 0.5120192307692307 0.3365384615384616 0.5745192307692307 0.3365384615384617
0 0.5480769230769231 0.4230769230769231 0.4495192307692308 0.4230769230769231 0.44951923076923084 0.625 0.5480769230769232 0.625
0 0.4350961538461539 0.4254807692307692 0.34375 0.4254807692307692 0.34375000000000006 0.6322115384615384 0.43509615384615397 0.6322115384615384
0 0.5275893485576924 0.3402844350961539 0.49045829941330565 0.11803512393298586 0.44121885336538463 0.12626152644230768 0.4783499025097714 0.34851083760547574
0 0.4916448870192308 0.3695264086538461 0.4387685740822977 0.1296345904408944 0.38615958098643777 0.14123052398692415 0.4390358939233709 0.38112234219987595
0 0.8125 0.8221153846153846 0.7548076923076923 0.8221153846153846 0.7548076923076923 0.9350961538461539 0.8125 0.9350961538461539
0 0.7596153846153846 0.8365384615384616 0.6995192307692307 0.8365384615384616 0.6995192307692307 0.8894230769230769 0.7596153846153846 0.8894230769230769
0 0.574519230769231 0.8461538461538461 0.528846153846154 0.8461538461538461 0.528846153846154 0.9350961538461539 0.574519230769231 0.9350961538461539
0 0.6081730769230771 0.84375 0.5769230769230771 0.84375 0.5769230769230771 0.9254807692307693 0.6081730769230771 0.9254807692307693
0 0.6370192307692307 0.8485576923076923 0.6009615384615385 0.8485576923076923 0.6009615384615385 0.9399038461538461 0.6370192307692307 0.9399038461538461
0 0.6730769230769231 0.84375 0.6346153846153846 0.84375 0.6346153846153846 0.9447115384615384 0.6730769230769231 0.9447115384615384
0 0.7115384615384616 0.8365384615384616 0.6730769230769231 0.8365384615384616 0.6730769230769231 0.9423076923076923 0.7115384615384616 0.9423076923076923
2 0.994102902142407 0.9418487930748338 0.9524282644230768 0.06002558653846156 0.045467712344106334 0.10288820588602328 0.08714235006343654 0.9847114124223955