0 0.36538461538461536 0.07692307692307696 0.2403846153846154 0.07692307692307696 0.2403846153846154 0.24038461538461542 0.36538461538461536 0.24038461538461545
0 0.4326923076923077 0.0913461538461539 0.35336538461538464 0.09134615384615388 0.35336538461538464 0.2596153846153847 0.4326923076923077 0.2596153846153847
0 0.49038461538461536 0.08894230769230776 0.4206730769230769 0.08894230769230776 0.4206730769230769 0.2788461538461539 0.49038461538461536 0.2788461538461539
0 0.5432692307692307 0.09134615384615391 0.4735576923076923 0.09134615384615391 0.4735576923076923 0.26682692307692313 0.5432692307692307 0.26682692307692313
0 0.6105769230769231 0.09615384615384623 0.5264423076923077 0.09615384615384623 0.5264423076923077 0.3028846153846155 0.6105769230769231 0.3028846153846155
0 0.31971153846153855 0.33653846153846156 0.1538461538461539 0.33653846153846156 0.1538461538461539 0.7115384615384616 0.3197115384615386 0.7115384615384616
0 0.4639423076923077 0.35336538461538464 0.34615384615384615 0.35336538461538464 0.34615384615384615 0.5288461538461539 0.4639423076923077 0.5288461538461539
0 0.5721153846153847 0.358173076923077 0.4567307692307692 0.3581730769230769 0.4567307692307693 0.5625000000000001 0.5721153846153848 0.5625000000000001
0 0.6995192307692307 0.34855769230769246 0.5913461538461539 0.34855769230769246 0.591346153846154 0.574519230769231 0.6995192307692307 0.574519230769231
0 0.8221153846153846 0.3461538461538463 0.7139423076923077 0.3461538461538463 0.7139423076923077 0.44230769230769246 0.8221153846153846 0.44230769230769246
0 0.20913461538461547 0.8125 0.11538461538461549 0.8125 0.11538461538461549 0.9615384615384616 0.20913461538461553 0.9615384615384616
0 0.27884615384615397 0.8269230769230769 0.20432692307692316 0.8269230769230769 0.20432692307692318 0.9086538461538461 0.27884615384615397 0.9086538461538461
0 0.32932692307692324 0.8149038461538461 0.26201923076923084 0.8149038461538461 0.2620192307692309 0.9591346153846154 0.32932692307692324 0.9591346153846154
0 0.37259615384615397 0.8365384615384616 0.31009615384615397 0.8365384615384616 0.31009615384615397 0.9783653846153846 0.37259615384615397 0.9783653846153846
0 0.41586538461538475 0.8221153846153846 0.3629807692307694 0.8221153846153846 0.3629807692307694 0.96875 0.41586538461538475 0.96875
0 0.45432692307692324 0.8413461538461539 0.4086538461538463 0.8413461538461539 0.4086538461538463 0.9350961538461539 0.45432692307692324 0.9350961538461539
0 0.5048076923076924 0.8413461538461539 0.44711538461538475 0.8413461538461539 0.44711538461538475 0.9615384615384616 0.5048076923076924 0.9615384615384616
1 0.9326923076923077 0.6129807692307693 0.2860576923076924 0.6129807692307693 0.2860576923076924 0.8894230769230769 0.9326923076923077 0.8894230769230769
2 0.9509909230769231 0.08633409615384627 0.039372413461538476 0.022743790865384625 -0.026445400913795478 0.9662954466532541 0.8851731087015893 1.0298857519417157