0 0.2211538461538462 0.25721153846153844 0.06250000000000003 0.25721153846153844 0.06250000000000004 0.3701923076923077 0.22115384615384623 0.3701923076923077
0 0.2379807692307693 0.3701923076923077 0.07211538461538466 0.3701923076923077 0.07211538461538466 0.4375 0.2379807692307693 0.4375
0 0.2524038461538462 0.43990384615384615 0.0649038461538462 0.43990384615384615 0.06490384615384621 0.4951923076923077 0.2524038461538462 0.4951923076923077
0 0.2379807692307693 0.49278846153846156 0.06490384615384623 0.49278846153846156 0.06490384615384623 0.5504807692307693 0.2379807692307693 0.5504807692307693
0 0.2692307692307693 0.5480769230769231 0.06971153846153853 0.5480769230769231 0.06971153846153853 0.6177884615384616 0.2692307692307693 0.6177884615384616
0 0.6947115384615384 0.2067307692307693 0.3269230769230769 0.2067307692307693 0.3269230769230769 0.34375000000000006 0.6947115384615384 0.3437500000000001
0 0.5024038461538461 0.38461538461538464 0.33413461538461536 0.38461538461538464 0.33413461538461536 0.49038461538461536 0.5024038461538461 0.49038461538461536
0 0.528846153846154 0.4951923076923077 0.33413461538461536 0.4951923076923077 0.3341346153846155 0.5985576923076923 0.528846153846154 0.5985576923076923
0 0.5360576923076924 0.6322115384615384 0.3149038461538463 0.6322115384615384 0.3149038461538463 0.7235576923076923 0.5360576923076924 0.7235576923076923
0 0.3990384615384617 0.7451923076923077 0.3076923076923078 0.7451923076923077 0.3076923076923078 0.8461538461538461 0.3990384615384617 0.8461538461538461
0 0.9471153846153846 0.1875000000000001 0.8028846153846154 0.18750000000000006 0.8028846153846154 0.2716346153846155 0.9471153846153846 0.27163461538461553
0 0.8918269230769231 0.2740384615384616 0.8125 0.2740384615384616 0.8125 0.34134615384615397 0.8918269230769231 0.34134615384615397
0 0.9375 0.3317307692307694 0.7980769230769231 0.3317307692307694 0.7980769230769231 0.39182692307692324 0.9375 0.39182692307692324
0 0.9567307692307693 0.3822115384615386 0.8173076923076923 0.3822115384615386 0.8173076923076923 0.43509615384615397 0.9567307692307693 0.43509615384615397
0 0.9447115384615384 0.43509615384615397 0.8004807692307693 0.43509615384615397 0.8004807692307693 0.47836538461538475 0.9447115384615384 0.47836538461538475
0 0.9086538461538461 0.47836538461538475 0.8173076923076923 0.47836538461538475 0.8173076923076923 0.5168269230769232 0.9086538461538461 0.5168269230769232
0 0.9326923076923077 0.5168269230769232 0.8149038461538461 0.5168269230769232 0.8149038461538461 0.5673076923076924 0.9326923076923077 0.5673076923076924
1 0.8389423076923077 0.34855769230769246 0.59375 0.34855769230769246 0.5937500000000001 0.9783653846153846 0.8389423076923077 0.9783653846153846
2 0.9728515819389462 0.9446563098324025 0.9639917591818195 0.03177730483076683 0.020598569711538468 0.040933278846153845 0.02945839246866538 0.9538122838477896