0 0.9158653846153846 0.31009615384615397 0.7884615384615384 0.31009615384615397 0.7884615384615384 0.4254807692307694 0.9158653846153846 0.4254807692307694
0 0.9110576923076923 0.41105769230769246 0.7548076923076923 0.41105769230769246 0.7548076923076923 0.5000000000000001 0.9110576923076923 0.5000000000000001
0 0.9038461538461539 0.48557692307692324 0.7932692307692307 0.48557692307692324 0.7932692307692307 0.5649038461538463 0.9038461538461539 0.5649038461538463
0 0.8894230769230769 0.5528846153846155 0.7932692307692307 0.5528846153846155 0.7932692307692307 0.6033653846153848 0.8894230769230769 0.6033653846153848
0 0.8942307692307693 0.5985576923076924 0.7932692307692307 0.5985576923076924 0.7932692307692307 0.6490384615384616 0.8942307692307693 0.6490384615384616
0 0.7043269230769231 0.2475961538461539 0.3293269230769231 0.2475961538461539 0.3293269230769231 0.39182692307692313 0.7043269230769231 0.39182692307692324
0 0.6682692307692307 0.43750000000000006 0.5168269230769231 0.4375 0.5168269230769231 0.5384615384615385 0.6682692307692307 0.5384615384615385
0 0.6706730769230769 0.5504807692307693 0.47115384615384615 0.5504807692307693 0.4711538461538462 0.6682692307692307 0.6706730769230769 0.6682692307692307
0 0.6706730769230769 0.6730769230769231 0.45432692307692324 0.6730769230769231 0.45432692307692324 0.7956730769230769 0.6706730769230769 0.7956730769230769
0 0.21394230769230774 0.20192307692307693 0.05528846153846156 0.20192307692307693 0.055288461538461564 0.2956730769230769 0.21394230769230776 0.2956730769230769
0 0.19230769230769237 0.29086538461538464 0.11298076923076926 0.29086538461538464 0.11298076923076926 0.36538461538461536 0.19230769230769237 0.36538461538461536
0 0.18750000000000006 0.34615384615384615 0.045673076923076955 0.34615384615384615 0.04567307692307697 0.4182692307692308 0.18750000000000006 0.4182692307692308
0 0.1850961538461539 0.40625 0.021634615384615436 0.40625 0.02163461538461544 0.47115384615384615 0.1850961538461539 0.47115384615384615
0 0.19230769230769237 0.4519230769230769 0.03846153846153851 0.4519230769230769 0.03846153846153852 0.5168269230769231 0.19230769230769237 0.5168269230769231
0 0.1754807692307693 0.5072115384615384 0.07451923076923084 0.5072115384615384 0.07451923076923084 0.5649038461538461 0.1754807692307693 0.5649038461538461
0 0.17067307692307698 0.5649038461538461 0.0504807692307693 0.5649038461538461 0.05048076923076931 0.6346153846153846 0.17067307692307698 0.6346153846153846
1 0.9230769230769231 0.4687500000000001 0.6514423076923077 0.4687500000000001 0.6514423076923077 1 0.9230769230769231 1
2 0.9652288557692308 0.13235416826923085 0.03474842659053413 0.06820992074544387 -0.023803813871152817 0.9175723489812893 0.9066766153075438 0.9817165965050763