0 0.6923076923076923 0.7403846153846154 0.6009615384615385 0.7403846153846154 0.6009615384615385 0.8701923076923077 0.6923076923076923 0.8701923076923077
0 0.5985576923076924 0.7259615384615384 0.5312500000000001 0.7259615384615384 0.5312500000000001 0.8846153846153846 0.5985576923076924 0.8846153846153846
0 0.528846153846154 0.7283653846153846 0.4639423076923078 0.7283653846153846 0.4639423076923078 0.8918269230769231 0.528846153846154 0.8918269230769231
0 0.4687500000000001 0.7355769230769231 0.4086538461538463 0.7355769230769231 0.4086538461538463 0.8846153846153846 0.4687500000000001 0.8846153846153846
0 0.42307692307692324 0.7139423076923077 0.3461538461538463 0.7139423076923077 0.3461538461538463 0.90625 0.42307692307692324 0.90625
0 0.7572115384615384 0.2596153846153847 0.6057692307692307 0.2596153846153847 0.6057692307692308 0.6394230769230769 0.7572115384615384 0.6394230769230769
0 0.5817307692307693 0.483173076923077 0.47115384615384615 0.4831730769230769 0.4711538461538462 0.6370192307692307 0.5817307692307694 0.6370192307692307
0 0.45432692307692313 0.4543269230769231 0.35336538461538464 0.4543269230769231 0.3533653846153847 0.6538461538461539 0.45432692307692324 0.6538461538461539
0 0.3365384615384616 0.4495192307692308 0.2163461538461539 0.4495192307692308 0.2163461538461539 0.6778846153846154 0.3365384615384617 0.6778846153846154
0 0.21394230769230776 0.6033653846153846 0.10096153846153853 0.6033653846153846 0.10096153846153853 0.6947115384615384 0.21394230769230776 0.6947115384615384
0 0.7427884615384616 0.009615384615384701 0.6682692307692307 0.009615384615384696 0.6682692307692307 0.1538461538461539 0.7427884615384616 0.1538461538461539
0 0.6754807692307693 0.08413461538461545 0.6057692307692307 0.08413461538461545 0.6057692307692307 0.14663461538461545 0.6754807692307693 0.14663461538461545
0 0.6081730769230769 0.024038461538461613 0.5576923076923077 0.024038461538461606 0.5576923076923077 0.1538461538461539 0.6081730769230769 0.1538461538461539
0 0.5504807692307693 0.012019230769230834 0.5048076923076923 0.012019230769230829 0.5048076923076923 0.15865384615384623 0.5504807692307693 0.15865384615384623
0 0.5144230769230769 0.03605769230769237 0.46634615384615385 0.03605769230769237 0.46634615384615385 0.17067307692307698 0.5144230769230769 0.17067307692307698
0 0.4639423076923077 0.057692307692307744 0.4254807692307692 0.057692307692307744 0.4254807692307692 0.16105769230769237 0.4639423076923077 0.16105769230769237
0 0.4254807692307692 0.040865384615384664 0.35096153846153844 0.040865384615384664 0.35096153846153844 0.1754807692307693 0.4254807692307692 0.1754807692307693
1 0.6225961538461539 0.11778846153846158 0.031250000000000014 0.11778846153846154 0.031250000000000035 0.3942307692307693 0.6225961538461539 0.3942307692307694
2 0.9159387854501617 0.914890581135444 0.86478781044157 -0.01785308715097312 -0.010182015873976241 0.030129612963583106 0.04096895913461539 0.9628732812500002