1 0.8918269230769231 9.346763430992418e-17 0.6346153846153846 7.771796994588972e-17 0.6346153846153846 0.6081730769230771 0.8918269230769231 0.6081730769230771
0 0.9423076923076923 0.5985576923076924 0.8149038461538461 0.5985576923076924 0.8149038461538461 0.6778846153846154 0.9423076923076923 0.6778846153846154
0 0.9350961538461539 0.5264423076923078 0.7956730769230769 0.5264423076923078 0.7956730769230769 0.5889423076923078 0.9350961538461539 0.5889423076923078
0 0.9326923076923077 0.4711538461538463 0.8125 0.4711538461538463 0.8125 0.5216346153846155 0.9326923076923077 0.5216346153846155
0 0.9326923076923077 0.4134615384615386 0.8076923076923077 0.4134615384615386 0.8076923076923077 0.46634615384615397 0.9326923076923077 0.46634615384615397
0 0.9375 0.36538461538461553 0.7932692307692307 0.36538461538461553 0.7932692307692307 0.41586538461538475 0.9375 0.41586538461538475
0 0.19951923076923084 0.7307692307692307 0.04567307692307701 0.7307692307692307 0.04567307692307702 0.8076923076923077 0.19951923076923084 0.8076923076923077
0 0.18269230769230776 0.6538461538461539 0.11538461538461545 0.6538461538461539 0.11538461538461547 0.7259615384615384 0.18269230769230776 0.7259615384615384
0 0.18750000000000006 0.5961538461538461 0.040865384615384685 0.5961538461538461 0.04086538461538469 0.6610576923076923 0.18750000000000006 0.6610576923076923
0 0.18750000000000006 0.5456730769230769 0.016826923076923146 0.5456730769230769 0.01682692307692315 0.6009615384615384 0.18750000000000006 0.6009615384615384
0 0.18990384615384623 0.49759615384615385 0.03605769230769237 0.49759615384615385 0.036057692307692374 0.5528846153846154 0.18990384615384623 0.5528846153846154
0 0.1971153846153847 0.4519230769230769 0.07451923076923082 0.4519230769230769 0.07451923076923082 0.5048076923076923 0.1971153846153847 0.5048076923076923
0 0.18269230769230776 0.3918269230769231 0.05288461538461543 0.3918269230769231 0.05288461538461543 0.45913461538461536 0.18269230769230776 0.45913461538461536
2 1.0031301437573763 0.906870662493973 0.9570388605769231 0.039765372596153835 -0.02934659808429939 0.09219703462141167 0.01674468509615386 0.9593023245192308