0 0.34375000000000006 0.3317307692307692 0.2163461538461539 0.3317307692307692 0.2163461538461539 0.6971153846153846 0.3437500000000001 0.6971153846153846
0 0.36778846153846156 0.08413461538461542 0.27884615384615385 0.08413461538461542 0.27884615384615385 0.22355769230769235 0.36778846153846156 0.22355769230769237
0 0.44711538461538464 0.07932692307692313 0.36778846153846156 0.07932692307692311 0.36778846153846156 0.2524038461538462 0.44711538461538464 0.2524038461538462
0 0.5024038461538461 0.08413461538461545 0.4375 0.08413461538461545 0.4375 0.2548076923076924 0.5024038461538461 0.2548076923076924
0 0.5528846153846154 0.076923076923077 0.49038461538461536 0.076923076923077 0.49038461538461536 0.2596153846153847 0.5528846153846154 0.2596153846153847
0 0.6225961538461539 0.0865384615384616 0.5456730769230769 0.0865384615384616 0.5456730769230769 0.2788461538461539 0.6225961538461539 0.2788461538461539
0 0.4831730769230769 0.35096153846153844 0.375 0.35096153846153844 0.375 0.49038461538461536 0.4831730769230769 0.49038461538461536
0 0.6009615384615384 0.33894230769230776 0.49278846153846156 0.3389423076923077 0.49278846153846156 0.5384615384615385 0.6009615384615384 0.5384615384615385
0 0.7283653846153846 0.3317307692307694 0.6201923076923077 0.3317307692307694 0.6201923076923077 0.543269230769231 0.7283653846153846 0.543269230769231
0 0.8533653846153846 0.3245192307692309 0.7259615384615384 0.3245192307692309 0.7259615384615384 0.41586538461538475 0.8533653846153846 0.41586538461538475
0 0.2596153846153847 0.8100961538461539 0.17067307692307698 0.8100961538461539 0.17067307692307704 0.9423076923076923 0.25961538461538475 0.9423076923076923
0 0.32211538461538475 0.8197115384615384 0.25000000000000006 0.8197115384615384 0.2500000000000001 0.8725961538461539 0.32211538461538475 0.8725961538461539
0 0.3677884615384617 0.8149038461538461 0.3076923076923078 0.8149038461538461 0.3076923076923078 0.9399038461538461 0.3677884615384617 0.9399038461538461
0 0.4134615384615386 0.8269230769230769 0.35817307692307704 0.8269230769230769 0.35817307692307704 0.9543269230769231 0.4134615384615386 0.9543269230769231
0 0.45432692307692324 0.8245192307692307 0.40384615384615397 0.8245192307692307 0.40384615384615397 0.9375 0.45432692307692324 0.9375
0 0.4951923076923078 0.8197115384615384 0.44711538461538475 0.8197115384615384 0.44711538461538475 0.9086538461538461 0.4951923076923078 0.9086538461538461
0 0.5697115384615385 0.8173076923076923 0.49038461538461553 0.8173076923076923 0.49038461538461553 0.9350961538461539 0.5697115384615385 0.9350961538461539
1 0.9182692307692307 0.6586538461538461 0.3197115384615386 0.6586538461538461 0.3197115384615386 0.8942307692307693 0.9182692307692307 0.8942307692307693
2 0.9456489134615383 0.05833333413461538 0.05805780048076924 0.0392857139423077 0.038297486469841366 0.9600873116606489 0.9258885994506105 0.9791349318529565