0 0.2067307692307693 0.28125 0.07211538461538465 0.28125 0.07211538461538466 0.3629807692307692 0.2067307692307693 0.3629807692307692
0 0.22355769230769237 0.3701923076923077 0.07451923076923082 0.3701923076923077 0.07451923076923082 0.4423076923076923 0.22355769230769237 0.4423076923076923
0 0.23076923076923084 0.44471153846153844 0.06250000000000006 0.44471153846153844 0.06250000000000006 0.5048076923076923 0.23076923076923084 0.5048076923076923
0 0.22115384615384623 0.49759615384615385 0.06250000000000007 0.49759615384615385 0.06250000000000007 0.5528846153846154 0.22115384615384623 0.5528846153846154
0 0.2524038461538462 0.5480769230769231 0.06490384615384623 0.5480769230769231 0.06490384615384623 0.6153846153846154 0.2524038461538462 0.6153846153846154
0 0.6826923076923077 0.23557692307692316 0.31490384615384615 0.23557692307692316 0.31490384615384615 0.358173076923077 0.6826923076923077 0.35817307692307704
0 0.9350961538461539 0.24038461538461547 0.7980769230769231 0.24038461538461545 0.7980769230769231 0.3125000000000001 0.9350961538461539 0.3125000000000001
0 0.8653846153846154 0.3125000000000001 0.8173076923076923 0.3125000000000001 0.8173076923076923 0.3750000000000001 0.8653846153846154 0.3750000000000001
0 0.9350961538461539 0.3750000000000001 0.8125 0.3750000000000001 0.8125 0.4302884615384617 0.9350961538461539 0.4302884615384617
0 0.9519230769230769 0.4375000000000001 0.8100961538461539 0.4375000000000001 0.8100961538461539 0.4759615384615386 0.9519230769230769 0.4759615384615386
0 0.9375 0.47355769230769246 0.8028846153846154 0.47355769230769246 0.8028846153846154 0.5240384615384617 0.9375 0.5240384615384617
0 0.9038461538461539 0.5168269230769232 0.8028846153846154 0.5168269230769232 0.8028846153846154 0.560096153846154 0.9038461538461539 0.560096153846154
0 0.9206730769230769 0.5625000000000001 0.8028846153846154 0.5625000000000001 0.8028846153846154 0.625 0.9206730769230769 0.625
0 0.46634615384615385 0.40625 0.3269230769230769 0.40625 0.3269230769230769 0.5048076923076923 0.46634615384615385 0.5048076923076923
0 0.4735576923076924 0.5288461538461539 0.3125 0.5288461538461539 0.31250000000000006 0.6129807692307693 0.47355769230769246 0.6129807692307693
0 0.37980769230769246 0.6490384615384616 0.3028846153846155 0.6490384615384616 0.3028846153846155 0.7427884615384616 0.37980769230769246 0.7427884615384616
0 0.36057692307692324 0.7596153846153846 0.295673076923077 0.7596153846153846 0.29567307692307704 0.8557692307692307 0.36057692307692324 0.8557692307692307
1 0.5841346153846154 0.3774038461538462 0.35096153846153844 0.37740384615384615 0.35096153846153855 0.9543269230769231 0.5841346153846155 0.9543269230769231
2 0.9648401685575458 0.05742105888866347 0.029431740384615383 0.05202080769230769 0.024360944009590053 0.9303624800108866 0.9597693721825205 0.9357627312072423