0 0.22596153846153852 0.2860576923076923 0.08653846153846158 0.2860576923076923 0.08653846153846158 0.37740384615384615 0.22596153846153852 0.37740384615384615
0 0.24519230769230776 0.375 0.09375000000000003 0.375 0.09375000000000006 0.4567307692307692 0.24519230769230776 0.4567307692307692
0 0.25721153846153855 0.4495192307692308 0.08413461538461545 0.4495192307692308 0.08413461538461545 0.5192307692307693 0.25721153846153855 0.5192307692307693
0 0.25000000000000006 0.5024038461538461 0.0865384615384616 0.5024038461538461 0.0865384615384616 0.5649038461538461 0.25000000000000006 0.5649038461538461
0 0.2836538461538462 0.5528846153846154 0.09375000000000007 0.5528846153846154 0.09375000000000007 0.6322115384615384 0.2836538461538462 0.6322115384615384
0 0.6995192307692307 0.2548076923076924 0.3269230769230769 0.2548076923076924 0.3269230769230769 0.40144230769230776 0.6995192307692307 0.4014423076923078
0 0.9495192307692307 0.2908653846153847 0.8125 0.2908653846153847 0.8125 0.37259615384615397 0.9495192307692307 0.37259615384615397
0 0.8846153846153846 0.36538461538461553 0.8341346153846154 0.36538461538461553 0.8341346153846154 0.4302884615384617 0.8846153846153846 0.4302884615384617
0 0.9591346153846154 0.42788461538461553 0.8317307692307693 0.42788461538461553 0.8317307692307693 0.4879807692307694 0.9591346153846154 0.4879807692307694
0 0.9783653846153846 0.49038461538461553 0.8317307692307693 0.49038461538461553 0.8317307692307693 0.5360576923076924 0.9783653846153846 0.5360576923076924
0 0.9639423076923077 0.5240384615384617 0.8269230769230769 0.5240384615384617 0.8269230769230769 0.5841346153846155 0.9639423076923077 0.5841346153846155
0 0.9326923076923077 0.5673076923076924 0.8293269230769231 0.5673076923076924 0.8293269230769231 0.6177884615384616 0.9326923076923077 0.6177884615384616
0 0.9543269230769231 0.6129807692307694 0.8317307692307693 0.6129807692307694 0.8317307692307693 0.6850961538461539 0.9543269230769231 0.6850961538461539
0 0.49278846153846156 0.42788461538461536 0.3485576923076923 0.42788461538461536 0.3485576923076923 0.5336538461538461 0.49278846153846156 0.5336538461538461
0 0.5048076923076924 0.5480769230769231 0.34134615384615385 0.5480769230769231 0.3413461538461539 0.6418269230769231 0.5048076923076924 0.6418269230769231
0 0.4182692307692309 0.6682692307692307 0.3365384615384617 0.6682692307692307 0.3365384615384617 0.7668269230769231 0.4182692307692309 0.7668269230769231
0 0.4062500000000001 0.7764423076923077 0.3365384615384617 0.7764423076923077 0.3365384615384617 0.8774038461538461 0.4062500000000001 0.8774038461538461
1 0.6322115384615384 0.3990384615384616 0.3701923076923077 0.39903846153846156 0.37019230769230776 0.9927884615384616 0.6322115384615384 0.9927884615384616
2 1.0420779608962485 0.10294203626419737 0.03215803605769232 0.053906879807692314 -0.010277884158283871 0.9279100328921219 0.9996420406802724 0.9769451893486271