0 0.295673076923077 0.30528846153846156 0.10817307692307696 0.30528846153846156 0.10817307692307696 0.38461538461538464 0.295673076923077 0.38461538461538464
0 0.3004807692307693 0.3870192307692308 0.11538461538461542 0.3870192307692308 0.11538461538461543 0.44711538461538464 0.3004807692307693 0.44711538461538464
0 0.31009615384615385 0.44471153846153844 0.12019230769230776 0.44471153846153844 0.12019230769230776 0.5048076923076923 0.31009615384615385 0.5048076923076923
0 0.31971153846153844 0.4951923076923077 0.11057692307692314 0.4951923076923077 0.11057692307692314 0.5480769230769231 0.31971153846153844 0.5480769230769231
0 0.31250000000000006 0.5576923076923077 0.11538461538461545 0.5576923076923077 0.11538461538461545 0.6177884615384616 0.3125000000000001 0.6177884615384616
0 0.7475961538461539 0.28125000000000006 0.38461538461538464 0.28125000000000006 0.38461538461538464 0.3725961538461539 0.7475961538461539 0.37259615384615397
0 0.5865384615384616 0.4086538461538462 0.4182692307692308 0.40865384615384615 0.4182692307692308 0.4975961538461539 0.5865384615384616 0.49759615384615397
0 0.6105769230769231 0.5072115384615385 0.39663461538461536 0.5072115384615384 0.3966346153846155 0.5841346153846154 0.6105769230769232 0.5841346153846155
0 0.6225961538461539 0.608173076923077 0.3942307692307694 0.6081730769230769 0.3942307692307694 0.6899038461538461 0.6225961538461539 0.6899038461538461
0 0.48557692307692324 0.7115384615384616 0.38461538461538475 0.7115384615384616 0.38461538461538475 0.8004807692307693 0.48557692307692324 0.8004807692307693
0 0.8245192307692307 0.38942307692307704 0.6538461538461539 0.38942307692307704 0.6538461538461539 0.4495192307692309 0.8245192307692307 0.4495192307692309
0 0.8245192307692307 0.44711538461538475 0.6466346153846154 0.44711538461538475 0.6466346153846154 0.5048076923076924 0.8245192307692307 0.5048076923076924
0 0.7355769230769231 0.4951923076923078 0.6682692307692307 0.4951923076923078 0.6682692307692307 0.5456730769230771 0.7355769230769231 0.5456730769230771
0 0.8653846153846154 0.560096153846154 0.6538461538461539 0.560096153846154 0.6538461538461539 0.5937500000000001 0.8653846153846154 0.5937500000000001
0 0.7860576923076923 0.6105769230769232 0.6658653846153846 0.6105769230769232 0.6658653846153846 0.6778846153846154 0.7860576923076923 0.6778846153846154
0 0.9495192307692307 0.25721153846153855 0.8341346153846154 0.25721153846153855 0.8341346153846154 0.33413461538461553 0.9495192307692307 0.33413461538461553
0 0.8966346153846154 0.33413461538461553 0.8557692307692307 0.33413461538461553 0.8557692307692307 0.3774038461538463 0.8966346153846154 0.3774038461538463
0 0.9519230769230769 0.37980769230769246 0.8413461538461539 0.37980769230769246 0.8413461538461539 0.4134615384615386 0.9519230769230769 0.4134615384615386
0 0.9567307692307693 0.41105769230769246 0.8413461538461539 0.41105769230769246 0.8413461538461539 0.4495192307692309 0.9567307692307693 0.4495192307692309
0 0.9519230769230769 0.4495192307692309 0.8533653846153846 0.4495192307692309 0.8533653846153846 0.48557692307692324 0.9519230769230769 0.48557692307692324
0 0.9206730769230769 0.4759615384615386 0.8389423076923077 0.4759615384615386 0.8389423076923077 0.5096153846153848 0.9206730769230769 0.5096153846153848
0 0.9350961538461539 0.512019230769231 0.8485576923076923 0.512019230769231 0.8485576923076923 0.5456730769230771 0.9350961538461539 0.5456730769230771
2 0.9851090875398867 0.8979050068807842 0.9602675892332972 0.05816066815838577 0.04448681250000001 0.08525149278846154 0.06932831080658954 0.92499583151086