0 0.26442307692307704 0.7427884615384616 0.16346153846153852 0.7427884615384616 0.16346153846153857 0.96875 0.26442307692307704 0.96875
0 0.32932692307692324 0.7620192307692307 0.25721153846153855 0.7620192307692307 0.25721153846153855 0.8581730769230769 0.32932692307692324 0.8581730769230769
0 0.37980769230769246 0.7716346153846154 0.31009615384615397 0.7716346153846154 0.31009615384615397 0.9543269230769231 0.37980769230769246 0.9543269230769231
0 0.43509615384615397 0.7788461538461539 0.37259615384615397 0.7788461538461539 0.37259615384615397 0.9927884615384616 0.43509615384615397 0.9927884615384616
0 0.4759615384615386 0.7716346153846154 0.41586538461538475 0.7716346153846154 0.41586538461538475 0.9543269230769231 0.4759615384615386 0.9543269230769231
0 0.5168269230769232 0.7884615384615384 0.4687500000000001 0.7884615384615384 0.4687500000000001 0.9110576923076923 0.5168269230769232 0.9110576923076923
0 0.5865384615384617 0.7908653846153846 0.5144230769230771 0.7908653846153846 0.5144230769230771 0.9519230769230769 0.5865384615384617 0.9519230769230769
0 0.37019230769230776 0.24519230769230774 0.2548076923076923 0.24519230769230768 0.25480769230769235 0.625 0.3701923076923078 0.625
0 0.4278846153846155 0.5024038461538461 0.3485576923076923 0.5024038461538461 0.3485576923076924 0.7283653846153846 0.42788461538461553 0.7283653846153846
0 0.5024038461538463 0.5072115384615384 0.42788461538461536 0.5072115384615384 0.4278846153846155 0.7331730769230769 0.5024038461538463 0.7331730769230769
0 0.5528846153846154 0.5144230769230769 0.5024038461538461 0.5144230769230769 0.5024038461538463 0.5985576923076923 0.5528846153846155 0.5985576923076923
0 0.6418269230769231 0.5096153846153848 0.5600961538461539 0.5096153846153848 0.560096153846154 0.7932692307692307 0.6418269230769231 0.7932692307692307
0 0.6875 0.528846153846154 0.6346153846153846 0.528846153846154 0.6346153846153846 0.605769230769231 0.6875 0.605769230769231
0 0.4951923076923077 0.26682692307692313 0.40625 0.26682692307692313 0.40625 0.40625 0.4951923076923077 0.40625
0 0.5793269230769231 0.264423076923077 0.5048076923076923 0.264423076923077 0.5048076923076923 0.4110576923076924 0.5793269230769231 0.41105769230769246
0 0.6826923076923077 0.2716346153846155 0.6033653846153846 0.2716346153846155 0.6033653846153846 0.3389423076923078 0.6826923076923077 0.3389423076923078
0 0.7764423076923077 0.27644230769230776 0.6995192307692307 0.27644230769230776 0.6995192307692307 0.3245192307692309 0.7764423076923077 0.3245192307692309
0 0.4014423076923077 0.07451923076923081 0.33653846153846156 0.07451923076923081 0.33653846153846156 0.1754807692307693 0.4014423076923077 0.1754807692307693
0 0.4543269230769231 0.07692307692307697 0.40865384615384615 0.07692307692307696 0.40865384615384615 0.20192307692307698 0.4543269230769231 0.20192307692307698
0 0.5024038461538461 0.08413461538461545 0.4567307692307692 0.08413461538461545 0.4567307692307692 0.20192307692307698 0.5024038461538461 0.20192307692307698
0 0.5336538461538461 0.08894230769230776 0.49278846153846156 0.08894230769230776 0.49278846153846156 0.20192307692307698 0.5336538461538461 0.20192307692307698
0 0.5769230769230769 0.08894230769230776 0.53125 0.08894230769230776 0.53125 0.22355769230769237 0.5769230769230769 0.22355769230769237
1 0.9471153846153846 0.28846153846153855 0.3701923076923077 0.28846153846153855 0.37019230769230776 0.608173076923077 0.9471153846153846 0.6081730769230771
2 0.9760182569437352 0.10723295019015856 0.11168730923941189 0.02695467793019393 0.02341775961538472 0.9773251995192307 0.887748707319708 1.0576034717791953