0 0.18750000000000006 0.28846153846153844 0.07451923076923081 0.28846153846153844 0.07451923076923081 0.38461538461538464 0.18750000000000006 0.38461538461538464
0 0.20432692307692316 0.3798076923076923 0.06971153846153852 0.3798076923076923 0.06971153846153852 0.4423076923076923 0.20432692307692316 0.4423076923076923
0 0.21153846153846162 0.4543269230769231 0.06971153846153852 0.4543269230769231 0.06971153846153852 0.5144230769230769 0.21153846153846162 0.5144230769230769
0 0.20432692307692316 0.5048076923076923 0.06971153846153853 0.5048076923076923 0.06971153846153853 0.5576923076923077 0.20432692307692316 0.5576923076923077
0 0.24519230769230776 0.5456730769230769 0.07211538461538468 0.5456730769230769 0.07211538461538468 0.6153846153846154 0.24519230769230776 0.6153846153846154
0 0.6490384615384616 0.2548076923076924 0.2932692307692308 0.2548076923076924 0.2932692307692308 0.3774038461538462 0.6490384615384616 0.3774038461538463
0 0.4423076923076923 0.42788461538461536 0.38221153846153844 0.42788461538461536 0.38221153846153844 0.5264423076923077 0.4423076923076923 0.5264423076923077
0 0.483173076923077 0.5432692307692307 0.3629807692307692 0.5432692307692307 0.3629807692307693 0.6322115384615384 0.48317307692307704 0.6322115384615384
0 0.48557692307692324 0.6730769230769231 0.38461538461538475 0.6730769230769231 0.38461538461538475 0.7692307692307693 0.48557692307692324 0.7692307692307693
0 0.7379807692307693 0.38701923076923084 0.5504807692307693 0.3870192307692308 0.5504807692307693 0.483173076923077 0.7379807692307693 0.48317307692307704
0 0.7403846153846154 0.48076923076923084 0.5360576923076923 0.4807692307692308 0.5360576923076924 0.5625000000000001 0.7403846153846154 0.5625000000000001
0 0.6081730769230771 0.560096153846154 0.5576923076923078 0.5600961538461539 0.5576923076923078 0.6201923076923077 0.6081730769230771 0.6201923076923077
0 0.7764423076923077 0.6225961538461539 0.5408653846153848 0.6225961538461539 0.5408653846153848 0.7067307692307693 0.7764423076923077 0.7067307692307693
0 0.6826923076923077 0.6899038461538461 0.5528846153846155 0.6899038461538461 0.5528846153846155 0.7884615384615384 0.6826923076923077 0.7884615384615384
0 0.9423076923076923 0.25240384615384626 0.7740384615384616 0.2524038461538462 0.7740384615384616 0.3197115384615386 0.9423076923076923 0.3197115384615386
0 0.8581730769230769 0.3245192307692309 0.7956730769230769 0.3245192307692309 0.7956730769230769 0.39182692307692324 0.8581730769230769 0.39182692307692324
0 0.9254807692307693 0.3942307692307694 0.7932692307692307 0.3942307692307694 0.7932692307692307 0.44230769230769246 0.9254807692307693 0.44230769230769246
0 0.9399038461538461 0.4447115384615386 0.7908653846153846 0.4447115384615386 0.7908653846153846 0.5048076923076924 0.9399038461538461 0.5048076923076924
0 0.9302884615384616 0.5048076923076924 0.7884615384615384 0.5048076923076924 0.7884615384615384 0.5480769230769232 0.9302884615384616 0.5480769230769232
0 0.8870192307692307 0.5456730769230771 0.7884615384615384 0.5456730769230771 0.7884615384615384 0.5889423076923078 0.8870192307692307 0.5889423076923078
0 0.9038461538461539 0.5937500000000001 0.7908653846153846 0.5937500000000001 0.7908653846153846 0.6442307692307693 0.9038461538461539 0.6442307692307693
1 0.41826923076923084 0.35096153846153844 0.22115384615384623 0.35096153846153844 0.22115384615384626 0.9831730769230769 0.4182692307692309 0.9831730769230769
2 0.9895137041125169 0.11221813189579125 0.027232497596153853 0.059790733173076926 -0.01939474168846381 0.915612634859184 0.9428864648278993 0.9680400335818983