0 0.7235576923076923 0.10817307692307701 0.6201923076923077 0.108173076923077 0.6201923076923077 0.2283653846153847 0.7235576923076923 0.2283653846153847
0 0.6346153846153846 0.10336538461538468 0.5625 0.10336538461538468 0.5625 0.24038461538461545 0.6346153846153846 0.24038461538461545
0 0.5625 0.09855769230769237 0.49278846153846156 0.09855769230769237 0.49278846153846156 0.24278846153846162 0.5625 0.24278846153846162
0 0.5096153846153846 0.09615384615384623 0.4495192307692308 0.09615384615384623 0.4495192307692308 0.23317307692307698 0.5096153846153846 0.23317307692307698
0 0.47115384615384615 0.09375000000000006 0.3918269230769231 0.09375000000000003 0.3918269230769231 0.2716346153846155 0.47115384615384615 0.2716346153846155
0 0.7908653846153846 0.32932692307692324 0.6418269230769231 0.32932692307692324 0.6418269230769231 0.6923076923076923 0.7908653846153846 0.6923076923076923
0 0.6033653846153846 0.4086538461538462 0.5 0.40865384615384615 0.5 0.4735576923076924 0.6033653846153846 0.47355769230769246
0 0.49038461538461536 0.38461538461538464 0.3942307692307692 0.38461538461538464 0.3942307692307692 0.5096153846153846 0.49038461538461536 0.5096153846153846
0 0.3605769230769231 0.39903846153846156 0.25721153846153855 0.39903846153846156 0.25721153846153855 0.5048076923076923 0.3605769230769231 0.5048076923076923
0 0.6634615384615384 0.5817307692307693 0.5552884615384617 0.5817307692307693 0.5552884615384617 0.7740384615384616 0.6634615384615384 0.7740384615384616
0 0.5721153846153848 0.560096153846154 0.4759615384615386 0.5600961538461539 0.4759615384615386 0.7716346153846154 0.5721153846153848 0.7716346153846154
0 0.48317307692307704 0.5793269230769231 0.42067307692307704 0.5793269230769231 0.42067307692307704 0.6346153846153846 0.48317307692307704 0.6346153846153846
0 0.43269230769230776 0.5576923076923077 0.3293269230769231 0.5576923076923077 0.32932692307692313 0.7980769230769231 0.4326923076923078 0.7980769230769231
0 0.35817307692307704 0.5649038461538461 0.25000000000000006 0.5649038461538461 0.25000000000000006 0.7019230769230769 0.35817307692307704 0.7019230769230769
0 0.8125 0.8125 0.7355769230769231 0.8125 0.7355769230769231 0.9855769230769231 0.8125 0.9855769230769231
0 0.7355769230769231 0.8317307692307693 0.6634615384615384 0.8317307692307693 0.6634615384615384 0.8966346153846154 0.7355769230769231 0.8966346153846154
0 0.6706730769230769 0.8269230769230769 0.6129807692307694 0.8269230769230769 0.6129807692307694 0.9615384615384616 0.6706730769230769 0.9615384615384616
0 0.6225961538461539 0.8197115384615384 0.5528846153846155 0.8197115384615384 0.5528846153846155 0.9711538461538461 0.6225961538461539 0.9711538461538461
0 0.5625000000000001 0.8125 0.5072115384615385 0.8125 0.5072115384615385 0.9591346153846154 0.5625000000000001 0.9591346153846154
0 0.5168269230769232 0.8125 0.46634615384615397 0.8125 0.46634615384615397 0.9134615384615384 0.5168269230769232 0.9134615384615384
0 0.4711538461538463 0.8100961538461539 0.4086538461538463 0.8100961538461539 0.4086538461538463 0.9254807692307693 0.4711538461538463 0.9254807692307693
1 0.6802884615384616 0.2211538461538462 0.03365384615384618 0.22115384615384615 0.033653846153846194 0.4567307692307693 0.6802884615384616 0.4567307692307694
2 0.9563367451923077 1 0.941150673526573 0.019846725344850488 0.08376880769230768 0.03313062980769231 0.09895487935804247 1.0132839044628419