0 0.9543269230769231 0.7283653846153846 0.7355769230769231 0.7283653846153846 0.7355769230769231 0.8269230769230769 0.9543269230769231 0.8269230769230769
0 0.8389423076923077 0.6610576923076923 0.7475961538461539 0.6610576923076923 0.7475961538461539 0.7331730769230769 0.8389423076923077 0.7331730769230769
0 0.9302884615384616 0.6129807692307694 0.7524038461538461 0.6129807692307694 0.7524038461538461 0.6802884615384616 0.9302884615384616 0.6802884615384616
0 0.9639423076923077 0.5552884615384617 0.7548076923076923 0.5552884615384617 0.7548076923076923 0.6177884615384616 0.9639423076923077 0.6177884615384616
0 0.9206730769230769 0.5144230769230771 0.7427884615384616 0.5144230769230771 0.7427884615384616 0.574519230769231 0.9206730769230769 0.574519230769231
0 0.875 0.47355769230769246 0.7548076923076923 0.47355769230769246 0.7548076923076923 0.5216346153846155 0.875 0.5216346153846155
0 0.9110576923076923 0.4062500000000001 0.7524038461538461 0.4062500000000001 0.7524038461538461 0.47355769230769246 0.9110576923076923 0.47355769230769246
0 0.6033653846153848 0.6274038461538461 0.23076923076923084 0.6274038461538461 0.23076923076923084 0.7403846153846154 0.6033653846153848 0.7403846153846154
0 0.6995192307692307 0.5673076923076924 0.47836538461538475 0.5673076923076923 0.47836538461538475 0.6442307692307693 0.6995192307692307 0.6442307692307693
0 0.6995192307692307 0.4927884615384616 0.47596153846153844 0.49278846153846156 0.47596153846153855 0.5649038461538463 0.6995192307692307 0.5649038461538463
0 0.5600961538461539 0.4423076923076924 0.4807692307692308 0.4423076923076923 0.4807692307692308 0.4903846153846155 0.5600961538461539 0.49038461538461553
0 0.7475961538461539 0.35096153846153855 0.46875 0.35096153846153844 0.46875 0.4302884615384616 0.7475961538461539 0.4302884615384617
0 0.5552884615384616 0.3076923076923077 0.4831730769230769 0.3076923076923077 0.4831730769230769 0.3581730769230769 0.5552884615384616 0.3581730769230769
0 0.37500000000000006 0.5 0.24038461538461545 0.5 0.24038461538461545 0.5889423076923077 0.3750000000000001 0.5889423076923077
0 0.3701923076923077 0.4182692307692308 0.23076923076923084 0.4182692307692308 0.23076923076923084 0.49278846153846156 0.3701923076923077 0.49278846153846156
0 0.2908653846153847 0.31490384615384615 0.2283653846153847 0.31490384615384615 0.2283653846153847 0.3918269230769231 0.2908653846153847 0.3918269230769231
0 0.2692307692307693 0.22115384615384615 0.22596153846153846 0.22115384615384615 0.2259615384615385 0.2980769230769231 0.2692307692307693 0.2980769230769231
0 0.15144230769230776 0.5985576923076923 0.055288461538461606 0.5985576923076923 0.05528846153846161 0.6610576923076923 0.15144230769230776 0.6610576923076923
0 0.17307692307692316 0.5456730769230769 0.0504807692307693 0.5456730769230769 0.0504807692307693 0.5889423076923077 0.17307692307692316 0.5889423076923077
0 0.17067307692307698 0.49759615384615385 0.052884615384615453 0.49759615384615385 0.052884615384615453 0.5408653846153846 0.17067307692307698 0.5408653846153846
0 0.16826923076923084 0.46634615384615385 0.057692307692307744 0.46634615384615385 0.05769230769230775 0.5048076923076923 0.16826923076923084 0.5048076923076923
0 0.1850961538461539 0.4230769230769231 0.05288461538461543 0.4230769230769231 0.05288461538461543 0.46634615384615385 0.1850961538461539 0.46634615384615385
1 0.5432692307692308 0.05048076923076928 0.25721153846153844 0.05048076923076927 0.2572115384615385 0.625 0.543269230769231 0.625
2 0.9824629086538462 0.9652514374999999 0.960466235576923 0.09275733894230768 0.011687129466369961 0.11667725296101465 0.033683802543293145 0.9891713515187069