0 1.0006309758687666 0.8254515620767762 0.9925360313362124 0.7897093503059683 0.8773750264423075 0.8157911706730769 0.8854699709748618 0.8515333824438847
0 0.9937943041059404 0.7891889541960738 0.9897643442970548 0.7635348304089361 0.8700441322115384 0.7823414615384615 0.8740740920204241 0.8079955853255993
0 0.9783653846153846 0.7235576923076923 0.875 0.7235576923076923 0.875 0.7596153846153846 0.9783653846153846 0.7596153846153846
0 0.9326923076923077 0.4302884615384617 0.8461538461538461 0.4302884615384617 0.8461538461538461 0.4759615384615386 0.9326923076923077 0.4759615384615386
0 0.9783653846153846 0.4927884615384617 0.8533653846153846 0.4927884615384617 0.8533653846153846 0.5336538461538463 0.9783653846153846 0.5336538461538463
0 0.6658653846153846 0.8485576923076923 0.625 0.8485576923076923 0.625 0.8894230769230769 0.6658653846153846 0.8894230769230769
0 0.6730769230769231 0.8149038461538461 0.6274038461538461 0.8149038461538461 0.6274038461538461 0.8485576923076923 0.6730769230769231 0.8485576923076923
0 0.71875 0.7451923076923077 0.6899038461538461 0.7451923076923077 0.6899038461538461 0.7644230769230769 0.71875 0.7644230769230769
0 0.7163461538461539 0.7139423076923077 0.6899038461538461 0.7139423076923077 0.6899038461538461 0.7427884615384616 0.7163461538461539 0.7427884615384616
0 0.6826923076923077 0.7451923076923077 0.6514423076923077 0.7451923076923077 0.6514423076923077 0.7692307692307693 0.6826923076923077 0.7692307692307693
2 1 0.007211538461538523 8.831587493851104e-19 0.007211538461538462 5.75525118349297e-17 0.9326923076923077 1 0.9326923076923077