0 0.9959762283653847 0.1901567043269232 0.9418345022663426 0.18045217738659355 0.9043711826923077 0.38946069471153855 0.9585129087913498 0.39916522165186813
0 0.9506203509615385 0.39817690625000013 0.8902053845520526 0.38020302213627466 0.8387913557692308 0.5530191370192308 0.8992063221787168 0.5709930211329564
0 0.8888747115384615 0.5757744254807694 0.8375323461501174 0.5611872399859632 0.7722225106379882 0.7910575901991896 0.8235648760263323 0.8056447756939958
0 0.9414133846153846 0.042153216346153974 0.8910332666650655 0.0303711747244982 0.7988795573795268 0.42442128016899117 0.8492596753298459 0.43620332179064697
0 0.8555304158653846 0.07853260336538469 0.806439797649258 0.06989041194535911 0.7615213701923078 0.32504252163461544 0.8106119884084344 0.33368471305464104
0 0.7944508701923076 0.08209008173076933 0.7471785576923078 0.07913842307692318 0.7384223147664926 0.219374100862932 0.7856946272664924 0.22232575951677813
0 0.735089764423077 0.0898261923076924 0.6893900886396847 0.08537345145289986 0.6739319938365611 0.24402403179631832 0.7196316696199536 0.24847677265111084
0 0.6768511274038462 0.09321820673076933 0.6256449728439107 0.08934785984901515 0.6106156033653846 0.28819210817307706 0.6618217579253203 0.2920624550548312
0 0.614351127403846 0.09685841826923082 0.5612976706730769 0.09281723076923082 0.5424248855282335 0.3405826437996967 0.5954783422590026 0.3446238312996967
0 0.5475599014423076 0.12071592067307699 0.4986884321539129 0.12054716998982123 0.49812283619172576 0.2843480220064095 0.5469943054801205 0.2845167726896652
0 0.5124318534851473 0.27944357584401736 0.5046281490384615 0.20023335336538464 0.4619808565861725 0.20443491795307173 0.46978456103285826 0.28364514043170447
0 0.47372546634615376 0.3090012115384615 0.45996822836538453 0.21424441826923074 0.43149155150524826 0.21837879646999211 0.4452487894860174 0.31313558973922284
0 0.4553290192307692 0.3314662788461539 0.43265174038461535 0.23152406009615384 0.40622125757731603 0.2375212396280481 0.4288985364234699 0.3374634583780481
0 0.4266914062499999 0.35024910576923085 0.4146824735576923 0.2397018485576923 0.3850686440343068 0.24291884818733753 0.3970775767266144 0.353466105398876
0 0.8004807692307693 0.32932692307692324 0.7355769230769231 0.32932692307692324 0.7355769230769231 0.39182692307692324 0.8004807692307693 0.39182692307692324
0 0.49278846153846156 0.1129807692307693 0.4326923076923077 0.1129807692307693 0.4326923076923077 0.20913461538461545 0.49278846153846156 0.20913461538461545
0 0.43509615384615385 0.11778846153846159 0.375 0.11778846153846158 0.375 0.23317307692307698 0.43509615384615385 0.23317307692307698
0 0.38221153846153844 0.1274038461538462 0.31490384615384615 0.1274038461538462 0.31490384615384615 0.3293269230769231 0.38221153846153844 0.3293269230769231
0 0.3269230769230769 0.13461538461538464 0.25961538461538464 0.13461538461538464 0.25961538461538464 0.29086538461538464 0.3269230769230769 0.2908653846153847
0 0.2764423076923077 0.12259615384615388 0.20432692307692307 0.12259615384615388 0.2043269230769231 0.37740384615384615 0.27644230769230776 0.37740384615384615
0 0.20913461538461542 0.13942307692307693 0.1346153846153846 0.13942307692307693 0.13461538461538464 0.3605769230769231 0.20913461538461545 0.3605769230769231
0 0.1225961538461539 0.39903846153846156 0.06250000000000006 0.39903846153846156 0.06250000000000006 0.5576923076923077 0.12259615384615391 0.5576923076923077
0 0.19951923076923084 0.3870192307692308 0.12259615384615388 0.3870192307692308 0.1225961538461539 0.4735576923076923 0.19951923076923084 0.4735576923076923
0 0.2596153846153847 0.3870192307692308 0.2067307692307693 0.3870192307692308 0.2067307692307693 0.5793269230769231 0.2596153846153847 0.5793269230769231
0 0.32211538461538464 0.3798076923076923 0.264423076923077 0.3798076923076923 0.264423076923077 0.44471153846153844 0.32211538461538464 0.44471153846153844
0 0.39663461538461536 0.3629807692307692 0.31971153846153844 0.3629807692307692 0.31971153846153844 0.5408653846153846 0.39663461538461536 0.5408653846153846
0 0.46153846153846156 0.3557692307692308 0.38461538461538464 0.3557692307692308 0.38461538461538464 0.4807692307692308 0.46153846153846156 0.4807692307692308
0 0.5168269230769231 0.3485576923076923 0.4567307692307692 0.3485576923076923 0.4567307692307692 0.4831730769230769 0.5168269230769231 0.4831730769230769
0 0.5906756802884615 0.34212434855769236 0.5499692004711394 0.34189962327102524 0.5493303271750926 0.4576243969137824 0.5900368069924148 0.45784912220044954
0 0.5502695214555298 0.46676968487569226 0.5463272342331623 0.35130064498016494 0.5168666562500001 0.35230647355769246 0.5208089434723675 0.4677755134532197
0 0.6661646754807694 0.3279222187500001 0.621985532196022 0.3255815889868522 0.6138394857593685 0.47933736804911253 0.6580186290441159 0.48167799781226045
0 0.7308909519230771 0.32807450000000016 0.6835907055463769 0.32520069628127024 0.676296830546377 0.4452513741658856 0.7235970769230771 0.44812517788461553
0 0.7487002548076925 0.638848889423077 0.7094031488174353 0.6317391460989442 0.6839039423660075 0.772678835888861 0.7232010483562648 0.7797885792129937
0 0.6578460264423077 0.5735416778846155 0.6130300598736504 0.5705601304111864 0.603226358173077 0.7179206442307694 0.6480423247417343 0.7209021917041984
0 0.7047344110576924 0.6551371658653846 0.6623996044698586 0.6496939485196412 0.6446161597583201 0.788005289865795 0.6869509663461539 0.7934485072115384
0 0.8085576592043451 0.42506047613634634 0.7726028413461538 0.4197768822115386 0.7606360923481543 0.5012105212649823 0.7965909102063458 0.5064941151897902
1 0.591346153846154 0.5865384615384616 0.04807692307692314 0.5865384615384616 0.04807692307692316 0.8918269230769231 0.591346153846154 0.8918269230769231
0 0.6092910528846155 0.58029184375 0.5681480785235726 0.579856179441727 0.5666645846468821 0.7199533812882452 0.607807559007925 0.7203890455965181
0 0.5688415854997446 0.7162685441562325 0.5682754278846154 0.5826807307692307 0.5310292623731814 0.582838583493248 0.5315954199883107 0.7164263968802499