0 0.6009615384615385 0.4471153846153847 0.5360576923076923 0.44711538461538464 0.5360576923076924 0.6177884615384616 0.6009615384615385 0.6177884615384616
0 0.5336538461538463 0.45913461538461536 0.47836538461538464 0.45913461538461536 0.4783653846153847 0.5649038461538461 0.5336538461538463 0.5649038461538461
0 0.6754807692307693 0.7043269230769231 0.6201923076923077 0.7043269230769231 0.6201923076923077 0.8485576923076923 0.6754807692307693 0.8485576923076923
0 0.6105769230769232 0.6802884615384616 0.5336538461538463 0.6802884615384616 0.5336538461538463 0.8269230769230769 0.6105769230769232 0.8269230769230769
0 0.5961538461538461 0.2548076923076924 0.5456730769230769 0.2548076923076924 0.5456730769230769 0.39182692307692313 0.5961538461538461 0.39182692307692324
0 0.5360576923076923 0.2788461538461539 0.4831730769230769 0.2788461538461539 0.4831730769230769 0.35096153846153844 0.5360576923076923 0.35096153846153844
0 0.5120192307692307 0.1442307692307693 0.46634615384615385 0.1442307692307693 0.46634615384615385 0.28846153846153855 0.5120192307692307 0.28846153846153855
0 0.46634615384615385 0.13942307692307698 0.43028846153846156 0.13942307692307698 0.43028846153846156 0.23557692307692316 0.46634615384615385 0.23557692307692316
0 0.42788461538461536 0.06730769230769236 0.38461538461538464 0.06730769230769236 0.38461538461538464 0.24519230769230776 0.42788461538461536 0.24519230769230776
0 0.3870192307692308 0.10817307692307696 0.34615384615384615 0.10817307692307696 0.34615384615384615 0.2067307692307693 0.3870192307692308 0.2067307692307693
0 0.4495192307692309 0.6826923076923077 0.3822115384615386 0.6826923076923077 0.3822115384615386 0.8581730769230769 0.4495192307692309 0.8581730769230769
0 0.41826923076923084 0.5384615384615384 0.36778846153846156 0.5384615384615384 0.3677884615384616 0.6682692307692307 0.4182692307692309 0.6682692307692307
0 0.3774038461538463 0.6177884615384616 0.32211538461538475 0.6177884615384616 0.32211538461538475 0.8100961538461539 0.3774038461538463 0.8100961538461539
0 0.32211538461538475 0.625 0.27644230769230776 0.625 0.27644230769230776 0.7980769230769231 0.32211538461538475 0.7980769230769231
0 0.2788461538461539 0.6538461538461539 0.2379807692307693 0.6538461538461539 0.2379807692307693 0.8004807692307693 0.2788461538461539 0.8004807692307693
0 0.3100961538461539 0.43509615384615385 0.23317307692307698 0.43509615384615385 0.23317307692307698 0.5625 0.31009615384615397 0.5625
0 0.2379807692307693 0.6394230769230769 0.1971153846153847 0.6394230769230769 0.1971153846153847 0.7884615384615384 0.2379807692307693 0.7884615384615384
0 0.19951923076923084 0.5793269230769231 0.16105769230769237 0.5793269230769231 0.16105769230769237 0.7716346153846154 0.19951923076923084 0.7716346153846154
0 0.16346153846153852 0.5841346153846154 0.1177884615384616 0.5841346153846154 0.11778846153846162 0.7644230769230769 0.16346153846153852 0.7644230769230769
0 0.23317307692307698 0.3557692307692308 0.19471153846153852 0.3557692307692308 0.19471153846153852 0.5552884615384616 0.23317307692307698 0.5552884615384616
0 0.19951923076923084 0.3798076923076923 0.17067307692307698 0.3798076923076923 0.17067307692307698 0.5504807692307693 0.19951923076923084 0.5504807692307693
0 0.17307692307692316 0.30528846153846156 0.1322115384615385 0.30528846153846156 0.13221153846153852 0.5456730769230769 0.17307692307692316 0.5456730769230769
2 1.005737073077064 0.0849648981431373 0.0016747812500000072 0.057558507211538434 -0.022117700480910094 0.9292213903184012 0.9819445913461539 0.9566277812500001