2 0.9571691392835944 0.9876617788327735 0.9546910840218904 0.03303403224187922 0.047521944738296004 0.03538889283218279 0.05000000000000001 0.990016639423077
0 0.5576923076923077 0.41586538461538464 0.37740384615384615 0.41586538461538464 0.37740384615384615 0.4855769230769231 0.5576923076923077 0.4855769230769231
0 0.5360576923076923 0.4879807692307692 0.4206730769230769 0.4879807692307692 0.4206730769230769 0.5408653846153846 0.5360576923076923 0.5408653846153846
0 0.26682692307692313 0.36778846153846156 0.12980769230769235 0.36778846153846156 0.12980769230769235 0.4254807692307692 0.26682692307692313 0.4254807692307692
0 0.295673076923077 0.4326923076923077 0.1538461538461539 0.4326923076923077 0.1538461538461539 0.5048076923076923 0.295673076923077 0.5048076923076923
0 0.53125 0.12740384615384623 0.4206730769230769 0.12740384615384623 0.4206730769230769 0.17067307692307698 0.53125 0.17067307692307698
0 0.7692307692307693 0.38942307692307704 0.6177884615384616 0.38942307692307704 0.6177884615384616 0.4447115384615386 0.7692307692307693 0.4447115384615386
0 0.7235576923076923 0.45913461538461553 0.6514423076923077 0.45913461538461553 0.6514423076923077 0.5144230769230771 0.7235576923076923 0.5144230769230771
0 0.8605769230769231 0.4759615384615386 0.7235576923076923 0.4759615384615386 0.7235576923076923 0.5144230769230771 0.8605769230769231 0.5144230769230771
0 0.8629807692307693 0.5240384615384617 0.7620192307692307 0.5240384615384617 0.7620192307692307 0.5576923076923078 0.8629807692307693 0.5576923076923078
0 0.9495192307692307 0.5576923076923078 0.7427884615384616 0.5576923076923078 0.7427884615384616 0.5937500000000001 0.9495192307692307 0.5937500000000001
0 0.8774038461538461 0.6033653846153848 0.7860576923076923 0.6033653846153848 0.7860576923076923 0.6466346153846154 0.8774038461538461 0.6466346153846154
0 0.2740384615384616 0.6153846153846154 0.09855769230769237 0.6153846153846154 0.09855769230769237 0.6754807692307693 0.2740384615384616 0.6754807692307693
0 0.44230769230769246 0.6177884615384616 0.295673076923077 0.6177884615384616 0.295673076923077 0.6778846153846154 0.44230769230769246 0.6778846153846154
0 0.3365384615384617 0.6850961538461539 0.13221153846153852 0.6850961538461539 0.13221153846153855 0.7331730769230769 0.3365384615384617 0.7331730769230769
0 0.3317307692307694 0.7403846153846154 0.14423076923076933 0.7403846153846154 0.14423076923076933 0.7764423076923077 0.3317307692307694 0.7764423076923077
0 0.27644230769230776 0.7884615384615384 0.1514423076923078 0.7884615384615384 0.1514423076923078 0.8269230769230769 0.27644230769230776 0.8269230769230769
0 0.2884615384615386 0.8389423076923077 0.12740384615384626 0.8389423076923077 0.12740384615384626 0.8725961538461539 0.2884615384615386 0.8725961538461539
0 0.3557692307692309 0.8677884615384616 0.14423076923076933 0.8677884615384616 0.14423076923076933 0.9014423076923077 0.3557692307692309 0.9014423076923077
0 0.3509615384615386 0.9086538461538461 0.14182692307692318 0.9086538461538461 0.14182692307692318 0.9423076923076923 0.3509615384615386 0.9423076923076923
0 0.5216346153846155 0.7259615384615384 0.38942307692307704 0.7259615384615384 0.38942307692307704 0.8004807692307693 0.5216346153846155 0.8004807692307693
0 0.5937500000000001 0.8052884615384616 0.3870192307692309 0.8052884615384616 0.3870192307692309 0.8413461538461539 0.5937500000000001 0.8413461538461539
0 0.5576923076923078 0.8389423076923077 0.3942307692307694 0.8389423076923077 0.3942307692307694 0.8701923076923077 0.5576923076923078 0.8701923076923077
0 0.625 0.8701923076923077 0.38461538461538475 0.8701923076923077 0.38461538461538475 0.9206730769230769 0.625 0.9206730769230769