0 0.9580747049674552 0.7864033235483775 0.9424784727893207 0.7213926569552485 0.549474859759881 0.8156752711301447 0.5650710919380153 0.8806859377232737
0 0.9475179260589712 0.7287226000168273 0.9413208321507611 0.6794972827704948 0.8186654975961538 0.6949386586538464 0.824862591504364 0.7441639759001788
0 0.4762284529002212 0.8517153758897662 0.4655095265458573 0.7740137621160301 -0.006995312059247074 0.8391957360945501 0.0037236142951167636 0.9168973498682862
0 0.46699965150689593 0.7842914606495123 0.46168385576923077 0.7022418942307691 0.03611005041618097 0.7298138061774107 0.04142584615384616 0.8118633725961538
0 0.3800343783424917 0.7127669072702498 0.3744068990384615 0.6458385745192307 -0.0056274793040302406 0.6777926888835962 8.540177112501205e-18 0.7447210216346154
0 0.4586577112097808 0.6413786743780314 0.4535529953329847 0.5954909076814551 0.11330891346153847 0.6333408509615384 0.11841362933833466 0.6792286176581148
0 0.11055897501372519 0.6636226633606402 0.09686479807692311 0.6164088269230769 0.0253862701627453 0.6371408767265988 0.03908044709954739 0.6843547131641622
0 0.45574086778846146 0.5790693509615384 0.44978974999999993 0.5289361802884616 0.2593189630759736 0.5515462421103556 0.2652700808644351 0.6016794127834326
0 0.21166690747228042 0.5860086018083405 0.20457621957757366 0.5487008478466836 0.10599171595144705 0.5674377556537278 0.11308240384615384 0.6047455096153846
0 0.4594193389873278 0.5086376091796339 0.45423161396236955 0.4580707064495355 0.09086032451923076 0.49534944471153847 0.09604804954418897 0.5459163474416369
0 0.4558851475121516 0.4456319441330472 0.45092780168340235 0.38014962304536 0.005283564249824808 0.41388716571109907 0.010240910078574028 0.47936948679878627
0 0.4489953774038461 0.3743371033653846 0.4397208076923077 0.3292836995192308 0.39156578354638144 0.33919676024883283 0.40084035325791983 0.38425016409498663
0 0.3817051078899343 0.3760790824291641 0.3758825317041778 0.3294875563598226 0.16714030121808968 0.35557422152681234 0.17296287740384614 0.40216574759615387
0 0.1445482534913446 0.3926732175802196 0.14154244246747572 0.34720021720967204 -0.0030058110238688593 0.3567550020332986 0 0.40222800240384615
0 0.4685963857734581 0.30570013012763086 0.4602845952972403 0.2567083512465839 0.29259750760070524 0.2851576129458761 0.30090929807692307 0.33414939182692305
0 0.26292096905399115 0.3253897196253108 0.25903449278846147 0.2817141225961538 0.017976063572928302 0.30316472493426483 0.021862539838457953 0.34684032196342185
0 0.46612200857257213 0.25506332412258087 0.4599657836538462 0.17920853365384617 0.008432107809669763 0.2158541146342796 0.014588332728395671 0.2917089051030143
0 0.4706290481840616 0.17870073265255496 0.4643959975961538 0.13609191826923078 0.3760127338256477 0.14902110586055634 0.38224578441355556 0.1916299202438805
0 0.3602203926419187 0.19368236179520362 0.35637899519230765 0.1376382668269231 0.028988605852152707 0.16007839379034736 0.0328300033017637 0.21612248875862788
2 0.972018673076923 0.10550025240384626 1.3275688539398203e-17 0.10550025240384621 6.550618551201516e-17 0.958489 0.972018673076923 0.958489