2 1 7.771796994588972e-17 0.2692307692307692 3.2971259977044127e-17 0.2692307692307693 0.9831730769230769 1 0.9831730769230769
1 0.7836538461538461 0.4399038461538462 0.040865384615384664 0.43990384615384615 0.04086538461538469 0.8653846153846154 0.7836538461538461 0.8653846153846154
0 0.9423076923076923 0.14663461538461547 0.8509615384615384 0.14663461538461547 0.8509615384615384 0.6442307692307693 0.9423076923076923 0.6442307692307693
0 0.9086538461538461 0.5192307692307694 0.8365384615384616 0.5192307692307694 0.8365384615384616 0.9519230769230769 0.9086538461538461 0.9519230769230769
0 0.8725961538461539 0.6009615384615385 0.8100961538461539 0.6009615384615385 0.8100961538461539 0.9495192307692307 0.8725961538461539 0.9495192307692307
0 0.8365384615384616 0.5961538461538463 0.7764423076923077 0.5961538461538463 0.7764423076923077 0.9543269230769231 0.8365384615384616 0.9543269230769231
0 0.8004807692307693 0.6730769230769231 0.7475961538461539 0.6730769230769231 0.7475961538461539 0.9543269230769231 0.8004807692307693 0.9543269230769231
0 0.7692307692307693 0.5024038461538463 0.7355769230769231 0.5024038461538463 0.7355769230769231 0.5721153846153848 0.7692307692307693 0.5721153846153848
0 0.7548076923076923 0.7139423076923077 0.7091346153846154 0.7139423076923077 0.7091346153846154 0.9615384615384616 0.7548076923076923 0.9615384615384616
0 0.7283653846153846 0.7139423076923077 0.6826923076923077 0.7139423076923077 0.6826923076923077 0.9639423076923077 0.7283653846153846 0.9639423076923077
0 0.6947115384615384 0.7235576923076923 0.6514423076923077 0.7235576923076923 0.6514423076923077 0.9471153846153846 0.6947115384615384 0.9471153846153846
0 0.6634615384615384 0.75 0.6177884615384616 0.75 0.6177884615384616 0.9375 0.6634615384615384 0.9375
0 0.6346153846153846 0.8629807692307693 0.5889423076923078 0.8629807692307693 0.5889423076923078 0.96875 0.6346153846153846 0.96875
0 0.5817307692307694 0.8317307692307693 0.5360576923076924 0.8317307692307693 0.5360576923076924 0.9711538461538461 0.5817307692307694 0.9711538461538461
0 0.5384615384615385 0.9230769230769231 0.49759615384615397 0.9230769230769231 0.49759615384615397 0.96875 0.5384615384615385 0.96875
0 0.4951923076923078 0.9014423076923077 0.45192307692307704 0.9014423076923077 0.45192307692307704 0.9567307692307693 0.4951923076923078 0.9567307692307693
0 0.4447115384615386 0.8701923076923077 0.40384615384615397 0.8701923076923077 0.40384615384615397 0.9711538461538461 0.4447115384615386 0.9711538461538461
0 0.3990384615384617 0.875 0.3509615384615386 0.875 0.3509615384615386 0.9807692307692307 0.3990384615384617 0.9807692307692307
0 0.8629807692307693 1.0082729055480013e-16 0.7836538461538461 9.5969917433182e-17 0.7836538461538461 0.4399038461538463 0.8629807692307693 0.4399038461538463
0 0.8100961538461539 9.582272430828449e-17 0.7548076923076923 9.243728243564157e-17 0.7548076923076923 0.42307692307692324 0.8100961538461539 0.42307692307692324
0 0.7788461538461539 0.1298076923076924 0.7331730769230769 0.1298076923076924 0.7331730769230769 0.41105769230769246 0.7788461538461539 0.41105769230769246
0 0.7572115384615384 0.0024038461538462425 0.6850961538461539 0.002403846153846238 0.6850961538461539 0.44230769230769246 0.7572115384615384 0.44230769230769246
0 0.7139423076923077 0.0024038461538462377 0.65625 0.0024038461538462338 0.65625 0.4326923076923078 0.7139423076923077 0.4326923076923078
0 0.6899038461538461 8.06618324438401e-17 0.6274038461538461 7.683481119650461e-17 0.6274038461538461 0.4302884615384617 0.6899038461538461 0.4302884615384617
0 0.65625 0.24038461538461545 0.6153846153846154 0.24038461538461545 0.6153846153846154 0.4375000000000001 0.65625 0.4375000000000001
0 0.6225961538461539 7.28605968242716e-17 0.5673076923076923 6.947515495162868e-17 0.5673076923076923 0.4375000000000001 0.6225961538461539 0.4375000000000001
0 0.5240384615384616 0.18990384615384623 0.47596153846153844 0.18990384615384623 0.47596153846153844 0.4326923076923077 0.5240384615384616 0.4326923076923077
0 0.4951923076923077 0.28846153846153855 0.4567307692307692 0.28846153846153855 0.4567307692307692 0.4326923076923077 0.4951923076923077 0.4326923076923077
0 0.5985576923076923 6.87391893271411e-17 0.5240384615384616 6.417620245531803e-17 0.5240384615384616 0.4350961538461539 0.5985576923076923 0.43509615384615397