2 1 6.123233995736766e-17 0 0 4.47467099688456e-17 0.7307692307692307 1 0.7307692307692307
1 0.5168269230769231 0.2764423076923077 0.13461538461538464 0.2764423076923077 0.1346153846153847 0.9927884615384616 0.5168269230769232 0.9927884615384616
0 0.8028846153846154 0.10576923076923084 0.3076923076923077 0.10576923076923081 0.3076923076923077 0.16346153846153852 0.8028846153846154 0.16346153846153852
0 0.4326923076923077 0.1634615384615385 0.002403846153846174 0.16346153846153846 0.002403846153846176 0.2043269230769231 0.4326923076923077 0.20432692307692316
0 0.35096153846153844 0.19711538461538464 0.007211538461538485 0.1971153846153846 0.007211538461538488 0.2355769230769231 0.35096153846153844 0.23557692307692316
0 0.3581730769230769 0.2355769230769231 0.0024038461538461826 0.23557692307692307 0.0024038461538461848 0.2692307692307693 0.3581730769230769 0.2692307692307693
0 0.2836538461538462 0.2692307692307693 0.007211538461538493 0.2692307692307692 0.007211538461538496 0.3028846153846154 0.2836538461538462 0.3028846153846155
0 0.4543269230769231 0.2740384615384616 0.3870192307692308 0.2740384615384616 0.3870192307692308 0.3028846153846155 0.4543269230769231 0.3028846153846155
0 0.2475961538461539 0.31490384615384615 3.856459872314982e-17 0.31490384615384615 4.033091622192005e-17 0.34375 0.2475961538461539 0.34375
0 0.2475961538461539 0.34134615384615385 4.180284747089523e-17 0.34134615384615385 4.356916496966545e-17 0.3701923076923077 0.2475961538461539 0.3701923076923077
0 0.2379807692307693 0.375 0.019230769230769273 0.375 0.019230769230769277 0.40384615384615385 0.2379807692307693 0.40384615384615385
0 0.2163461538461539 0.40384615384615385 0.03125000000000005 0.40384615384615385 0.03125000000000005 0.4375 0.2163461538461539 0.4375
0 0.10576923076923084 0.4375 0.0024038461538462073 0.4375 0.00240384615384621 0.47596153846153844 0.10576923076923084 0.47596153846153844
0 0.13942307692307698 0.49038461538461536 6.005479495818751e-17 0.49038461538461536 6.226269183165029e-17 0.5264423076923077 0.13942307692307698 0.5264423076923077
0 0.0504807692307693 0.53125 0.007211538461538525 0.53125 0.007211538461538529 0.5673076923076923 0.0504807692307693 0.5673076923076923
0 0.07451923076923084 0.5745192307692307 0.021634615384615453 0.5745192307692307 0.021634615384615457 0.6105769230769231 0.07451923076923084 0.6105769230769231
0 0.108173076923077 0.625 0.009615384615384692 0.625 0.009615384615384694 0.65625 0.108173076923077 0.65625
0 0.10817307692307701 0.6730769230769231 0.002403846153846236 0.6730769230769231 0.0024038461538462385 0.7115384615384616 0.10817307692307702 0.7115384615384616
0 0.9975961538461539 0.17307692307692318 0.5144230769230769 0.17307692307692316 0.5144230769230769 0.2187500000000001 0.9975961538461539 0.21875000000000014
0 0.9855769230769231 0.22115384615384626 0.53125 0.22115384615384623 0.53125 0.24759615384615394 0.9855769230769231 0.247596153846154
0 0.8245192307692307 0.2548076923076924 0.5480769230769231 0.2548076923076924 0.5480769230769231 0.28125000000000006 0.8245192307692307 0.28125000000000006
0 0.9543269230769231 0.2764423076923078 0.5168269230769231 0.27644230769230776 0.5168269230769231 0.3173076923076924 0.9543269230769231 0.31730769230769246
0 0.9591346153846154 0.3173076923076924 0.53125 0.3173076923076923 0.53125 0.3485576923076924 0.9591346153846154 0.34855769230769246
0 1 0.34375000000000006 0.5336538461538461 0.34375 0.5336538461538461 0.37500000000000006 1 0.3750000000000001
0 0.7235576923076923 0.37500000000000006 0.5288461538461539 0.375 0.5288461538461539 0.40625000000000006 0.7235576923076923 0.4062500000000001
0 0.9975961538461539 0.4110576923076924 0.5288461538461539 0.4110576923076923 0.5288461538461539 0.43269230769230776 0.9975961538461539 0.4326923076923078
0 0.78125 0.5072115384615385 0.5408653846153846 0.5072115384615384 0.5408653846153846 0.5384615384615385 0.78125 0.5384615384615385
0 0.6850961538461539 0.5384615384615385 0.5408653846153846 0.5384615384615384 0.5408653846153847 0.5649038461538463 0.6850961538461539 0.5649038461538463
0 0.9855769230769231 0.4350961538461539 0.5360576923076923 0.43509615384615385 0.5360576923076923 0.47596153846153855 0.9855769230769231 0.4759615384615386