2 0.7548076923076923 4.6218641217820786e-17 0 0 6.123233995736766e-17 1 0.7548076923076923 1
1 1 0.420673076923077 0.28846153846153855 0.4206730769230769 0.28846153846153855 0.8485576923076923 1 0.8485576923076923
0 0.18028846153846156 0.1875 0.11057692307692311 0.1875 0.11057692307692313 0.6875 0.18028846153846162 0.6875
0 0.22596153846153857 0.5552884615384616 0.1754807692307693 0.5552884615384616 0.17548076923076933 0.9879807692307693 0.2259615384615386 0.9879807692307693
0 0.25721153846153855 0.6322115384615384 0.21153846153846162 0.6322115384615384 0.21153846153846165 0.9807692307692307 0.2572115384615386 0.9807692307692307
0 0.2908653846153847 0.625 0.25000000000000006 0.625 0.2500000000000001 0.9831730769230769 0.29086538461538475 0.9831730769230769
0 0.32692307692307704 0.6947115384615384 0.2860576923076924 0.6947115384615384 0.2860576923076924 0.9759615384615384 0.32692307692307704 0.9759615384615384
0 0.3173076923076924 0.5264423076923077 0.2860576923076924 0.5264423076923077 0.2860576923076924 0.5961538461538461 0.31730769230769246 0.5961538461538461
0 0.3677884615384617 0.7307692307692307 0.3317307692307694 0.7307692307692307 0.3317307692307694 0.9783653846153846 0.3677884615384617 0.9783653846153846
0 0.3942307692307694 0.7283653846153846 0.35817307692307704 0.7283653846153846 0.35817307692307704 0.9783653846153846 0.3942307692307694 0.9783653846153846
0 0.4254807692307694 0.7355769230769231 0.39182692307692324 0.7355769230769231 0.39182692307692324 0.9591346153846154 0.4254807692307694 0.9591346153846154
0 0.45913461538461553 0.7572115384615384 0.42307692307692324 0.7572115384615384 0.42307692307692324 0.9447115384615384 0.45913461538461553 0.9447115384615384
0 0.49759615384615397 0.8653846153846154 0.4567307692307694 0.8653846153846154 0.4567307692307694 0.9711538461538461 0.49759615384615397 0.9711538461538461
0 0.5480769230769232 0.8269230769230769 0.5096153846153848 0.8269230769230769 0.5096153846153848 0.96875 0.5480769230769232 0.96875
0 0.591346153846154 0.9134615384615384 0.5528846153846155 0.9134615384615384 0.5528846153846155 0.9591346153846154 0.591346153846154 0.9591346153846154
0 0.6346153846153846 0.8870192307692307 0.5937500000000001 0.8870192307692307 0.5937500000000001 0.9423076923076923 0.6346153846153846 0.9423076923076923
0 0.6802884615384616 0.8509615384615384 0.6442307692307693 0.8509615384615384 0.6442307692307693 0.9519230769230769 0.6802884615384616 0.9519230769230769
0 0.7331730769230769 0.8485576923076923 0.6923076923076923 0.8485576923076923 0.6923076923076923 0.9567307692307693 0.7331730769230769 0.9567307692307693
0 0.22836538461538464 2.458125185788558e-17 0.17307692307692307 2.1195809985242653e-17 0.1730769230769231 0.4735576923076923 0.2283653846153847 0.4735576923076923
0 0.2572115384615385 2.9438624979503685e-17 0.22355769230769232 2.7377921230938423e-17 0.22355769230769235 0.4543269230769231 0.25721153846153855 0.4543269230769231
0 0.29086538461538464 0.15625000000000003 0.25721153846153844 0.15625 0.2572115384615385 0.4375 0.2908653846153847 0.4375
0 0.3293269230769231 0.02644230769230773 0.2764423076923077 0.026442307692307727 0.2764423076923077 0.46634615384615385 0.3293269230769231 0.46634615384615385
0 0.3581730769230769 0.019230769230769273 0.31971153846153844 0.019230769230769273 0.31971153846153844 0.4495192307692308 0.3581730769230769 0.4495192307692308
0 0.38461538461538464 4.4599516843948075e-17 0.34375 4.209723372069027e-17 0.34375 0.44471153846153844 0.38461538461538464 0.44471153846153844
0 0.41586538461538464 0.25000000000000006 0.38221153846153844 0.25000000000000006 0.38221153846153844 0.44711538461538464 0.41586538461538464 0.44711538461538464
0 0.44471153846153844 5.2400752463516556e-17 0.4110576923076923 5.03400487149513e-17 0.4110576923076923 0.44471153846153844 0.44471153846153844 0.44471153846153844
0 0.5480769230769231 0.1850961538461539 0.5120192307692307 0.1850961538461539 0.5120192307692307 0.4254807692307692 0.5480769230769231 0.4254807692307692
0 0.5769230769230769 0.2788461538461539 0.5456730769230769 0.2788461538461539 0.5456730769230769 0.4254807692307693 0.5769230769230769 0.4254807692307694
0 0.4879807692307692 5.652215996064707e-17 0.43509615384615385 5.328391121290167e-17 0.43509615384615385 0.4375 0.4879807692307692 0.4375