2 0.9399038461538461 5.82884774594173e-17 0.01201923076923077 1.4719312489751842e-18 0.012019230769230829 0.9639423076923077 0.9399038461538461 0.9639423076923077
0 0.15865384615384615 0.028846153846153858 0.0625 0.028846153846153855 0.06250000000000001 0.18028846153846154 0.15865384615384615 0.18028846153846154
0 0.295673076923077 0.057692307692307716 0.20432692307692307 0.05769230769230771 0.2043269230769231 0.30528846153846156 0.295673076923077 0.3052884615384616
0 0.39903846153846156 0.009615384615384658 0.3076923076923077 0.009615384615384654 0.3076923076923077 0.2596153846153847 0.39903846153846156 0.2596153846153847
0 0.5360576923076923 0.002403846153846213 0.43509615384615385 0.0024038461538462073 0.43509615384615385 0.20432692307692316 0.5360576923076923 0.20432692307692316
0 0.6826923076923077 0.1177884615384616 0.5889423076923077 0.1177884615384616 0.5889423076923077 0.43509615384615397 0.6826923076923077 0.43509615384615397
0 0.7235576923076923 0.04807692307692316 0.6634615384615384 0.04807692307692316 0.6634615384615384 0.16105769230769237 0.7235576923076923 0.16105769230769237
0 0.7259615384615384 0.2067307692307693 0.6850961538461539 0.2067307692307693 0.6850961538461539 0.28846153846153855 0.7259615384615384 0.28846153846153855
0 0.7788461538461539 0.1971153846153847 0.7283653846153846 0.1971153846153847 0.7283653846153846 0.3461538461538463 0.7788461538461539 0.3461538461538463
0 0.8942307692307693 0.20192307692307704 0.8293269230769231 0.20192307692307698 0.8293269230769231 0.28846153846153855 0.8942307692307693 0.2884615384615386
0 0.8966346153846154 0.3149038461538463 0.8341346153846154 0.3149038461538463 0.8341346153846154 0.5216346153846155 0.8966346153846154 0.5216346153846155
0 0.8341346153846154 0.5961538461538463 0.7644230769230769 0.5961538461538463 0.7644230769230769 0.8293269230769231 0.8341346153846154 0.8293269230769231
0 0.14182692307692313 0.3004807692307692 0.03365384615384619 0.3004807692307692 0.03365384615384621 0.5865384615384616 0.14182692307692316 0.5865384615384616
0 0.23076923076923084 0.4855769230769231 0.15625000000000006 0.4855769230769231 0.15625000000000006 0.625 0.23076923076923084 0.625
0 0.11778846153846165 0.7451923076923077 0.05769230769230778 0.7451923076923077 0.057692307692307786 0.8701923076923077 0.11778846153846165 0.8701923076923077
0 0.2139423076923078 0.7884615384615384 0.16346153846153852 0.7884615384615384 0.16346153846153857 0.9110576923076923 0.21394230769230782 0.9110576923076923
0 0.19951923076923084 0.6274038461538461 0.13942307692307698 0.6274038461538461 0.139423076923077 0.7764423076923077 0.19951923076923084 0.7764423076923077
0 0.43269230769230776 0.4230769230769231 0.35336538461538464 0.4230769230769231 0.3533653846153847 0.5649038461538461 0.4326923076923078 0.5649038461538461
0 0.4375000000000001 0.5961538461538461 0.3774038461538463 0.5961538461538461 0.3774038461538463 0.71875 0.4375000000000001 0.71875
0 0.48557692307692313 0.4375 0.4230769230769231 0.4375 0.42307692307692313 0.6346153846153846 0.48557692307692324 0.6346153846153846
0 0.5144230769230771 0.6658653846153846 0.45192307692307704 0.6658653846153846 0.45192307692307704 0.8557692307692307 0.5144230769230771 0.8557692307692307
0 0.5673076923076924 0.5673076923076924 0.5048076923076924 0.5673076923076923 0.5048076923076924 0.8125 0.5673076923076924 0.8125
0 0.32932692307692324 0.7572115384615384 0.2475961538461539 0.7572115384615384 0.24759615384615394 0.8990384615384616 0.32932692307692324 0.8990384615384616
0 0.3701923076923078 0.7668269230769231 0.31730769230769246 0.7668269230769231 0.31730769230769246 0.8461538461538461 0.3701923076923078 0.8461538461538461
0 0.5552884615384616 0.3076923076923077 0.5024038461538461 0.3076923076923077 0.5024038461538461 0.4326923076923077 0.5552884615384616 0.4326923076923077
0 0.8293269230769231 0.2548076923076924 0.7716346153846154 0.2548076923076924 0.7716346153846154 0.47836538461538475 0.8293269230769231 0.47836538461538475
0 0.7716346153846154 0.38461538461538475 0.71875 0.38461538461538475 0.71875 0.5264423076923078 0.7716346153846154 0.5264423076923078
0 0.7139423076923077 0.4447115384615386 0.6658653846153846 0.4447115384615386 0.6658653846153846 0.5096153846153848 0.7139423076923077 0.5096153846153848
0 0.625 0.5000000000000001 0.5769230769230769 0.5000000000000001 0.5769230769230769 0.5552884615384617 0.625 0.5552884615384617
0 0.6346153846153846 0.5649038461538463 0.6009615384615385 0.5649038461538463 0.6009615384615385 0.6225961538461539 0.6346153846153846 0.6225961538461539
0 0.6403937550283483 0.7612155768675242 0.5890207956730769 0.5474352548076923 0.5351010598754979 0.5603925577478607 0.5864740192307694 0.7741728798076924
0 0.7250631009615385 0.7897421658653847 0.6784555740313064 0.6395963571490071 0.6189006822043832 0.6580830951297764 0.6655082091346153 0.808228903846154