2 1 6.123233995736766e-17 0 0 5.608058058595451e-17 0.9158653846153846 1 0.9158653846153846
1 0.7451923076923077 0.09855769230769237 0.2668269230769231 0.09855769230769235 0.26682692307692313 0.8293269230769231 0.7451923076923077 0.8293269230769231
0 0.24519230769230776 0.36778846153846156 4.5041096218640635e-17 0.36778846153846156 4.872092434107859e-17 0.42788461538461536 0.24519230769230776 0.42788461538461536
0 0.2524038461538462 0.41346153846153844 0.02403846153846159 0.41346153846153844 0.024038461538461595 0.46153846153846156 0.2524038461538462 0.46153846153846156
0 0.264423076923077 0.4543269230769231 0.028846153846153907 0.4543269230769231 0.028846153846153907 0.49759615384615385 0.264423076923077 0.49759615384615385
0 0.2379807692307693 0.49759615384615385 0.02644230769230775 0.49759615384615385 0.026442307692307758 0.5480769230769231 0.2379807692307693 0.5480769230769231
0 0.16346153846153852 0.5841346153846154 0.06971153846153853 0.5841346153846154 0.06971153846153853 0.6274038461538461 0.16346153846153852 0.6274038461538461
0 0.46875 0.2307692307692308 0.25961538461538464 0.23076923076923078 0.25961538461538464 0.29807692307692313 0.46875 0.29807692307692313
0 0.46634615384615385 0.295673076923077 0.3125 0.295673076923077 0.3125 0.3245192307692308 0.46634615384615385 0.3245192307692308
0 0.45913461538461536 0.3173076923076923 0.31009615384615385 0.3173076923076923 0.31009615384615385 0.3485576923076923 0.45913461538461536 0.3485576923076923
0 0.3557692307692308 0.3389423076923077 0.3004807692307693 0.3389423076923077 0.3004807692307693 0.37259615384615385 0.3557692307692308 0.37259615384615385