2 1 6.123233995736766e-17 0 0 6.034918120798255e-17 0.9855769230769231 1 0.9855769230769231
1 0.4903846153846155 0.20192307692307696 2.4728444982783092e-17 0.20192307692307693 7.27134036993741e-17 0.9855769230769231 0.49038461538461553 0.9855769230769231
0 0.07932692307692311 0.3076923076923077 0.016826923076923114 0.3076923076923077 0.016826923076923118 0.3485576923076923 0.07932692307692311 0.3485576923076923
0 0.10096153846153849 0.33653846153846156 0.01682692307692312 0.33653846153846156 0.01682692307692312 0.37740384615384615 0.10096153846153849 0.37740384615384615
0 0.08894230769230772 0.37740384615384615 0.016826923076923125 0.37740384615384615 0.016826923076923125 0.4182692307692308 0.08894230769230772 0.4182692307692308
0 0.7283653846153846 0.23557692307692316 0.6298076923076923 0.23557692307692316 0.6298076923076923 0.31730769230769246 0.7283653846153846 0.31730769230769246
0 0.5168269230769231 0.3798076923076923 0.44471153846153844 0.3798076923076923 0.44471153846153844 0.4519230769230769 0.5168269230769231 0.4519230769230769
0 0.6129807692307693 0.3052884615384616 0.5192307692307693 0.3052884615384616 0.5192307692307693 0.4086538461538462 0.6129807692307693 0.4086538461538463
0 0.7139423076923077 0.3677884615384617 0.6274038461538461 0.3677884615384617 0.6274038461538461 0.4447115384615386 0.7139423076923077 0.4447115384615386
0 0.8245192307692307 0.31009615384615397 0.7355769230769231 0.31009615384615397 0.7355769230769231 0.41586538461538475 0.8245192307692307 0.41586538461538475
0 0.9423076923076923 0.36538461538461553 0.8629807692307693 0.36538461538461553 0.8629807692307693 0.44230769230769246 0.9423076923076923 0.44230769230769246
0 0.78125 0.5312500000000001 0.6586538461538461 0.5312500000000001 0.6586538461538461 0.6466346153846154 0.78125 0.6466346153846154
0 0.6274038461538461 0.6778846153846154 0.4951923076923078 0.6778846153846154 0.4951923076923078 0.8125 0.6274038461538461 0.8125
0 0.6514423076923077 0.5721153846153848 0.5625000000000001 0.5721153846153848 0.5625000000000001 0.6322115384615384 0.6514423076923077 0.6322115384615384