2 1.0643192070127494 0.11729013005269379 0.005497925480769235 0.03935849759615385 -0.059224904308891706 0.9187178465804338 0.9995963772230885 0.9966494790369738
0 0.264423076923077 0.35096153846153844 0.07932692307692311 0.35096153846153844 0.07932692307692313 0.5769230769230769 0.264423076923077 0.5769230769230769
0 0.37500000000000006 0.40625 0.2548076923076924 0.40625 0.2548076923076924 0.5817307692307693 0.3750000000000001 0.5817307692307693
0 0.5745192307692308 0.4086538461538462 0.40384615384615385 0.40865384615384615 0.4038461538461539 0.5889423076923077 0.574519230769231 0.5889423076923078
0 0.4014423076923077 0.07932692307692311 0.2668269230769231 0.07932692307692311 0.26682692307692313 0.36778846153846156 0.4014423076923077 0.36778846153846156
0 0.7908653846153846 0.5408653846153848 0.6923076923076923 0.5408653846153848 0.6923076923076923 0.8774038461538461 0.7908653846153846 0.8774038461538461
0 0.8751358173076925 0.9775540552884616 0.8206755061141922 0.5542861499874492 0.7592860175531058 0.5621849077462472 0.8137463287466061 0.9854528130472597
0 0.8231144591346153 0.46542044711538466 0.7824934785593685 0.1304030655484965 0.7085798100961538 0.13936512500000003 0.7492007906714007 0.4743825065668882
0 0.917530951923077 0.6322366490384616 0.8335072688610123 0.1620007260849331 0.7745838644243306 0.17252940162343483 0.8586075474863952 0.6427653245769633
0 1.0095257547634338 0.8432066866409106 0.8894427318353733 0.1587033058286518 0.8370933173771059 0.1678870090986095 0.9571763403051665 0.8523903899108684
0 1.0128792432914824 0.6350894129685964 0.9619594414884438 0.18258052709034384 0.9033716923076921 0.18917327403846157 0.9542914941107307 0.6416821599167142
0 0.9680103966346152 0.9631736298076924 0.9202170924652671 0.6610722462467096 0.8480071304902975 0.6724960690576042 0.8958004346596458 0.974597452618587