2 0.923828125 0.027343750000000114 0.03320312500000001 -1.4945309946877107e-17 0.002604904880076091 0.9966277410489498 0.893229904880076 1.02397149104895
0 0.5649038461538461 0.07211538461538466 0.33653846153846156 0.07211538461538465 0.33653846153846156 0.2475961538461539 0.5649038461538461 0.2475961538461539
0 0.5384615384615384 0.24519230769230776 0.3629807692307692 0.24519230769230776 0.3629807692307692 0.35336538461538464 0.5384615384615384 0.35336538461538464
0 0.5264423076923077 0.39663461538461536 0.36778846153846156 0.39663461538461536 0.36778846153846156 0.5504807692307693 0.5264423076923077 0.5504807692307693
0 0.31009615384615385 0.28125000000000006 0.048076923076923114 0.28125 0.04807692307692312 0.3918269230769231 0.31009615384615385 0.3918269230769231
0 0.7860576923076923 0.6875 0.4639423076923078 0.6875 0.4639423076923078 0.7596153846153846 0.7860576923076923 0.7596153846153846
0 0.8822115384615384 0.7596153846153846 0.46634615384615397 0.7596153846153846 0.46634615384615397 0.84375 0.8822115384615384 0.84375
0 0.3858339492945027 0.7601388628540268 0.050781250000000104 0.71875 0.041900425705497533 0.7906423871459732 0.3769531250000001 0.83203125
0 0.5327837544452033 0.8629629288346252 0.06250000000000008 0.794921875 0.05510687055479691 0.8460214461653751 0.5253906250000002 0.9140625000000002
0 0.7419560942619193 0.9419205139200353 0.06835937500000008 0.8476562499999999 0.05920735295803363 0.9130550741748851 0.7328040722199529 1.0073193380949206
0 0.865234375 0.87109375 0.5566406250000001 0.861328125 0.554282556199728 0.935843099088599 0.862876306199728 0.945608724088599