2 1 0.03515625000000006 0.025390625000000007 0.03515625 0.02539062500000006 0.921875 1 0.921875
0 0.2692307692307692 0.06009615384615387 0.08173076923076923 0.06009615384615386 0.08173076923076923 0.12259615384615387 0.2692307692307692 0.12259615384615388
0 0.49038461538461536 0.06490384615384621 0.3942307692307692 0.0649038461538462 0.3942307692307692 0.10336538461538466 0.49038461538461536 0.10336538461538468
0 0.6418269230769231 0.05048076923076931 0.5817307692307693 0.0504807692307693 0.5817307692307693 0.076923076923077 0.6418269230769231 0.076923076923077
0 0.6394230769230769 0.076923076923077 0.5841346153846154 0.076923076923077 0.5841346153846154 0.10096153846153853 0.6394230769230769 0.10096153846153853
0 0.6394230769230769 0.10336538461538468 0.5889423076923077 0.10336538461538468 0.5889423076923077 0.12980769230769237 0.6394230769230769 0.12980769230769237
0 0.6538461538461539 0.1346153846153847 0.5841346153846154 0.1346153846153847 0.5841346153846154 0.16346153846153852 0.6538461538461539 0.16346153846153852
0 0.8942307692307693 0.0625000000000001 0.8533653846153846 0.0625000000000001 0.8533653846153846 0.10336538461538472 0.8942307692307693 0.10336538461538472
0 0.1971153846153846 0.2283653846153846 0.1370192307692308 0.2283653846153846 0.1370192307692308 0.2620192307692308 0.1971153846153846 0.2620192307692308
0 0.12259615384615388 0.29086538461538464 0.06730769230769235 0.29086538461538464 0.06730769230769235 0.3173076923076923 0.12259615384615388 0.3173076923076923
0 0.08894230769230772 0.2548076923076923 0.05769230769230772 0.2548076923076923 0.05769230769230772 0.29086538461538464 0.08894230769230772 0.29086538461538464
0 0.9375 0.19951923076923087 0.7884615384615384 0.19951923076923084 0.7884615384615384 0.24759615384615394 0.9375 0.247596153846154
0 0.9110576923076923 0.24759615384615394 0.7836538461538461 0.2475961538461539 0.7836538461538461 0.2860576923076924 0.9110576923076923 0.28605769230769246
0 0.43990384615384615 0.23557692307692316 0.3629807692307692 0.23557692307692316 0.3629807692307692 0.264423076923077 0.43990384615384615 0.264423076923077
0 0.4567307692307692 0.264423076923077 0.36538461538461536 0.264423076923077 0.36538461538461536 0.29326923076923084 0.4567307692307692 0.29326923076923084
0 0.24759615384615388 0.2620192307692308 0.13942307692307696 0.2620192307692308 0.13942307692307696 0.2956730769230769 0.2475961538461539 0.2956730769230769
0 0.26201923076923084 0.3004807692307692 0.16105769230769237 0.3004807692307692 0.16105769230769237 0.3269230769230769 0.26201923076923084 0.3269230769230769
0 0.3004807692307693 0.4014423076923077 0.18750000000000006 0.4014423076923077 0.18750000000000006 0.43509615384615385 0.3004807692307693 0.43509615384615385
0 0.3125 0.43028846153846156 0.1850961538461539 0.43028846153846156 0.1850961538461539 0.46634615384615385 0.3125 0.46634615384615385
0 0.3389423076923077 0.46875 0.19471153846153852 0.46875 0.19471153846153852 0.49759615384615385 0.3389423076923077 0.49759615384615385
0 0.35336538461538464 0.5 0.19471153846153852 0.5 0.19471153846153852 0.5240384615384616 0.35336538461538464 0.5240384615384616
0 0.3629807692307693 0.5216346153846154 0.19230769230769237 0.5216346153846154 0.19230769230769237 0.5625 0.3629807692307694 0.5625
0 0.3125000000000001 0.5985576923076923 0.18750000000000006 0.5985576923076923 0.18750000000000006 0.625 0.3125000000000001 0.625
0 0.3317307692307694 0.625 0.18269230769230776 0.625 0.18269230769230776 0.6538461538461539 0.3317307692307694 0.6538461538461539
0 0.26682692307692313 0.6490384615384616 0.1850961538461539 0.6490384615384616 0.1850961538461539 0.6778846153846154 0.26682692307692313 0.6778846153846154
0 0.3004807692307693 0.6802884615384616 0.18750000000000006 0.6802884615384616 0.18750000000000006 0.6971153846153846 0.3004807692307693 0.6971153846153846
0 0.29326923076923084 0.6995192307692307 0.1971153846153847 0.6995192307692307 0.1971153846153847 0.7283653846153846 0.29326923076923084 0.7283653846153846
0 0.29807692307692313 0.7740384615384616 0.21153846153846162 0.7740384615384616 0.21153846153846162 0.8028846153846154 0.29807692307692313 0.8028846153846154
0 0.3149038461538463 0.8004807692307693 0.20913461538461545 0.8004807692307693 0.20913461538461545 0.8245192307692307 0.3149038461538463 0.8245192307692307
0 0.47355769230769246 0.7764423076923077 0.4014423076923078 0.7764423076923077 0.4014423076923078 0.8004807692307693 0.47355769230769246 0.8004807692307693
0 0.48557692307692324 0.8004807692307693 0.3990384615384617 0.8004807692307693 0.3990384615384617 0.8317307692307693 0.48557692307692324 0.8317307692307693
0 0.5552884615384617 0.7908653846153846 0.49759615384615397 0.7908653846153846 0.49759615384615397 0.8317307692307693 0.5552884615384617 0.8317307692307693
0 0.3076923076923078 0.8269230769230769 0.24278846153846162 0.8269230769230769 0.24278846153846165 0.8533653846153846 0.3076923076923078 0.8533653846153846
0 0.3076923076923078 0.8509615384615384 0.2259615384615386 0.8509615384615384 0.2259615384615386 0.875 0.3076923076923078 0.875
0 0.3389423076923078 0.8701923076923077 0.2572115384615386 0.8701923076923077 0.2572115384615386 0.9014423076923077 0.3389423076923078 0.9014423076923077