0 0.2884615384615385 0.1586538461538462 0.10336538461538465 0.15865384615384615 0.10336538461538466 0.4254807692307692 0.28846153846153855 0.4254807692307692
0 0.49177294711538455 0.4520397572115386 0.44923556780790236 0.10974509561342893 0.2871335817307692 0.1298897091346154 0.3296709610382515 0.472184370732725
0 0.6852642548076923 0.13551792788461545 0.4684332884615384 0.12093782211538466 0.44454762062616915 0.4761583205493705 0.661378586972323 0.49073842631860126
0 0.8426733798076922 0.21102470432692313 0.7076009278846154 0.1855973750000001 0.6466951492580608 0.5091348078778698 0.7817676011811376 0.5345621372047928
0 1.0005596968051613 0.17991501093193343 0.8689943725961539 0.15402354567307702 0.7897829618486848 0.5565297318565283 0.9213482860576921 0.5824211971153846
0 0.40285411538461535 0.8351375576923077 0.36628767753699304 0.6850940573652505 0.2807181491377455 0.7059478286718455 0.3172845869853679 0.8559913289989025
0 0.3393753341346153 0.6636423557692306 0.2887036597987737 0.4841209126878938 0.188449125 0.5124187307692308 0.23912079933584163 0.6919401738505676
0 0.441312846153846 0.6910420721153845 0.3527522985832148 0.45536700044700756 0.2621905865384615 0.4893977307692308 0.35075113410909275 0.7250728024376077
0 0.5515984423076923 0.8613611826923075 0.5335492830887486 0.727827021765995 0.45384980288461535 0.738599610576923 0.47189896210355897 0.8721337715032356
0 0.6147764643743644 0.6589975160510577 0.5480528822115387 0.6582361826923079 0.5455921942794822 0.873891928660481 0.612315776442308 0.8746532620192309
0 0.6700488317147647 0.5979372028895644 0.6054193221153845 0.5913363822115385 0.5764677002887526 0.8748055464309104 0.6410972098881328 0.8814063671089362
0 0.7422645552884617 0.7183262091346155 0.6658540360576924 0.7002178293269232 0.6214825746734909 0.8874486274105053 0.6978930939042602 0.9055570072181978
0 0.8308029278846155 0.7605546298076924 0.7405500745192307 0.7318843293269233 0.6906703617533009 0.8889034859691978 0.7809232151186857 0.9175737864499671
0 0.9193753894230772 0.8047361778846155 0.828907673065618 0.7631409036193586 0.7620069608653061 0.9086467275947799 0.852474677222765 0.9502420018600367
0 0.44823772596153855 1 0.4210912408443238 0.8970228446991099 0.35545785096153854 0.9143248942307692 0.3826043360787532 1.0173020495316594
0 0.40805585817307694 0.9095838221153847 0.38951371203519847 0.8170940995996325 0.32277599038461535 0.8304735384615386 0.3413181365224939 0.9229632609772908
0 0.49728595432692313 0.8796603750000002 0.40684520138939234 0.8663742375293079 0.3999475054593126 0.9133278999331971 0.4903882583968434 0.9266140374038894