0 0.8698704979991105 0.2729563139172967 0.8401442307692306 0.13221153846153852 0.5447929635393508 0.19459176300578035 0.5745192307692307 0.33533653846153855
0 0.8871435676392573 0.5225464190981431 0.8774038461538461 0.3569711538461538 0.5455487400530503 0.3764920424403183 0.5552884615384615 0.5420673076923077
0 0.9098557692307693 0.5336538461538463 0.5526528434342973 0.4933809672650283 0.5250086126650666 0.7385732749573359 0.8822115384615384 0.778846153846154
0 0.8805539181592634 0.7838060862105214 0.5204326923076924 0.7103365384615385 0.4920422356868906 0.8494963176356329 0.8521634615384617 0.9229658653846157
0 0.6610576923076923 0.8894230769230769 0.4951923076923078 0.8894230769230769 0.4951923076923078 1 0.6610576923076923 1
0 0.2908653846153847 0.3245192307692308 0.1754807692307693 0.3245192307692308 0.1754807692307693 0.4206730769230769 0.2908653846153847 0.4206730769230769
0 0.5257248327273268 0.3049369188299108 0.5012019230769231 0.2283653846153846 0.3011982441957499 0.29241885040085835 0.3257211538461538 0.3689903846153845
0 0.5494857593178298 0.39934501113538723 0.5252403846153846 0.3064903846153847 0.28705270222063184 0.368683835018459 0.3112980769230769 0.4615384615384616
0 0.25721153846153855 0.49038461538461536 0.16105769230769237 0.49038461538461536 0.16105769230769237 0.5721153846153846 0.25721153846153855 0.5721153846153846
0 0.37139423076923084 0.5877403846153847 0.1424957280519918 0.575367492576615 0.13858094290996703 0.6477910177040731 0.3674794456272061 0.6601639097428428
0 0.43149038461538464 0.6610576923076924 0.13341346153846156 0.6286057692307694 0.1268629006191373 0.6887738843415997 0.42493982369606037 0.7212258074185228
0 0.3365384615384617 0.7043269230769231 0.14443323713040418 0.6549284368005654 0.12279862174578876 0.7390630521851809 0.3149038461538463 0.7884615384615384
0 0.3005684874098038 0.7833662777459349 0.1262019230769232 0.7355769230769232 0.10207574335942728 0.8236048761002193 0.2764423076923079 0.8713942307692311
0 0.25248113339118594 0.8597203712886632 0.12259615384615405 0.7992788461538465 0.09256202349222112 0.863820275212298 0.222447003037253 0.9242618003471149
0 0.08950009760541387 0.43151447313098146 0.07091346153846154 0.3737980769230769 -0.01858663606695233 0.4026201422536339 0 0.46033653846153844
0 0.15504807692307698 0.34615384615384615 0.0972624068262064 0.33806385234028424 0.08547563901379128 0.4222550510003923 0.14326130911066184 0.43034504481395425
0 0.13100961538461545 0.42427884615384615 0.09049481674434734 0.42106338594430104 0.08414966199298954 0.5010123358114094 0.12466446063325763 0.5042277960209545
0 0.05769230769230776 0.5420673076923077 6.925436526428242e-17 0.5420673076923077 7.212463119978403e-17 0.5889423076923077 0.05769230769230776 0.5889423076923077
0 0.13834010339734124 0.5896311498693331 0.13581730769230768 0.5240384615384615 0.05997720429496646 0.5269553885922054 0.06249999999999999 0.592548076923077
0 0.050480769230769315 0.6045673076923077 0.007828604752088592 0.5964979792774222 -0.0005848567863729465 0.6409691331235762 0.04206730769230778 0.6490384615384617
0 0.03992341755509881 0.7309089197781709 0.006009615384615461 0.7283653846153846 0.0021438901372090504 0.7799083879141369 0.0360576923076924 0.7824519230769231