0 0.8485576923076923 0.09855769230769239 0.5913461538461539 0.09855769230769237 0.5913461538461539 0.28365384615384626 0.8485576923076923 0.2836538461538463
0 0.9043544176681977 0.44906422009266234 0.8867187499999999 0.28515624999999994 0.5585362073318022 0.32046702990733766 0.576171875 0.484375
0 0.9062500000000001 0.46679687500000006 0.5490330747342151 0.46357870450211003 0.5470799497342151 0.6803755795021099 0.904296875 0.68359375
0 0.8644831730769232 0.7068810096153846 0.5332031250000001 0.640625 0.506610576923077 0.7735877403846155 0.8378906250000001 0.8398437500000002
0 0.896484375 0.8671875 0.48674218011901754 0.8055272667897551 0.46712447360992704 0.9358900906888725 0.8768666684909096 0.9975503238991175
0 0.32993950647817205 0.3559808407263212 0.3098906808463109 0.26862524333035487 0.16745117436813886 0.30131627760403373 0.1875 0.38867187500000006
0 0.5256734913793103 0.28230064655172415 0.498046875 0.1796875 0.3278421336206897 0.22551185344827587 0.35546875 0.328125
0 0.5595184880077787 0.34706609226447704 0.525390625 0.25390625 0.29985651199222124 0.3365276577355229 0.33398437499999994 0.42968749999999994
0 0.2966796875 0.5220703125000001 0.287109375 0.44140625000000006 0.16035156250000002 0.45644531250000003 0.169921875 0.5371093750000001
0 0.37304687500000006 0.5371093750000001 0.16200095171549742 0.5312469882420973 0.1601502264841944 0.5978730965690053 0.3711961497686971 0.6037354833269082
0 0.44335937500000006 0.595703125 0.15753659652333038 0.5783805323650503 0.15363034652333035 0.6428336573650504 0.43945312500000006 0.6601562500000001
0 0.33828066984176874 0.6543689485033705 0.14600909152576272 0.6188405046841085 0.1319471716839942 0.6949403061807382 0.3242187500000001 0.7304687500000001
0 0.3119017929361015 0.7288910841871126 0.14843750000000014 0.68359375 0.12364508206389878 0.7730620408128875 0.2871093750000001 0.8183593750000001
0 0.28586121586040714 0.8162779476079973 0.1328125000000001 0.751953125 0.09499815913959307 0.8419251773920029 0.24804687500000014 0.9062500000000001
0 0.12224264705882354 0.4069393382352941 0.10546875 0.33984375 -0.0011488970588235435 0.3664981617647059 0.015625 0.43359375
0 0.20007615633289125 0.37650499419761274 0.1875 0.30859375 0.10070509366710875 0.32466688080238726 0.11328125 0.392578125
0 0.1567590948064675 0.38880393342724157 0.10904581087702113 0.38456275263351297 0.1007242160705537 0.4781806942062714 0.14843750000000006 0.482421875