2 0.9711538461538461 5.946602245859743e-17 0 0 6.123233995736766e-17 1 0.9711538461538461 1
0 0.5072115384615384 0.007211538461538519 0.42788461538461536 0.007211538461538515 0.42788461538461536 0.14182692307692316 0.5072115384615384 0.14182692307692316
0 0.5721153846153846 0.04326923076923084 0.5024038461538461 0.04326923076923084 0.5024038461538461 0.12259615384615391 0.5721153846153846 0.12259615384615391
0 0.6538461538461539 0.004807692307692383 0.5721153846153846 0.004807692307692378 0.5721153846153846 0.1658653846153847 0.6538461538461539 0.1658653846153847
0 0.7211538461538461 8.463604681607309e-17 0.6610576923076923 8.095621869363514e-17 0.6610576923076923 0.12259615384615394 0.7211538461538461 0.12259615384615395
0 0.7884615384615384 9.287886181033411e-17 0.7283653846153846 8.919903368789615e-17 0.7283653846153846 0.11057692307692318 0.7884615384615384 0.11057692307692318
0 0.06009615384615392 0.3701923076923077 0.0024038461538461986 0.3701923076923077 0.0024038461538462164 0.6538461538461539 0.06009615384615393 0.6538461538461539
0 0.07211538461538472 0.7475961538461539 9.155412368625647e-17 0.7475961538461539 1.0583185680131574e-16 0.9807692307692307 0.07211538461538473 0.9807692307692307
0 0.20192307692307704 0.6033653846153846 0.0865384615384616 0.6033653846153846 0.08653846153846165 0.9807692307692307 0.20192307692307707 0.9807692307692307
0 0.32692307692307704 0.8413461538461539 0.2500000000000001 0.8413461538461539 0.2500000000000001 0.9471153846153846 0.32692307692307704 0.9471153846153846
0 0.3076923076923077 0.35336538461538464 0.23076923076923084 0.35336538461538464 0.23076923076923084 0.5048076923076923 0.3076923076923077 0.5048076923076923
0 0.2355769230769231 0.27163461538461536 0.07451923076923081 0.27163461538461536 0.07451923076923082 0.5048076923076923 0.23557692307692316 0.5048076923076923
0 0.3015257572115385 0.5984427139423076 0.09370044230769237 0.5049141634615385 0.06430301890603572 0.5702367707766941 0.2721283338098819 0.6637653212574632
0 0.8988452115384615 0.10661380769230779 0.8545362572150661 0.06926120568789723 0.6988068047615184 0.2539928930481742 0.7431157590849137 0.2913454950525848
0 0.9465824567307689 0.19894305528846168 0.8868082884615381 0.13429853846153858 0.6692587758168904 0.3354577676429764 0.7290329440861212 0.40010228446989954