2 1 0.004807692307692369 5.8877249959007365e-19 0.004807692307692308 5.976040870839248e-17 0.9711538461538461 1 0.9711538461538461
0 0.1538461538461539 0.43028846153846156 0.021634615384615436 0.43028846153846156 0.02163461538461544 0.5072115384615384 0.1538461538461539 0.5072115384615384
0 0.13701923076923084 0.5048076923076923 0.06009615384615392 0.5048076923076923 0.06009615384615392 0.5745192307692307 0.13701923076923084 0.5745192307692307
0 0.18269230769230776 0.5745192307692307 0.024038461538461606 0.5745192307692307 0.024038461538461613 0.6538461538461539 0.18269230769230776 0.6538461538461539
0 0.14423076923076933 0.6634615384615384 0.009615384615384696 0.6634615384615384 0.009615384615384701 0.7211538461538461 0.14423076923076933 0.7211538461538461
0 0.13221153846153857 0.7307692307692307 8.94934199376912e-17 0.7307692307692307 9.287886181033411e-17 0.7860576923076923 0.13221153846153857 0.7860576923076923
0 0.65625 0.00961538461538468 0.3701923076923077 0.009615384615384663 0.3701923076923077 0.06490384615384623 0.65625 0.06490384615384624
0 0.9807692307692307 0.007211538461538567 0.75 0.007211538461538553 0.75 0.08173076923076936 0.9807692307692307 0.08173076923076937
0 0.9855769230769231 0.09855769230769242 0.6105769230769231 0.09855769230769237 0.6105769230769231 0.20673076923076933 0.9855769230769231 0.20673076923076936
0 0.9567307692307693 0.2620192307692309 0.8533653846153846 0.2620192307692309 0.8533653846153846 0.3365384615384617 0.9567307692307693 0.3365384615384617
0 0.5120192307692307 0.23557692307692316 0.3605769230769231 0.23557692307692316 0.3605769230769231 0.3125 0.5120192307692307 0.3125
0 0.5072115384615384 0.07932692307692313 0.27884615384615385 0.07932692307692311 0.27884615384615385 0.23798076923076927 0.5072115384615384 0.2379807692307693
0 0.6672978489721486 0.26954420175729443 0.5419507418766579 0.07734530421087528 0.4820747679045093 0.11639485245358089 0.607421875 0.30859375
0 0.3127869277806867 0.7470033285960057 0.2744264074070611 0.7019936513576183 0.09445197962637436 0.8553809477616127 0.1328125 0.900390625
0 0.4360699840576287 0.7581972204180445 0.3757805119272556 0.6920732832427967 0.16015625000000006 0.8886718750000002 0.2204457221303732 0.9547958121752481