2 0.9711538461538461 5.946602245859743e-17 0 0 6.123233995736766e-17 1 0.9711538461538461 1
0 0.4927884615384617 0.8125 0.4134615384615386 0.8125 0.4134615384615386 0.9519230769230769 0.4927884615384617 0.9519230769230769
0 0.5576923076923078 0.8269230769230769 0.4879807692307694 0.8269230769230769 0.4879807692307694 0.9086538461538461 0.5576923076923078 0.9086538461538461
0 0.6418269230769231 0.7764423076923077 0.5552884615384617 0.7764423076923077 0.5552884615384617 0.9399038461538461 0.6418269230769231 0.9399038461538461
0 0.7067307692307693 0.8100961538461539 0.6466346153846154 0.8100961538461539 0.6466346153846154 0.9495192307692307 0.7067307692307693 0.9495192307692307
0 0.7716346153846154 0.8173076923076923 0.7115384615384616 0.8173076923076923 0.7115384615384616 0.9543269230769231 0.7716346153846154 0.9543269230769231
0 0.057692307692307744 0.34134615384615385 4.180284747089523e-17 0.34134615384615385 5.931882933369992e-17 0.6274038461538461 0.05769230769230776 0.6274038461538461
0 0.0793269230769231 0.014423076923076927 0.002403846153846156 0.014423076923076924 0.0024038461538461705 0.25 0.07932692307692311 0.25
0 0.20673076923076927 0.002403846153846172 0.09134615384615384 0.0024038461538461644 0.09134615384615387 0.38461538461538464 0.2067307692307693 0.38461538461538464
0 0.33653846153846156 0.024038461538461578 0.25961538461538464 0.02403846153846157 0.25961538461538464 0.1322115384615385 0.33653846153846156 0.1322115384615385
0 0.3028846153846155 0.46875 0.22355769230769237 0.46875 0.22355769230769237 0.6225961538461539 0.3028846153846155 0.6225961538461539
0 0.2283653846153847 0.47836538461538464 0.06730769230769236 0.47836538461538464 0.06730769230769237 0.7163461538461539 0.2283653846153847 0.7163461538461539
0 0.30174127403846157 0.37280253846153855 0.269500257247036 0.312680206157815 0.0587771923431899 0.4256819080808919 0.09101820913461538 0.48580424038461545
0 0.885253810096154 0.8094878461538462 0.7354471515755575 0.6398402629121135 0.6893173932274114 0.680574972033501 0.8391240517480079 0.8502225552752337
0 0.9357183485576923 0.7126087980769232 0.7262753961234575 0.5287338176242399 0.6645693961234576 0.5990200892588551 0.8740123485576923 0.7828950697115385