2 0.9951923076923077 6.093795370757262e-17 0 0 6.034918120798255e-17 0.9855769230769231 0.9951923076923077 0.9855769230769231
1 0.9927884615384616 0.20913461538461547 0.4951923076923077 0.20913461538461545 0.49519230769230776 0.9759615384615384 0.9927884615384616 0.9759615384615384
0 0.5889423076923077 0.007211538461538523 0.39903846153846156 0.0072115384615385105 0.39903846153846156 0.04567307692307698 0.5889423076923077 0.04567307692307699
0 0.6706730769230769 0.04807692307692314 0.38221153846153844 0.04807692307692313 0.38221153846153844 0.10817307692307697 0.6706730769230769 0.108173076923077
0 0.9855769230769231 0.04326923076923087 0.7548076923076923 0.04326923076923085 0.7548076923076923 0.1105769230769232 0.9855769230769231 0.11057692307692321
0 0.9855769230769231 0.1298076923076924 0.6081730769230769 0.12980769230769237 0.6081730769230769 0.22596153846153857 0.9855769230769231 0.2259615384615386
0 0.22115384615384623 0.44471153846153844 0.0817307692307693 0.44471153846153844 0.0817307692307693 0.5192307692307693 0.22115384615384623 0.5192307692307693
0 0.19230769230769237 0.5216346153846154 0.12259615384615391 0.5216346153846154 0.12259615384615391 0.5913461538461539 0.19230769230769237 0.5913461538461539
0 0.25721153846153855 0.5841346153846154 0.076923076923077 0.5841346153846154 0.076923076923077 0.6610576923076923 0.25721153846153855 0.6610576923076923
0 0.21394230769230776 0.6658653846153846 0.07451923076923085 0.6658653846153846 0.07451923076923085 0.7307692307692307 0.21394230769230776 0.7307692307692307
0 0.20432692307692316 0.7379807692307693 0.04567307692307701 0.7379807692307693 0.04567307692307702 0.8004807692307693 0.20432692307692316 0.8004807692307693
0 0.5480769230769231 0.2596153846153847 0.3942307692307692 0.2596153846153847 0.3942307692307692 0.3918269230769231 0.5480769230769231 0.3918269230769231
0 0.49759615384615385 0.10817307692307697 0.32211538461538464 0.10817307692307696 0.32211538461538464 0.16346153846153852 0.49759615384615385 0.16346153846153852
0 0.4879807692307692 0.15865384615384623 0.3076923076923077 0.15865384615384623 0.3076923076923077 0.19951923076923084 0.4879807692307692 0.19951923076923084
0 0.4855769230769231 0.20192307692307698 0.28846153846153844 0.20192307692307698 0.28846153846153844 0.25000000000000006 0.4855769230769231 0.25000000000000006
0 0.37618275983146066 0.7530049157303372 0.337890625 0.7109375 0.18058971207865168 0.8541216643258427 0.21888184691011242 0.8961890800561798
0 0.484375 0.787109375 0.419921875 0.71484375 0.209769439076485 0.9022770036615134 0.274222564076485 0.9745426286615135
0 0.9711538461538461 0.2836538461538463 0.8774038461538461 0.2836538461538463 0.8774038461538461 0.36057692307692324 0.9711538461538461 0.36057692307692324