0 0.8307446749576722 0.19878403513999524 0.7264182321372051 0.18858391961988966 0.7145659687500001 0.3098084759615386 0.8188924115704671 0.3200085914816441
0 0.669605271938868 0.20311735968233927 0.4055045360955631 0.17376468333361828 0.38830336490373446 0.32853223894449035 0.6524041007470394 0.3578849152932113
0 0.9702571439436318 0.2563076708418447 0.8771703470596991 0.22611863380360872 0.8338102379807693 0.3598179519230771 0.9268970348647021 0.39000698896131303
0 0.29129881490384624 0.3341607812500001 0.1416916056562768 0.30885581298686837 0.12871466825501837 0.38557763966512143 0.27832187750258774 0.41088260792825315
0 0.44440048317307695 0.3621556586538462 0.2965574230769231 0.32776813461538457 0.276075412526788 0.4158269059670761 0.42391847262294186 0.4502144300055377
0 0.746371262019231 0.37895666346153856 0.4529205791576746 0.3705017928168938 0.4497316368499822 0.4811832375284323 0.7431823197115386 0.48963810817307707
0 0.8677538564161753 0.473930001918859 0.8639568894230769 0.3735496995192308 0.7726743406992094 0.37700253654267946 0.7764713076923078 0.47738283894230765
0 0.8585890192307691 0.5216419062500001 0.24868728839823914 0.44882672052292194 0.23278616339823913 0.5820149224459988 0.8426878942307692 0.654830108173077
0 0.23139448533704612 0.48429837170133716 5.124106267500723e-17 0.39612715144230776 -0.04965920085812861 0.5264515950766117 0.18173528447891746 0.6146228153356411
0 0.8611499278846154 0.8132495192307693 0.4296207134641647 0.813202446128609 0.42960779785832465 0.9316025724459484 0.8611370122787754 0.9316496455481086
0 0.7043314293927765 0.9348913108790214 0.4270386898744549 0.9335737213604701 0.4267279409163471 0.9989722606498028 0.7040206804346686 1.0002898501683541
0 0.8404638725961538 0.9446975937500001 0.7523765630338111 0.9409491524848429 0.7498637307692309 1 0.8379510403315736 1.0037484412651572
0 0.08185027873851178 0.7715631196626671 1.0248212535001446e-16 0.7582966682692309 -0.015469806276022551 0.8537410277420068 0.06638047246248911 0.867007479135443
2 0.9957524807692307 0.029043713942307814 3.734859172584076e-19 -1.2804819982085292e-17 -0.028619325046290747 0.981202471880587 0.96713315572294 1.0102461858228948