0 1 0.08173076923076936 0.9014423076923077 0.08173076923076933 0.9014423076923077 0.44711538461538475 1 0.44711538461538475
0 0.14663461538461545 0.40384615384615385 0.06971153846153852 0.40384615384615385 0.06971153846153852 0.5985576923076923 0.14663461538461545 0.5985576923076923
0 0.31971153846153855 0.4807692307692308 0.19951923076923084 0.4807692307692308 0.19951923076923087 0.9110576923076923 0.3197115384615386 0.9110576923076923
0 0.5552884615384616 0.5144230769230769 0.39903846153846156 0.5144230769230769 0.3990384615384616 0.7572115384615384 0.5552884615384617 0.7572115384615384
0 0.6298076923076923 0.07932692307692314 0.53125 0.07932692307692314 0.53125 0.30769230769230776 0.6298076923076923 0.3076923076923078
0 1.0338854358833895 0.7123828978190587 0.882646425480769 0.6728320913461538 0.808418433702205 0.9566737881887856 0.9596574441048256 0.9962245946616906
0 0.8797749040294869 0.5996012882216786 0.764352935096154 0.572575028846154 0.6745684391237567 0.9560207421736124 0.7899904080570896 0.983047001549137
0 0.9110576923076923 0.0048076923076924094 0.75 0.0048076923076924 0.75 0.4615384615384617 0.9110576923076923 0.4615384615384617
0 0.755818310096154 0.031729848557692425 0.6600803559103974 0.019590333616336032 0.6021953462950127 0.47609888650095145 0.6979333004807693 0.4882384014423078
0 0.47596153846153844 0.1754807692307693 0.38461538461538464 0.1754807692307693 0.38461538461538464 0.37740384615384615 0.47596153846153844 0.37740384615384615
0 0.3894230769230769 0.11778846153846158 0.2980769230769231 0.11778846153846158 0.29807692307692313 0.38221153846153844 0.3894230769230769 0.38221153846153844
0 0.5216346153846154 0.004807692307692366 0.4375 0.004807692307692361 0.4375 0.1346153846153847 0.5216346153846154 0.1346153846153847
0 0.4326923076923077 0.0024038461538462026 0.35336538461538464 0.0024038461538461978 0.35336538461538464 0.06971153846153852 0.4326923076923077 0.06971153846153852
0 0.2163461538461539 0.5480769230769231 0.1177884615384616 0.5480769230769231 0.11778846153846162 0.7740384615384616 0.2163461538461539 0.7740384615384616
2 1 6.358742995572795e-17 0.038461538461538464 4.710179996720589e-18 0.03846153846153852 1 1 1