0 1 0.9254807692307693 0.6514423076923077 0.9254807692307693 0.6514423076923077 1 1 1
0 0.23557692307692316 0.7043269230769231 0.08413461538461549 0.7043269230769231 0.08413461538461549 0.8004807692307693 0.23557692307692316 0.8004807692307693
0 0.4615384615384617 0.7379807692307693 0.28125000000000006 0.7379807692307693 0.2812500000000001 0.8557692307692307 0.4615384615384617 0.8557692307692307
0 0.7980769230769231 0.8341346153846154 0.6370192307692307 0.8341346153846154 0.6370192307692307 0.9014423076923077 0.7980769230769231 0.9014423076923077
0 0.8293269230769231 0.7716346153846154 0.5985576923076924 0.7716346153846154 0.5985576923076924 0.8485576923076923 0.8293269230769231 0.8485576923076923
0 1 0.8317307692307693 0.8822115384615384 0.8317307692307693 0.8822115384615384 0.9182692307692307 1 0.9182692307692307
0 1 0.6322115384615384 0.5793269230769232 0.6322115384615384 0.5793269230769232 0.7572115384615384 1 0.7572115384615384
0 0.9759615384615384 0.5480769230769232 0.7548076923076923 0.5480769230769232 0.7548076923076923 0.6346153846153846 0.9759615384615384 0.6346153846153846
0 0.5096153846153846 0.4567307692307692 0.2692307692307693 0.4567307692307692 0.2692307692307693 0.5552884615384616 0.5096153846153846 0.5552884615384616
0 0.5192307692307693 0.3894230769230769 0.2379807692307693 0.3894230769230769 0.2379807692307693 0.4639423076923077 0.5192307692307693 0.4639423076923077
0 0.2572115384615385 0.1778846153846154 0.09134615384615388 0.1778846153846154 0.09134615384615388 0.28846153846153844 0.25721153846153855 0.28846153846153844
0 0.44711538461538464 0.09855769230769236 0.22115384615384615 0.09855769230769235 0.22115384615384615 0.1947115384615385 0.44711538461538464 0.19471153846153852
0 0.5865384615384616 0.0600961538461539 0.4110576923076923 0.060096153846153896 0.4110576923076923 0.13461538461538466 0.5865384615384616 0.1346153846153847
0 0.49759615384615385 0.19471153846153852 0.31490384615384615 0.19471153846153852 0.31490384615384615 0.2788461538461539 0.49759615384615385 0.2788461538461539
0 0.4014423076923077 0.2836538461538462 0.21394230769230776 0.28365384615384615 0.21394230769230776 0.3894230769230769 0.4014423076923077 0.3894230769230769
0 0.5865384615384616 0.3100961538461539 0.42788461538461536 0.31009615384615385 0.42788461538461536 0.3966346153846155 0.5865384615384616 0.39663461538461553
0 0.9711538461538461 0.2932692307692309 0.6514423076923077 0.29326923076923084 0.6514423076923077 0.38942307692307704 0.9711538461538461 0.38942307692307704
0 0.875 0.38942307692307704 0.6538461538461539 0.38942307692307704 0.6538461538461539 0.4639423076923078 0.875 0.4639423076923078
2 1 6.123233995736766e-17 0 0 6.123233995736766e-17 1 1 1
2 0.39046426425260145 0.9715572279101958 0.07371790625000016 0.8647831923076923 0.05004959418836939 0.9349955019135568 0.36679595219097066 1.0417695375160605
2 0.31951110695329343 0.8926383761878666 0.14201931913675042 0.8218904881576622 0.11759670913461545 0.8831617548076923 0.29508849695115846 0.9539096428378967
2 1 0.47836538461538475 0.9230769230769231 0.47836538461538475 0.9230769230769231 0.5456730769230771 1 0.5456730769230771