2 1 6.123233995736766e-17 0 0 6.093795370757262e-17 0.9951923076923077 1 0.9951923076923077
0 0.96875 0.6850961538461539 0.9134615384615384 0.6850961538461539 0.9134615384615384 0.9038461538461539 0.96875 0.9038461538461539
0 0.7764423076923077 0.6346153846153846 0.7139423076923077 0.6346153846153846 0.7139423076923077 0.7451923076923077 0.7764423076923077 0.7451923076923077
0 0.9471153846153846 0.22115384615384628 0.8918269230769231 0.22115384615384628 0.8918269230769231 0.6370192307692307 0.9471153846153846 0.6370192307692307
0 0.2572115384615385 0.24759615384615385 0.20673076923076922 0.24759615384615385 0.20673076923076927 0.34615384615384615 0.25721153846153855 0.34615384615384615
0 0.8774038461538461 1.0156325617928771e-16 0.78125 9.567553118338697e-17 0.78125 0.019230769230769332 0.8774038461538461 0.019230769230769343
0 0.6490384615384616 0.25000000000000006 0.6033653846153846 0.25000000000000006 0.6033653846153846 0.33413461538461553 0.6490384615384616 0.33413461538461553
0 0.6129807692307693 0.27644230769230776 0.5649038461538461 0.27644230769230776 0.5649038461538461 0.4711538461538463 0.6129807692307693 0.4711538461538463
0 0.9206730769230769 0.7644230769230769 0.8557692307692307 0.7644230769230769 0.8557692307692307 0.9615384615384616 0.9206730769230769 0.9615384615384616
0 0.90625 0.6442307692307693 0.8605769230769231 0.6442307692307693 0.8605769230769231 0.7403846153846154 0.90625 0.7403846153846154
0 0.8365384615384616 0.3149038461538463 0.7860576923076923 0.3149038461538463 0.7860576923076923 0.43509615384615397 0.8365384615384616 0.43509615384615397
0 0.7860576923076923 0.3197115384615386 0.7211538461538461 0.3197115384615386 0.7211538461538461 0.47836538461538475 0.7860576923076923 0.47836538461538475
0 0.9110479182692307 0.603596110576923 0.8610113317307694 0.4293835673076922 0.829058918649872 0.438560803643449 0.8790955051883335 0.6127733469126798
0 0.8764140226262616 0.5741257309370031 0.8407203894230771 0.47114944230769223 0.8093702904264503 0.4820160111981019 0.8450639236296347 0.5849922998274129
0 0.5649038461538463 0.451923076923077 0.49038461538461536 0.4519230769230769 0.4903846153846155 0.7379807692307693 0.5649038461538463 0.7379807692307693
0 0.53125 0.3293269230769231 0.4543269230769231 0.3293269230769231 0.4543269230769231 0.4230769230769231 0.53125 0.4230769230769231
0 0.7836538461538461 0.026442307692307786 0.7355769230769231 0.026442307692307786 0.7355769230769231 0.15865384615384623 0.7836538461538461 0.15865384615384623
0 0.7139423076923077 0.002403846153846238 0.6586538461538461 0.002403846153846235 0.6586538461538461 0.14663461538461547 0.7139423076923077 0.14663461538461547
0 0.6009615384615384 0.014423076923076992 0.5360576923076923 0.014423076923076986 0.5360576923076923 0.15144230769230776 0.6009615384615384 0.15144230769230776
0 0.47836538461538464 5.387268371249174e-17 0.4014423076923077 4.916250371577115e-17 0.4014423076923077 0.07211538461538466 0.47836538461538464 0.07211538461538466