2 1 6.123233995736766e-17 0 0 6.123233995736766e-17 1 1 1
0 0.2307692307692309 0.8894230769230769 0.012019230769230881 0.8894230769230769 0.012019230769230883 0.9399038461538461 0.2307692307692309 0.9399038461538461
0 0.3004807692307693 0.6923076923076923 0.1850961538461539 0.6923076923076923 0.1850961538461539 0.75 0.3004807692307693 0.75
0 0.6947115384615384 0.875 0.27884615384615397 0.875 0.27884615384615397 0.9230769230769231 0.6947115384615384 0.9230769230769231
0 0.7307692307692307 0.18990384615384623 0.6322115384615384 0.18990384615384623 0.6322115384615384 0.24038461538461545 0.7307692307692307 0.24038461538461545
0 0.9495192307692307 0.7692307692307693 0.9014423076923077 0.7692307692307693 0.9014423076923077 0.8629807692307693 0.9495192307692307 0.8629807692307693
0 0.6923076923076923 0.5865384615384617 0.6081730769230771 0.5865384615384617 0.6081730769230771 0.6298076923076923 0.6923076923076923 0.6298076923076923
0 0.6706730769230769 0.5480769230769231 0.4735576923076923 0.5480769230769231 0.4735576923076924 0.5937500000000001 0.6706730769230769 0.5937500000000001
0 0.1562500000000001 0.8317307692307693 1.0185764242908273e-16 0.8317307692307693 1.0539027742662319e-16 0.8894230769230769 0.15625000000000014 0.8894230769230769
0 0.2764423076923078 0.8365384615384616 0.17788461538461545 0.8365384615384616 0.17788461538461547 0.8822115384615384 0.2764423076923078 0.8822115384615384
0 0.6105769230769232 0.7668269230769231 0.49038461538461553 0.7668269230769231 0.49038461538461553 0.8173076923076923 0.6105769230769232 0.8173076923076923
0 0.6129807692307694 0.7043269230769231 0.45192307692307704 0.7043269230769231 0.45192307692307704 0.7668269230769231 0.6129807692307694 0.7668269230769231
0 0.49164527163461536 0.8413609639423077 0.48334322700160354 0.8098269800137179 0.3049455755592959 0.8567942540521793 0.31324762019230773 0.8883282379807693
0 0.45188096875000006 0.8203538485576926 0.4420087932878446 0.7894572527225049 0.3370412036353274 0.8229968202663508 0.34691337909748293 0.8538934161015385
0 0.5024038461538461 0.46875 0.21394230769230776 0.46875 0.21394230769230776 0.5408653846153846 0.5024038461538461 0.5408653846153846
0 0.6274038461538461 0.4350961538461539 0.53125 0.43509615384615385 0.53125 0.5120192307692308 0.6274038461538461 0.512019230769231
0 0.9038461538461539 0.7235576923076923 0.7692307692307693 0.7235576923076923 0.7692307692307693 0.7692307692307693 0.9038461538461539 0.7692307692307693
0 0.9350961538461539 0.6466346153846154 0.7884615384615384 0.6466346153846154 0.7884615384615384 0.6995192307692307 0.9350961538461539 0.6995192307692307
0 0.9350961538461539 0.5240384615384617 0.7956730769230769 0.5240384615384617 0.7956730769230769 0.5841346153846155 0.9350961538461539 0.5841346153846155
0 0.9759615384615384 0.38942307692307704 0.8846153846153846 0.38942307692307704 0.8846153846153846 0.4639423076923078 0.9759615384615384 0.4639423076923078