2 1.0306764459263755 0.8970506262166853 0.9642475939375204 -0.019498784724935807 0.026307343749999993 0.04848041346153846 0.0927361957388553 0.9650298244031597
0 0.3894230769230769 0.05048076923076926 0.057692307692307696 0.05048076923076923 0.0576923076923077 0.1105769230769231 0.3894230769230769 0.11057692307692311
0 0.39663461538461536 0.09855769230769232 0.052884615384615405 0.0985576923076923 0.052884615384615405 0.13942307692307693 0.39663461538461536 0.13942307692307696
0 0.30528846153846156 0.12980769230769232 0.04326923076923079 0.12980769230769232 0.04326923076923079 0.17788461538461542 0.30528846153846156 0.17788461538461545
0 0.30528846153846156 0.17788461538461542 0.04326923076923079 0.1778846153846154 0.043269230769230796 0.22836538461538464 0.30528846153846156 0.2283653846153847
0 0.16105769230769232 0.22596153846153846 0.11057692307692311 0.22596153846153846 0.11057692307692311 0.2644230769230769 0.16105769230769232 0.2644230769230769
0 0.4182692307692308 0.295673076923077 0.1322115384615385 0.2956730769230769 0.1322115384615385 0.37740384615384615 0.4182692307692308 0.37740384615384615
0 0.38221153846153844 0.37259615384615385 0.13461538461538464 0.37259615384615385 0.13461538461538466 0.43028846153846156 0.38221153846153844 0.43028846153846156
0 0.3701923076923077 0.42788461538461536 0.14663461538461545 0.42788461538461536 0.14663461538461545 0.49038461538461536 0.3701923076923077 0.49038461538461536
0 0.27644230769230776 0.4879807692307692 0.17788461538461545 0.4879807692307692 0.17788461538461545 0.5168269230769231 0.27644230769230776 0.5168269230769231
0 0.295673076923077 0.5192307692307693 0.18990384615384623 0.5192307692307693 0.18990384615384623 0.5504807692307693 0.295673076923077 0.5504807692307693
0 0.2596153846153847 0.5528846153846154 0.19951923076923084 0.5528846153846154 0.19951923076923084 0.5841346153846154 0.2596153846153847 0.5841346153846154
0 0.5144230769230769 0.0600961538461539 0.41586538461538464 0.060096153846153896 0.41586538461538464 0.08653846153846159 0.5144230769230769 0.0865384615384616
0 0.49759615384615385 0.08173076923076929 0.40865384615384615 0.08173076923076926 0.40865384615384615 0.10817307692307697 0.49759615384615385 0.108173076923077
0 0.5 0.10336538461538466 0.4182692307692308 0.10336538461538465 0.4182692307692308 0.12980769230769235 0.5 0.12980769230769237
0 0.5096153846153846 0.12740384615384623 0.4206730769230769 0.12740384615384623 0.4206730769230769 0.1658653846153847 0.5096153846153846 0.1658653846153847
0 0.6706730769230769 0.06490384615384623 0.6081730769230769 0.06490384615384623 0.6081730769230769 0.08894230769230776 0.6706730769230769 0.08894230769230776
0 0.6850961538461539 0.0865384615384616 0.6009615384615384 0.0865384615384616 0.6009615384615384 0.1129807692307693 0.6850961538461539 0.1129807692307693
0 0.6971153846153846 0.10336538461538468 0.5961538461538461 0.10336538461538468 0.5961538461538461 0.12980769230769237 0.6971153846153846 0.12980769230769237
0 0.6802884615384616 0.12259615384615391 0.6105769230769231 0.12259615384615391 0.6105769230769231 0.14663461538461545 0.6802884615384616 0.14663461538461545
0 0.9399038461538461 0.06490384615384626 0.6899038461538461 0.06490384615384624 0.6899038461538461 0.14423076923076933 0.9399038461538461 0.14423076923076933
0 0.5480769230769231 0.18028846153846162 0.4567307692307692 0.18028846153846162 0.4567307692307692 0.21153846153846162 0.5480769230769231 0.21153846153846162
0 0.59375 0.21875000000000006 0.4423076923076923 0.21875000000000006 0.4423076923076923 0.2475961538461539 0.59375 0.2475961538461539
0 0.5336538461538461 0.24519230769230776 0.4495192307692308 0.24519230769230776 0.4495192307692308 0.2740384615384616 0.5336538461538461 0.2740384615384616
0 0.5985576923076923 0.2692307692307693 0.4423076923076923 0.2692307692307693 0.4423076923076923 0.3028846153846155 0.5985576923076923 0.3028846153846155
0 0.5576923076923077 0.34134615384615385 0.4543269230769231 0.34134615384615385 0.4543269230769231 0.3798076923076923 0.5576923076923077 0.3798076923076923
0 0.9591346153846154 0.13701923076923087 0.6706730769230769 0.13701923076923084 0.6706730769230769 0.1875000000000001 0.9591346153846154 0.18750000000000014
0 0.8100961538461539 0.18269230769230776 0.7259615384615384 0.18269230769230776 0.7259615384615384 0.20913461538461545 0.8100961538461539 0.20913461538461545
0 0.8028846153846154 0.2067307692307693 0.7307692307692307 0.2067307692307693 0.7307692307692307 0.23317307692307698 0.8028846153846154 0.23317307692307698
0 0.8100961538461539 0.23317307692307698 0.7307692307692307 0.23317307692307698 0.7307692307692307 0.2716346153846155 0.8100961538461539 0.2716346153846155
0 0.8461538461538461 0.2668269230769232 0.7451923076923077 0.26682692307692313 0.7451923076923077 0.2908653846153847 0.8461538461538461 0.29086538461538475
0 0.8605769230769231 0.2932692307692309 0.75 0.29326923076923084 0.75 0.3245192307692309 0.8605769230769231 0.3245192307692309
0 0.7932692307692307 0.32211538461538475 0.75 0.32211538461538475 0.75 0.3461538461538463 0.7932692307692307 0.3461538461538463
0 0.8701923076923077 0.3461538461538463 0.7572115384615384 0.3461538461538463 0.7572115384615384 0.3774038461538463 0.8701923076923077 0.3774038461538463
0 0.8389423076923077 0.3774038461538463 0.7548076923076923 0.3774038461538463 0.7548076923076923 0.4014423076923078 0.8389423076923077 0.4014423076923078
0 0.8894230769230769 0.39663461538461553 0.7692307692307693 0.39663461538461553 0.7692307692307693 0.4326923076923078 0.8894230769230769 0.4326923076923078
0 0.8918269230769231 0.42307692307692324 0.7668269230769231 0.42307692307692324 0.7668269230769231 0.4639423076923078 0.8918269230769231 0.4639423076923078
0 0.8990384615384616 0.4711538461538463 0.7475961538461539 0.4711538461538463 0.7475961538461539 0.5192307692307694 0.8990384615384616 0.5192307692307694
0 0.3028846153846155 0.5913461538461539 0.1754807692307693 0.5913461538461539 0.1754807692307693 0.6298076923076923 0.3028846153846155 0.6298076923076923
0 0.26442307692307704 0.8557692307692307 0.153846153846154 0.8557692307692307 0.153846153846154 0.9278846153846154 0.26442307692307704 0.9278846153846154
0 1 0.8317307692307693 0.8341346153846154 0.8317307692307693 0.8341346153846154 0.8701923076923077 1 0.8701923076923077
0 0.9399038461538461 0.7932692307692307 0.8293269230769231 0.7932692307692307 0.8293269230769231 0.8341346153846154 0.9399038461538461 0.8341346153846154
0 0.9855769230769231 0.7524038461538461 0.8245192307692307 0.7524038461538461 0.8245192307692307 0.7980769230769231 0.9855769230769231 0.7980769230769231
0 0.9182692307692307 0.7163461538461539 0.8149038461538461 0.7163461538461539 0.8149038461538461 0.7620192307692307 0.9182692307692307 0.7620192307692307
0 0.9423076923076923 0.6850961538461539 0.8100961538461539 0.6850961538461539 0.8100961538461539 0.7139423076923077 0.9423076923076923 0.7139423076923077
0 0.9086538461538461 0.6538461538461539 0.8004807692307693 0.6538461538461539 0.8004807692307693 0.6850961538461539 0.9086538461538461 0.6850961538461539
0 0.9254807692307693 0.6177884615384616 0.8076923076923077 0.6177884615384616 0.8076923076923077 0.65625 0.9254807692307693 0.65625
0 0.9110576923076923 0.5817307692307694 0.7980769230769231 0.5817307692307694 0.7980769230769231 0.6201923076923077 0.9110576923076923 0.6201923076923077
0 0.8990384615384616 0.5528846153846155 0.7908653846153846 0.5528846153846155 0.7908653846153846 0.5889423076923078 0.8990384615384616 0.5889423076923078
0 0.9206730769230769 0.5144230769230771 0.7908653846153846 0.5144230769230771 0.7908653846153846 0.560096153846154 0.9206730769230769 0.560096153846154
0 0.9639423076923077 0.4134615384615386 0.9134615384615384 0.4134615384615386 0.9134615384615384 0.4495192307692309 0.9639423076923077 0.4495192307692309
0 0.9879807692307693 0.45192307692307704 0.9158653846153846 0.45192307692307704 0.9158653846153846 0.47836538461538475 0.9879807692307693 0.47836538461538475
0 0.9951923076923077 0.4807692307692309 0.9158653846153846 0.4807692307692309 0.9158653846153846 0.4951923076923078 0.9951923076923077 0.4951923076923078
0 1 0.49759615384615397 0.9230769230769231 0.49759615384615397 0.9230769230769231 0.5504807692307694 1 0.5504807692307694
0 0.6129697751372492 0.751493523060234 0.6078550221530216 0.7188788202088637 0.477136802304234 0.7393785134947837 0.4822515552884616 0.771993216346154
0 0.7590585090194624 0.7026067297267142 0.7545033533653847 0.6689815889423076 0.48275073868158525 0.7057955748590997 0.4873058943356629 0.7394207156435064
0 0.6311339903846154 0.6816715841346154 0.6273719538569319 0.6634294646849648 0.48679603879122096 0.6924201600287481 0.4905580753189044 0.7106622794783988
0 0.6555470869003883 0.6532762835878894 0.6493847176132641 0.6260723908059725 0.4856873341346154 0.6631539855769232 0.49184970342173967 0.69035787835884
0 0.5771455373914712 0.6428759502762683 0.5689443656897271 0.6150486010705735 0.47398747115384615 0.6430339399038464 0.4821886428555903 0.6708612891095412
0 0.5446799142543077 0.6261760847746634 0.5359246014209986 0.5975365508359489 0.479387999666691 0.6148201992343625 0.4881433125000001 0.643459733173077
0 0.5613323490684266 0.5962007211244141 0.5557680360576922 0.5731559375 0.4780736996267321 0.5919157407643346 0.4836380126374664 0.6149605243887486
0 0.5443721875586328 0.5732904852551022 0.5377970043727733 0.5508660824902404 0.4701626437372174 0.5706975275235998 0.4767378269230769 0.5931219302884616
0 0.5630918547586451 0.5439761258503452 0.5547468169631915 0.5157027248117536 0.4647154477814694 0.5422759403075623 0.47306048557692304 0.5705493413461539
0 0.5201963052187041 0.5255129101353974 0.5086708897000979 0.49554850523079913 0.45180918269230763 0.5174196153846155 0.4633345982109138 0.5473840202892137
0 0.5661755367623782 0.49548616995542516 0.5607686607302523 0.46308019784770976 0.4524594399038461 0.48115138942307684 0.45786631593597205 0.5135573615307922
0 0.5912739879807692 0.46734662740384625 0.5887252499115552 0.4404898748405583 0.45054535817307695 0.45360331249999997 0.45309409624229097 0.4804600650632879
0 0.6122637271174098 0.4400065012129573 0.6099698076923077 0.4171641875 0.44009535220951324 0.4342236814793503 0.4423892716346154 0.4570659951923076
0 0.5978270625 0.4187559519230769 0.59550101672135 0.39213551347916287 0.44233262729827305 0.4055190904022398 0.444658673076923 0.43213952884615386
0 0.4434091960068219 0.6315290971575999 0.4405234086538462 0.6089695817307693 0.17331755185882716 0.6431502486285615 0.17620333921180287 0.6657097640553921
0 0.41890327644230774 0.6638020745192309 0.41525981803053386 0.6363898880281952 0.20625487259615383 0.6641695336538462 0.20989833100792765 0.6915817201448818
0 0.4072679785414478 0.7102948456198734 0.4021989062499999 0.6746639879807692 0.15547487266558277 0.7097645172732339 0.16054394495703056 0.7453953749123381
0 0.41668334134615387 0.7397838245192309 0.41257044868611675 0.711311408258841 0.2092248293269231 0.7406850552884615 0.21333772198696016 0.7691574715488514
0 0.3529251264692061 0.7762873492429683 0.3474518120626475 0.747125911494419 0.21408175770882606 0.7721581560014508 0.2195550721153846 0.80131959375