2 0.9951923076923077 0.0024038461538462147 2.9438624979503682e-19 0.002403846153846154 6.108514683247014e-17 0.9951923076923077 0.9951923076923077 0.9951923076923077
0 0.9399038461538461 0.02403846153846164 0.7620192307692307 0.024038461538461633 0.7620192307692307 0.1514423076923078 0.9399038461538461 0.1514423076923078
0 0.6418269230769231 0.03846153846153853 0.45913461538461536 0.03846153846153851 0.45913461538461536 0.12740384615384623 0.6418269230769231 0.12740384615384623
0 0.6346153846153846 0.1225961538461539 0.4110576923076923 0.12259615384615388 0.4110576923076923 0.26201923076923084 0.6346153846153846 0.26201923076923084
0 0.9711538461538461 0.28365384615384626 0.6442307692307693 0.2836538461538462 0.6442307692307693 0.4495192307692309 0.9711538461538461 0.4495192307692309
0 0.9567307692307693 0.4375000000000001 0.6442307692307693 0.4375000000000001 0.6442307692307693 0.5793269230769232 0.9567307692307693 0.5793269230769232
0 0.8966346153846154 0.5961538461538463 0.6778846153846154 0.5961538461538463 0.6778846153846154 0.7475961538461539 0.8966346153846154 0.7475961538461539
0 0.8966346153846154 0.7355769230769231 0.8004807692307693 0.7355769230769231 0.8004807692307693 0.8052884615384616 0.8966346153846154 0.8052884615384616
0 0.6802884615384616 0.6658653846153846 0.5721153846153848 0.6658653846153846 0.5721153846153848 0.7379807692307693 0.6802884615384616 0.7379807692307693
0 0.6754807692307693 0.7307692307692307 0.5000000000000001 0.7307692307692307 0.5000000000000001 0.8221153846153846 0.6754807692307693 0.8221153846153846
0 0.3701923076923077 0.05528846153846158 0.30288461538461536 0.05528846153846157 0.30288461538461536 0.14903846153846156 0.3701923076923077 0.14903846153846156
0 0.3870192307692308 0.12980769230769235 0.1971153846153846 0.12980769230769235 0.1971153846153846 0.2211538461538462 0.3870192307692308 0.22115384615384623
0 0.3894230769230769 0.21153846153846156 0.19951923076923078 0.21153846153846154 0.1995192307692308 0.3028846153846154 0.3894230769230769 0.3028846153846155
0 0.3870192307692308 0.3028846153846154 0.18028846153846162 0.30288461538461536 0.18028846153846162 0.41346153846153844 0.3870192307692308 0.41346153846153844
0 0.3894230769230769 0.40384615384615385 0.1322115384615385 0.40384615384615385 0.13221153846153852 0.5120192307692307 0.3894230769230769 0.5120192307692307
0 0.3798076923076924 0.5048076923076923 0.08413461538461545 0.5048076923076923 0.08413461538461545 0.6033653846153846 0.37980769230769246 0.6033653846153846
0 0.3557692307692309 0.5817307692307693 7.124147245039892e-17 0.5817307692307693 7.977867369445499e-17 0.7211538461538461 0.3557692307692309 0.7211538461538461