0 0.5817307692307693 0.10576923076923082 0.31490384615384615 0.10576923076923081 0.31490384615384615 0.15144230769230774 0.5817307692307693 0.15144230769230776
0 0.4735576923076923 0.1490384615384616 0.25721153846153844 0.14903846153846156 0.25721153846153844 0.1899038461538462 0.4735576923076923 0.18990384615384623
0 0.38221153846153844 0.47836538461538464 0.3076923076923077 0.47836538461538464 0.3076923076923077 0.5264423076923077 0.38221153846153844 0.5264423076923077
0 0.5745192307692307 0.4783653846153847 0.41346153846153844 0.47836538461538464 0.41346153846153844 0.528846153846154 0.5745192307692307 0.528846153846154
0 0.389423076923077 0.5384615384615384 0.31490384615384615 0.5384615384615384 0.3149038461538462 0.5889423076923077 0.38942307692307704 0.5889423076923077
0 0.47355769230769246 0.5889423076923077 0.3149038461538463 0.5889423076923077 0.3149038461538463 0.6586538461538461 0.47355769230769246 0.6586538461538461
0 0.5480769230769232 0.6754807692307693 0.31009615384615397 0.6754807692307693 0.31009615384615397 0.7644230769230769 0.5480769230769232 0.7644230769230769
0 0.8461538461538461 0.48557692307692324 0.7716346153846154 0.48557692307692324 0.7716346153846154 0.5480769230769232 0.8461538461538461 0.5480769230769232
0 0.8413461538461539 0.5625000000000001 0.7644230769230769 0.5625000000000001 0.7644230769230769 0.6322115384615384 0.8413461538461539 0.6322115384615384
0 0.8413461538461539 0.6346153846153846 0.7668269230769231 0.6346153846153846 0.7668269230769231 0.7019230769230769 0.8413461538461539 0.7019230769230769
2 0.9997727019230769 0.021401677884615503 9.591019218141001e-19 0.003907841346153818 -0.017383198582338347 0.9973575844325363 0.9823895033407386 1.014851420970998