2 1 0.005859375000000061 0.0078125 0.005859375 0.00781250000000006 1 1 1
0 0.9615384615384616 0.5384615384615385 0.8653846153846154 0.5384615384615385 0.8653846153846154 0.6081730769230771 0.9615384615384616 0.6081730769230771
0 0.9543269230769231 0.6225961538461539 0.8605769230769231 0.6225961538461539 0.8605769230769231 0.6850961538461539 0.9543269230769231 0.6850961538461539
0 0.96875 0.6971153846153846 0.8774038461538461 0.6971153846153846 0.8774038461538461 0.7620192307692307 0.96875 0.7620192307692307
0 0.6191406249999999 0.10351562500000006 0.33262623447422485 0.08389135167631682 0.330078125 0.12109375000000003 0.616592515525775 0.14071802332368327
0 0.5009601751864512 0.1349841225139839 0.34179687499999994 0.12304687500000003 0.33888357481354875 0.16189087748601622 0.498046875 0.17382812500000006
0 0.45913461538461536 0.4735576923076923 0.3798076923076923 0.4735576923076923 0.3798076923076923 0.5240384615384616 0.45913461538461536 0.5240384615384616
0 0.451923076923077 0.53125 0.4014423076923077 0.53125 0.40144230769230776 0.5769230769230769 0.45192307692307704 0.5769230769230769
0 0.5673076923076924 0.5985576923076924 0.4014423076923078 0.5985576923076923 0.4014423076923078 0.6682692307692307 0.5673076923076924 0.6682692307692307
0 0.6610576923076923 0.48076923076923084 0.49038461538461536 0.4807692307692308 0.49038461538461536 0.5432692307692308 0.6610576923076923 0.543269230769231
0 0.65625 0.6201923076923077 0.6009615384615385 0.6201923076923077 0.6009615384615385 0.6658653846153846 0.65625 0.6658653846153846
0 0.6610576923076923 0.6899038461538461 0.3990384615384617 0.6899038461538461 0.3990384615384617 0.8100961538461539 0.6610576923076923 0.8100961538461539