2 1 6.718801695376358e-17 0.011631752403846214 6.667916413888166e-18 0.011631752403846275 0.9919145961538463 1 0.9919145961538463
0 0.6081730769230769 0.009615384615384684 0.5384615384615384 0.00961538461538468 0.5384615384615384 0.11057692307692314 0.6081730769230769 0.11057692307692314
0 0.6850961538461539 0.014423076923077004 0.6225961538461539 0.014423076923077 0.6225961538461539 0.11057692307692314 0.6850961538461539 0.11057692307692314
0 0.7620192307692307 8.934622681279367e-17 0.6971153846153846 8.537201244056068e-17 0.6971153846153846 0.08894230769230778 0.7620192307692307 0.08894230769230779
0 0.14104743935700703 0.3780188986638872 0.10391001818752685 0.37593589828310336 0.08785381921513526 0.6621988433692162 0.12499124038461545 0.66428184375
0 0.17674840384615392 0.4938569495192309 0.13808115851412153 0.4907527896865236 0.12510990839383956 0.6523303300500486 0.16377715372587195 0.6554344898827558
0 0.5264423076923077 0.5168269230769231 0.47836538461538464 0.5168269230769231 0.4783653846153847 0.5961538461538461 0.5264423076923078 0.5961538461538461
0 0.5793269230769231 0.5216346153846154 0.5360576923076923 0.5216346153846154 0.5360576923076924 0.5745192307692308 0.5793269230769232 0.574519230769231
0 0.6706730769230769 0.40384615384615397 0.6009615384615384 0.40384615384615397 0.6009615384615385 0.5721153846153848 0.6706730769230769 0.5721153846153848
0 0.5456730769230769 0.31490384615384615 0.4831730769230769 0.31490384615384615 0.4831730769230769 0.4855769230769231 0.5456730769230769 0.4855769230769231
0 0.6658653846153846 0.3125000000000001 0.6225961538461539 0.3125000000000001 0.6225961538461539 0.3701923076923078 0.6658653846153846 0.3701923076923078
0 0.8125 0.3028846153846155 0.6923076923076923 0.3028846153846155 0.6923076923076923 0.5697115384615385 0.8125 0.5697115384615385