2 0.9708742451923078 0.04864628846153858 0.061093301418788395 0.03546444659863857 0.047520921611095994 0.9721994369832541 0.9573018653846155 0.985381278846154
0 0.9652893004807693 0.3770009110576924 0.8521248421907285 0.3735848215852938 0.8341516811330361 0.968979951392986 0.9473161394230769 0.9723960408653846
0 0.8436960793269234 0.38539130769230784 0.7267705776392117 0.37992376413093254 0.702190070427673 0.9055872737463171 0.8191155721153847 0.9110548173076924
0 0.7186570864023699 0.6361601896517185 0.6529175708399575 0.6335115437096704 0.6427471802884617 0.8859411105769232 0.7084866958508742 0.8885897565189711
0 0.6547925336538463 0.6336312403846154 0.5807939940811591 0.6314449995547686 0.5709846274038463 0.9634664302884617 0.6449831669765334 0.9656526711183084
0 0.591058980769231 0.6314056153846155 0.5356606317077925 0.6266363684003197 0.5073980144230771 0.9549276778846154 0.5627963634845154 0.9596969248689112
0 0.5293323701923078 0.6313561634615386 0.4778375539358604 0.6253313700825422 0.4393088904743218 0.9546416585440808 0.4908037067307693 0.9606664519230771
0 0.4883119086538464 0.6257115216346155 0.4291397860383486 0.6170253506804447 0.3798819278846155 0.9525808028846156 0.43905405050011326 0.9612669738387862
0 0.42648980769230777 0.45295955528846155 0.38175454352131316 0.4462859128387997 0.34443089350586664 0.6964766229136803 0.38916615767686125 0.7031502653633421
0 0.3751407620192309 0.4490603197115386 0.3410848978260255 0.44558107829024574 0.32202323857129045 0.6321623470988944 0.35607910276449584 0.6356415885201872
0 0.3318684591346155 0.4517613942307693 0.2907253259286292 0.4496726814144365 0.2717272970824754 0.8238928352605903 0.3128704302884616 0.825981548076923
0 0.7043269230769231 0.3870192307692309 0.5841346153846154 0.3870192307692309 0.5841346153846154 0.5841346153846155 0.7043269230769231 0.5841346153846155
0 0.305014127422853 0.4560452194891767 0.26010218531014445 0.45129426212362034 0.22053935596421462 0.8252911988844432 0.26545129807692314 0.8300421562499998
0 0.26710685817307706 0.4558181322115385 0.23304791721809656 0.45161539413477 0.1895749292373273 0.80391998788477 0.2236338701923078 0.8081227259615387
0 0.23175054326923084 0.4593973774038461 0.18935283317952017 0.4537395474968947 0.14235541010259709 0.8059210643238178 0.18475312019230772 0.8115788942307691
0 0.1940133865646169 0.45338681894666555 0.15185817307609698 0.4487577806778266 0.13717641105769238 0.5824600264423077 0.1793316245462123 0.5870890647111466
0 0.662125381690569 0.3611469546094713 0.6390521153846154 0.08489707692307692 0.5413683070799129 0.09305593853659327 0.5644415733858664 0.3693058162229877
0 0.575623630701171 0.33140055215858033 0.5436117475961538 0.14414511298076924 0.453975275548829 0.15946873870680428 0.4859871586538462 0.3467241778846154
0 0.5142083509761035 0.47862136582718046 0.4402010096153845 0.09119131009615389 0.38017708534497313 0.10265715015574464 0.4541844267056921 0.49008720588677124