2 0.9999886370192308 0.019408189903846244 0.011707387019230768 0.002157675480769232 -0.0056910277313774165 0.9989121290608607 0.9825902222686226 1.0161626434839377
2 0.3173076923076923 0.25961538461538464 0.25240384615384615 0.25961538461538464 0.2524038461538462 0.38461538461538464 0.3173076923076923 0.38461538461538464
0 0.3605769230769231 0.295673076923077 0.32211538461538464 0.295673076923077 0.32211538461538464 0.3894230769230769 0.3605769230769231 0.3894230769230769
0 0.15865384615384623 0.5 0.09615384615384623 0.5 0.09615384615384623 0.59375 0.15865384615384623 0.59375
0 0.16826923076923084 0.6105769230769231 0.1177884615384616 0.6105769230769231 0.1177884615384616 0.6778846153846154 0.16826923076923084 0.6778846153846154
0 0.5649038461538461 0.17307692307692316 0.4831730769230769 0.17307692307692316 0.4831730769230769 0.3413461538461539 0.5649038461538461 0.34134615384615397
0 0.6514423076923077 0.2692307692307693 0.6033653846153846 0.2692307692307693 0.6033653846153846 0.3629807692307694 0.6514423076923077 0.3629807692307694
0 0.7139423076923077 0.28125000000000006 0.6730769230769231 0.28125000000000006 0.6730769230769231 0.4326923076923078 0.7139423076923077 0.4326923076923078
0 0.6298076923076923 0.5072115384615385 0.5240384615384616 0.5072115384615384 0.5240384615384616 0.6586538461538461 0.6298076923076923 0.6586538461538461
0 0.35336538461538475 0.6850961538461539 0.2836538461538462 0.6850961538461539 0.2836538461538462 0.7451923076923077 0.35336538461538475 0.7451923076923077
0 0.33894230769230776 0.5024038461538461 0.26201923076923084 0.5024038461538461 0.26201923076923084 0.6225961538461539 0.3389423076923078 0.6225961538461539
0 0.4639423076923078 0.5600961538461539 0.4182692307692309 0.5600961538461539 0.4182692307692309 0.6370192307692307 0.4639423076923078 0.6370192307692307
0 0.42067307692307704 0.5600961538461539 0.3701923076923078 0.5600961538461539 0.3701923076923078 0.6346153846153846 0.42067307692307704 0.6346153846153846
0 0.7764423076923077 0.18269230769230776 0.6730769230769231 0.18269230769230776 0.6730769230769231 0.2740384615384616 0.7764423076923077 0.2740384615384616
0 0.23076923076923084 0.3894230769230769 0.15865384615384623 0.3894230769230769 0.15865384615384623 0.49278846153846156 0.23076923076923084 0.49278846153846156
0 0.23317307692307698 0.6177884615384616 0.19230769230769237 0.6177884615384616 0.19230769230769237 0.6730769230769231 0.23317307692307698 0.6730769230769231
0 0.3870192307692309 0.6899038461538461 0.35817307692307704 0.6899038461538461 0.35817307692307704 0.8149038461538461 0.3870192307692309 0.8149038461538461
0 0.42307692307692324 0.7163461538461539 0.3942307692307694 0.7163461538461539 0.3942307692307694 0.7908653846153846 0.42307692307692324 0.7908653846153846
0 0.45192307692307704 0.7163461538461539 0.42307692307692324 0.7163461538461539 0.42307692307692324 0.8076923076923077 0.45192307692307704 0.8076923076923077
0 0.4927884615384617 0.7019230769230769 0.45432692307692324 0.7019230769230769 0.45432692307692324 0.7740384615384616 0.4927884615384617 0.7740384615384616
0 0.6725996250000001 0.5586708052884617 0.6459890004227583 0.5525935673999498 0.5991692980769231 0.7576047163461539 0.6257799226541648 0.7636819542346658
0 0.7028787427884617 0.5582226682692308 0.6800531013413577 0.552508038417757 0.623464048076923 0.7785386778846154 0.6462896895240271 0.7842533077360894
0 0.7287444045970873 0.5626714088381694 0.7032980194517441 0.557595254528953 0.6726898774038462 0.7110316009615386 0.6981362625491895 0.7161077552707551
0 0.7663268990384615 0.5642134687500001 0.7406831901928671 0.5581787821016584 0.708637783942867 0.6943520609478123 0.7342814927884616 0.7003867475961539
0 0.6033653846153848 0.7740384615384616 0.5576923076923078 0.7740384615384616 0.5576923076923078 0.8365384615384616 0.6033653846153848 0.8365384615384616
0 0.6346153846153846 0.7764423076923077 0.605769230769231 0.7764423076923077 0.605769230769231 0.8197115384615384 0.6346153846153846 0.8197115384615384
0 0.6658653846153846 0.7740384615384616 0.6370192307692307 0.7740384615384616 0.6370192307692307 0.8317307692307693 0.6658653846153846 0.8317307692307693
0 0.75 0.7692307692307693 0.7091346153846154 0.7692307692307693 0.7091346153846154 0.84375 0.75 0.84375
0 0.7091346153846154 0.7740384615384616 0.6658653846153846 0.7740384615384616 0.6658653846153846 0.8389423076923077 0.7091346153846154 0.8389423076923077
0 0.71875 0.8629807692307693 0.6682692307692307 0.8629807692307693 0.6682692307692307 0.9543269230769231 0.71875 0.9543269230769231
0 0.6634615384615384 0.8629807692307693 0.6201923076923077 0.8629807692307693 0.6201923076923077 0.9447115384615384 0.6634615384615384 0.9447115384615384