0 0.6971153846153846 0.27644230769230776 0.625 0.27644230769230776 0.625 0.36057692307692324 0.6971153846153846 0.36057692307692324
0 0.6177884615384616 0.28125000000000006 0.5697115384615384 0.28125000000000006 0.5697115384615384 0.38461538461538475 0.6177884615384616 0.38461538461538475
0 0.6995192307692307 0.03846153846153854 0.5673076923076923 0.03846153846153853 0.5673076923076923 0.1298076923076924 0.6995192307692307 0.1298076923076924
0 0.4495192307692308 0.18269230769230776 0.3629807692307692 0.18269230769230776 0.3629807692307692 0.3028846153846155 0.4495192307692308 0.3028846153846155
0 0.33653846153846156 0.21875000000000003 0.27884615384615385 0.21875 0.27884615384615385 0.34375 0.33653846153846156 0.34375
0 0.26682692307692313 0.24278846153846154 0.19951923076923078 0.24278846153846154 0.1995192307692308 0.3798076923076923 0.26682692307692313 0.3798076923076923
0 0.4110576923076924 0.4807692307692308 0.3052884615384616 0.4807692307692308 0.3052884615384616 0.6057692307692307 0.41105769230769246 0.6057692307692307
0 0.8653846153846154 0.49759615384615397 0.7836538461538461 0.49759615384615397 0.7836538461538461 0.6322115384615384 0.8653846153846154 0.6322115384615384
0 0.8197115384615384 0.6346153846153846 0.7836538461538461 0.6346153846153846 0.7836538461538461 0.6947115384615384 0.8197115384615384 0.6947115384615384
0 0.7860576923076923 0.39182692307692324 0.7139423076923077 0.39182692307692324 0.7139423076923077 0.49759615384615397 0.7860576923076923 0.49759615384615397
0 0.6754807692307693 0.49759615384615397 0.5985576923076923 0.49759615384615397 0.5985576923076924 0.6033653846153848 0.6754807692307693 0.6033653846153848
0 0.5625000000000001 0.5408653846153847 0.5192307692307693 0.5408653846153846 0.5192307692307693 0.6057692307692308 0.5625000000000001 0.605769230769231
0 0.5120192307692308 0.5528846153846154 0.47836538461538464 0.5528846153846154 0.4783653846153847 0.6057692307692307 0.512019230769231 0.6057692307692307
0 0.5841346153846154 0.48076923076923084 0.5360576923076923 0.4807692307692308 0.5360576923076923 0.5264423076923077 0.5841346153846154 0.5264423076923078
0 0.6586538461538461 0.6850961538461539 0.5817307692307694 0.6850961538461539 0.5817307692307694 0.7331730769230769 0.6586538461538461 0.7331730769230769
0 0.5504807692307694 0.7043269230769231 0.5144230769230771 0.7043269230769231 0.5144230769230771 0.7740384615384616 0.5504807692307694 0.7740384615384616
0 0.590261186764415 0.8177029996730709 0.5762889213324824 0.6808061273440473 0.5430797740384615 0.6841955913461538 0.557052039470394 0.8210924636751774
0 0.48557692307692324 0.6971153846153846 0.44711538461538475 0.6971153846153846 0.44711538461538475 0.7451923076923077 0.48557692307692324 0.7451923076923077
0 0.5229178822115383 0.7914564639423076 0.5078667115384614 0.6919135985576921 0.48326220696162586 0.6956338711888002 0.49831337763470285 0.7951767365734157
0 0.3206166947115384 0.6380242163461538 0.28892016908600576 0.49450877812327854 0.2608481826923077 0.5007086995192307 0.29254470831784035 0.644224137742106
0 0.29128573076923076 0.6421772427884617 0.2583171721696201 0.499788455016862 0.23542346874999998 0.5050892403846154 0.26839202734961065 0.6474780281562151
0 0.2696763629807692 0.6624102956730769 0.22748859944112368 0.5004728489867412 0.19852150412946923 0.5080193244465248 0.2407092676691147 0.6699567711328605
0 0.22974524999999998 0.6415235985576923 0.18948467815023903 0.4822214375173249 0.16224945913461533 0.48910461778846154 0.20251003098437625 0.6484067788288288
0 0.2004540552884615 0.6388406874999999 0.17283256490384616 0.5170740288461538 0.14144800605494293 0.524193287106617 0.16906949643955826 0.6459599457604628
0 0.12761525240384614 0.5652388774038462 0.10057249735185499 0.4774086382059736 0.07043553846153847 0.48668774759615385 0.09747829351352963 0.5745179867940264
0 0.3774038461538463 0.7331730769230769 0.3389423076923078 0.7331730769230769 0.3389423076923078 0.8076923076923077 0.3774038461538463 0.8076923076923077
0 0.33413461538461553 0.7283653846153846 0.3004807692307693 0.7283653846153846 0.3004807692307693 0.7836538461538461 0.33413461538461553 0.7836538461538461
0 0.37259615384615397 0.8173076923076923 0.3197115384615386 0.8173076923076923 0.3197115384615386 0.9086538461538461 0.37259615384615397 0.9086538461538461
0 0.32211538461538475 0.8125 0.2788461538461539 0.8125 0.27884615384615397 0.9086538461538461 0.32211538461538475 0.9086538461538461
0 0.2716346153846155 0.8173076923076923 0.2283653846153847 0.8173076923076923 0.22836538461538472 0.9038461538461539 0.27163461538461553 0.9038461538461539
0 0.3028846153846155 0.7211538461538461 0.2692307692307693 0.7211538461538461 0.2692307692307693 0.7884615384615384 0.3028846153846155 0.7884615384615384
0 0.2692307692307693 0.7235576923076923 0.23076923076923084 0.7235576923076923 0.23076923076923084 0.7956730769230769 0.2692307692307693 0.7956730769230769
0 0.23317307692307698 0.7139423076923077 0.17307692307692316 0.7139423076923077 0.17307692307692316 0.7956730769230769 0.23317307692307698 0.7956730769230769
2 0.9960823870192308 0.059968978365384666 0 0 -0.05785781311599002 0.9610160147326087 0.9382245739032408 1.0209849930979933