2 1 0.011718750000000062 0.0019531250000000017 0.01171875 0.001953125000000062 1 1 1
2 0.3798076923076923 0.25480769230769235 0.25721153846153844 0.2548076923076923 0.2572115384615385 0.31971153846153844 0.3798076923076923 0.31971153846153844
0 0.38221153846153844 0.3245192307692308 0.2908653846153847 0.3245192307692308 0.2908653846153847 0.3629807692307692 0.38221153846153844 0.3629807692307692
0 0.5913461538461539 0.10096153846153853 0.49759615384615385 0.10096153846153853 0.49759615384615385 0.16346153846153852 0.5913461538461539 0.16346153846153852
0 0.6754807692307693 0.12259615384615391 0.6081730769230769 0.12259615384615391 0.6081730769230769 0.17307692307692316 0.6754807692307693 0.17307692307692316
0 0.3317307692307693 0.4855769230769231 0.16346153846153852 0.4855769230769231 0.16346153846153852 0.5673076923076923 0.3317307692307694 0.5673076923076923
0 0.3509615384615386 0.6057692307692307 0.2596153846153847 0.6057692307692307 0.2596153846153847 0.6538461538461539 0.3509615384615386 0.6538461538461539
0 0.42067307692307704 0.6754807692307693 0.2692307692307693 0.6754807692307693 0.2692307692307693 0.7163461538461539 0.42067307692307704 0.7163461538461539
0 0.6466346153846154 0.528846153846154 0.49759615384615385 0.5288461538461539 0.4975961538461539 0.6346153846153846 0.6466346153846154 0.6346153846153846
0 0.7379807692307693 0.28846153846153855 0.6802884615384616 0.28846153846153855 0.6802884615384616 0.35817307692307704 0.7379807692307693 0.35817307692307704
0 0.6177884615384616 0.26682692307692313 0.49759615384615385 0.26682692307692313 0.49759615384615385 0.3413461538461539 0.6177884615384616 0.34134615384615397
0 0.6298076923076923 0.42307692307692313 0.5528846153846154 0.4230769230769231 0.5528846153846154 0.4663461538461539 0.6298076923076923 0.46634615384615397
0 0.6274038461538461 0.37500000000000006 0.5528846153846154 0.375 0.5528846153846154 0.42307692307692313 0.6274038461538461 0.42307692307692324
0 0.26201923076923084 0.6754807692307693 0.17307692307692316 0.6754807692307693 0.17307692307692316 0.7788461538461539 0.26201923076923084 0.7788461538461539
0 0.4879807692307692 0.16346153846153852 0.3870192307692308 0.16346153846153852 0.3870192307692308 0.23317307692307698 0.4879807692307692 0.23317307692307698
0 0.6706730769230769 0.1971153846153847 0.6153846153846154 0.1971153846153847 0.6153846153846154 0.23557692307692316 0.6706730769230769 0.23557692307692316
0 0.8076923076923077 0.36057692307692324 0.6826923076923077 0.36057692307692324 0.6826923076923077 0.39182692307692324 0.8076923076923077 0.39182692307692324
0 0.7836538461538461 0.39663461538461553 0.7115384615384616 0.39663461538461553 0.7115384615384616 0.42788461538461553 0.7836538461538461 0.42788461538461553
0 0.8004807692307693 0.42788461538461553 0.7091346153846154 0.42788461538461553 0.7091346153846154 0.4567307692307694 0.8004807692307693 0.4567307692307694
0 0.7668269230769231 0.45913461538461553 0.6923076923076923 0.45913461538461553 0.6923076923076923 0.49759615384615397 0.7668269230769231 0.49759615384615397
0 0.7529626883283412 0.6300967870700721 0.7470703125 0.6035156250000001 0.540982624171659 0.649200087929928 0.546875 0.67578125
0 0.7731292439235491 0.6507289259360056 0.767578125 0.6279296875 0.5403473185764508 0.6832554490639946 0.5458984375 0.7060546875000002
0 0.7040431298324742 0.7022105750644331 0.69921875 0.6767578125 0.5449803076675258 0.705992549935567 0.5498046875 0.7314453125000001
0 0.6875 0.7382812500000001 0.6816451706749418 0.7126663717028704 0.5449264206749418 0.7439163717028704 0.55078125 0.7695312500000001
0 0.8269230769230769 0.5649038461538463 0.7644230769230769 0.5649038461538463 0.7644230769230769 0.605769230769231 0.8269230769230769 0.605769230769231
0 0.8100961538461539 0.6105769230769232 0.7644230769230769 0.6105769230769232 0.7644230769230769 0.6394230769230769 0.8100961538461539 0.6394230769230769
0 0.8221153846153846 0.6418269230769231 0.7620192307692307 0.6418269230769231 0.7620192307692307 0.6706730769230769 0.8221153846153846 0.6706730769230769
0 0.8317307692307693 0.7163461538461539 0.7572115384615384 0.7163461538461539 0.7572115384615384 0.7548076923076923 0.8317307692307693 0.7548076923076923
0 0.8269230769230769 0.6706730769230769 0.7644230769230769 0.6706730769230769 0.7644230769230769 0.7139423076923077 0.8269230769230769 0.7139423076923077
0 0.9423076923076923 0.6730769230769231 0.8509615384615384 0.6730769230769231 0.8509615384615384 0.7235576923076923 0.9423076923076923 0.7235576923076923
0 0.9326923076923077 0.6274038461538461 0.8509615384615384 0.6274038461538461 0.8509615384615384 0.6682692307692307 0.9326923076923077 0.6682692307692307