2 0.9843756442307691 0.23215312740384625 2.5620531337503614e-17 0.20553086538461535 -0.02141782032979015 0.9974688558501318 0.962957823900979 1.0240911178693628
0 0.3894230769230769 0.31490384615384615 0.2740384615384616 0.31490384615384615 0.2740384615384616 0.43028846153846156 0.3894230769230769 0.43028846153846156
0 0.5769230769230769 0.24038461538461545 0.49278846153846156 0.24038461538461545 0.49278846153846156 0.3725961538461539 0.5769230769230769 0.37259615384615397
0 0.7668269230769231 0.26201923076923084 0.6706730769230769 0.26201923076923084 0.6706730769230769 0.32932692307692324 0.7668269230769231 0.32932692307692324
0 0.6490384615384616 0.3365384615384617 0.6057692307692307 0.3365384615384617 0.6057692307692307 0.4134615384615386 0.6490384615384616 0.4134615384615386
0 0.18028846153846162 0.5192307692307693 0.108173076923077 0.5192307692307693 0.108173076923077 0.6225961538461539 0.18028846153846162 0.6225961538461539
0 0.34375000000000006 0.5336538461538461 0.28125000000000006 0.5336538461538461 0.28125000000000006 0.6322115384615384 0.3437500000000001 0.6322115384615384
0 0.6081730769230771 0.5721153846153847 0.5264423076923078 0.5721153846153846 0.5264423076923078 0.6802884615384616 0.6081730769230771 0.6802884615384616
0 0.24038461538461545 0.4182692307692308 0.18750000000000006 0.4182692307692308 0.18750000000000006 0.5264423076923077 0.24038461538461545 0.5264423076923077
0 0.024220168269230766 0.4234812620192307 0.018376202446097792 0.2995504091204128 -0.003816415391525763 0.30059690317040383 0.002027550431607209 0.4245277560692217
0 0.0555977139423077 0.4231921033653846 0.04600606633971944 0.3173989723044652 0.01589736987127547 0.3201287526163109 0.025489017473863743 0.42592188367723033
0 0.17067307692307698 0.6274038461538461 0.1346153846153847 0.6274038461538461 0.1346153846153847 0.6826923076923077 0.17067307692307698 0.6826923076923077
0 0.3677884615384617 0.5625 0.33413461538461553 0.5625 0.33413461538461553 0.6514423076923077 0.3677884615384617 0.6514423076923077
0 0.42067307692307704 0.5889423076923077 0.3774038461538463 0.5889423076923077 0.3774038461538463 0.6466346153846154 0.42067307692307704 0.6466346153846154
0 0.45432692307692324 0.6081730769230769 0.4134615384615386 0.6081730769230769 0.4134615384615386 0.6634615384615384 0.45432692307692324 0.6634615384615384
0 0.3509615384615386 0.7091346153846154 0.2788461538461539 0.7091346153846154 0.2788461538461539 0.7548076923076923 0.3509615384615386 0.7548076923076923
0 0.4182692307692309 0.7427884615384616 0.37980769230769246 0.7427884615384616 0.37980769230769246 0.8028846153846154 0.4182692307692309 0.8028846153846154
0 0.47836538461538475 0.7379807692307693 0.4399038461538463 0.7379807692307693 0.4399038461538463 0.8028846153846154 0.47836538461538475 0.8028846153846154
0 0.44230769230769246 0.7403846153846154 0.41105769230769246 0.7403846153846154 0.41105769230769246 0.8245192307692307 0.44230769230769246 0.8245192307692307
0 0.3870192307692309 0.7139423076923077 0.3437500000000001 0.7139423076923077 0.3437500000000001 0.8413461538461539 0.3870192307692309 0.8413461538461539
0 0.6565405398333761 0.6051494883484458 0.6292726009615384 0.5972904399038462 0.5959476582963545 0.7129154428424844 0.6232155971681924 0.7207744912870839
0 0.6806802620192306 0.612262653846154 0.6577531935809079 0.6055400163370281 0.6216986276062921 0.7285015028803549 0.6446256960446148 0.7352241403894806
0 0.7094703557692308 0.6162352187500002 0.6819765779563972 0.6074774679436736 0.6373034669559405 0.7477226764699701 0.6647972447687742 0.7564804272762969
0 0.8285255841346154 0.6255654831730768 0.8002365600961538 0.6154545240384616 0.776714229115966 0.6812666569607558 0.8050032531544276 0.6913776160953712
0 0.7588623149038463 0.6490418365384616 0.7328965384615385 0.6379057596153846 0.6956025344994754 0.724863471582222 0.7215683109417832 0.7359995485052989
0 0.5769230769230771 0.8004807692307693 0.5336538461538463 0.8004807692307693 0.5336538461538463 0.8653846153846154 0.5769230769230771 0.8653846153846154
0 0.605769230769231 0.7980769230769231 0.574519230769231 0.7980769230769231 0.574519230769231 0.8485576923076923 0.605769230769231 0.8485576923076923
0 0.6322115384615384 0.7980769230769231 0.5985576923076924 0.7980769230769231 0.5985576923076924 0.8605769230769231 0.6322115384615384 0.8605769230769231
0 0.6730769230769231 0.8100961538461539 0.6346153846153846 0.8100961538461539 0.6346153846153846 0.8701923076923077 0.6730769230769231 0.8701923076923077
0 0.7139423076923077 0.7980769230769231 0.6706730769230769 0.7980769230769231 0.6706730769230769 0.8798076923076923 0.7139423076923077 0.8798076923076923