2 0.9955449711538462 0.2671817187500001 2.5620531337503614e-17 0.20537446634615383 -0.04875472790152229 0.99067914006296 0.9467902432523239 1.0524863924668062
0 0.40865384615384615 0.3269230769230769 0.29807692307692313 0.3269230769230769 0.29807692307692313 0.44471153846153844 0.40865384615384615 0.44471153846153844
0 0.5889423076923077 0.25721153846153855 0.5144230769230769 0.25721153846153855 0.5144230769230769 0.3942307692307693 0.5889423076923077 0.3942307692307694
0 0.78125 0.2860576923076924 0.6875 0.2860576923076924 0.6875 0.3557692307692309 0.78125 0.3557692307692309
0 0.6682692307692307 0.35817307692307704 0.6274038461538461 0.35817307692307704 0.6274038461538461 0.4375000000000001 0.6682692307692307 0.4375000000000001
0 0.20913461538461545 0.5240384615384616 0.1442307692307693 0.5240384615384616 0.1442307692307693 0.6298076923076923 0.20913461538461545 0.6298076923076923
0 0.37500000000000006 0.5432692307692307 0.3173076923076923 0.5432692307692307 0.3173076923076924 0.6442307692307693 0.3750000000000001 0.6442307692307693
0 0.6394230769230769 0.591346153846154 0.5649038461538463 0.591346153846154 0.5649038461538463 0.7043269230769231 0.6394230769230769 0.7043269230769231
0 0.264423076923077 0.4254807692307692 0.21875000000000006 0.4254807692307692 0.21875000000000006 0.5360576923076923 0.264423076923077 0.5360576923076923
0 0.049779949746010424 0.4254222468333721 0.035373395223420534 0.29782883643332797 0.011004355769230773 0.30058034134615386 0.025410910291820667 0.428173751746198
0 0.08007905288461538 0.42633920192307695 0.06400817137288632 0.31754732065416724 0.03452387230199678 0.3219027805588767 0.050594753813725836 0.4306946618277864
0 0.20913461538461545 0.6322115384615384 0.17307692307692316 0.6322115384615384 0.17307692307692316 0.6923076923076923 0.20913461538461545 0.6923076923076923
0 0.4014423076923078 0.5769230769230769 0.37259615384615397 0.5769230769230769 0.37259615384615397 0.6658653846153846 0.4014423076923078 0.6658653846153846
0 0.45192307692307704 0.6033653846153846 0.4134615384615386 0.6033653846153846 0.4134615384615386 0.6634615384615384 0.45192307692307704 0.6634615384615384
0 0.49038461538461553 0.625 0.4495192307692309 0.625 0.4495192307692309 0.6802884615384616 0.49038461538461553 0.6802884615384616
0 0.39182692307692324 0.7211538461538461 0.32211538461538475 0.7211538461538461 0.32211538461538475 0.7692307692307693 0.39182692307692324 0.7692307692307693
0 0.45913461538461553 0.7572115384615384 0.4254807692307694 0.7572115384615384 0.4254807692307694 0.8197115384615384 0.45913461538461553 0.8197115384615384
0 0.5216346153846155 0.7548076923076923 0.48557692307692324 0.7548076923076923 0.48557692307692324 0.8197115384615384 0.5216346153846155 0.8197115384615384
0 0.48557692307692324 0.7572115384615384 0.45913461538461553 0.7572115384615384 0.45913461538461553 0.8413461538461539 0.48557692307692324 0.8413461538461539
0 0.42788461538461553 0.7283653846153846 0.39182692307692324 0.7283653846153846 0.39182692307692324 0.8557692307692307 0.42788461538461553 0.8557692307692307
0 0.6907162570319384 0.6274765098970262 0.6625200673076923 0.6209621057692308 0.6358628121906053 0.7363422707181613 0.6640590019148515 0.7428566748459566
0 0.7150911537761342 0.6360163608706915 0.691369076923077 0.6304154110576925 0.6624275168969429 0.752993533360078 0.6861495937500001 0.7585944831730771
0 0.7438456875338552 0.6419353611541276 0.71531265625 0.6344658269230771 0.6791544648775344 0.7725872644431603 0.7076874961613894 0.7800567986742108
0 0.8635456008322387 0.6543574913568252 0.8341352980769232 0.6451467283653846 0.8137638194971776 0.7101936037611049 0.8431741222524931 0.7194043667525455
0 0.7954560330376909 0.6757010501620635 0.768260641826923 0.6653109423076924 0.7353128482655392 0.7515495211552172 0.7625082394763071 0.7619396290095881
0 0.6225961538461539 0.8197115384615384 0.5817307692307694 0.8197115384615384 0.5817307692307694 0.8894230769230769 0.6225961538461539 0.8894230769230769
0 0.6514423076923077 0.8221153846153846 0.6225961538461539 0.8221153846153846 0.6225961538461539 0.8725961538461539 0.6514423076923077 0.8725961538461539
0 0.6778846153846154 0.8221153846153846 0.6466346153846154 0.8221153846153846 0.6466346153846154 0.8846153846153846 0.6778846153846154 0.8846153846153846
0 0.71875 0.8365384615384616 0.6850961538461539 0.8365384615384616 0.6850961538461539 0.8966346153846154 0.71875 0.8966346153846154
0 0.7596153846153846 0.8245192307692307 0.7211538461538461 0.8245192307692307 0.7211538461538461 0.90625 0.7596153846153846 0.90625