2 0.998046875 0.8148014567307693 0.9323814222283234 -0.06925491433610333 -0.05785295277167662 0.00429716979851187 0.007812499999999991 0.8883535408653844
0 0.09375000000000008 0.5240384615384616 0.012019230769230834 0.5240384615384616 0.01201923076923085 0.8149038461538461 0.0937500000000001 0.8149038461538461
0 0.0600961538461539 0.35096153846153844 0.009615384615384658 0.35096153846153844 0.009615384615384666 0.49278846153846156 0.06009615384615392 0.49278846153846156
0 0.05288461538461541 0.17067307692307693 0.004807692307692329 0.17067307692307693 0.00480769230769234 0.34134615384615385 0.05288461538461542 0.34134615384615385
0 0.06730769230769232 0.0024038461538461583 2.9438624979503682e-19 0.002403846153846154 8.390008119158549e-18 0.1346153846153846 0.06730769230769232 0.1346153846153846
0 0.16346153846153846 1.5455278114239434e-17 0.0889423076923077 1.0892291242416363e-17 0.08894230769230771 0.1466346153846154 0.16346153846153846 0.14663461538461542
0 0.1971153846153847 0.41586538461538464 0.11298076923076926 0.41586538461538464 0.1129807692307693 0.8076923076923077 0.1971153846153847 0.8076923076923077
0 0.16105769230769235 0.1778846153846154 0.05528846153846156 0.1778846153846154 0.05528846153846157 0.38221153846153844 0.16105769230769237 0.38221153846153844
0 0.3221153846153847 0.42788461538461536 0.2283653846153847 0.42788461538461536 0.2283653846153847 0.8173076923076923 0.32211538461538475 0.8173076923076923
0 0.27403846153846156 0.25721153846153844 0.1971153846153846 0.25721153846153844 0.19711538461538464 0.40625 0.2740384615384616 0.40625
0 0.460869111850272 0.8074146913076509 0.388671875 0.18533470913461533 0.2852246381497279 0.19734056830773344 0.35742187499999994 0.819420550480769
0 0.59375 0.7863534158653847 0.498046875 0.14767489423076924 0.3867813286896767 0.16434753958523773 0.4824844536896767 0.8030260612198532
0 0.6864248280562043 0.7780319758068649 0.60546875 0.1198602884615385 0.5034985466632675 0.1324027722837031 0.5844546247194718 0.7905744596290295
0 0.9352449217996042 0.7857576339342849 0.900390625 0.17620251923076918 0.7377651846412908 0.1855014246598308 0.772619481440895 0.7950565393633464
0 0.78125 0.5889423076923078 0.6899038461538461 0.5889423076923078 0.6899038461538461 0.7860576923076923 0.78125 0.7860576923076923
0 0.763671875 0.5665390048076921 0.7265625 0.2633635961538462 0.644867958311479 0.2733631980227229 0.681977333311479 0.5765386066765689