2 1.0529397642963385 0.06722760151955184 0.07260737740384617 0.008537242788461548 0.019667613107507823 0.8928147734804485 1.0000000000000002 0.9515051322115388
0 0.2620192307692309 0.5552884615384616 0.12259615384615391 0.5552884615384616 0.12259615384615394 0.8605769230769231 0.2620192307692309 0.8605769230769231
0 0.25000000000000006 0.39903846153846156 0.14663461538461542 0.39903846153846156 0.14663461538461545 0.5336538461538461 0.25000000000000006 0.5336538461538461
0 0.25000000000000006 0.23317307692307693 0.16346153846153846 0.23317307692307693 0.1634615384615385 0.4014423076923077 0.25000000000000006 0.4014423076923077
0 0.2956730769230769 0.026442307692307716 0.17307692307692307 0.02644230769230771 0.17307692307692307 0.2259615384615385 0.2956730769230769 0.22596153846153852
0 0.38461538461538464 0.026442307692307734 0.28125 0.026442307692307727 0.28125 0.23557692307692316 0.38461538461538464 0.23557692307692316
0 0.3485576923076923 0.24278846153846156 0.23557692307692307 0.24278846153846154 0.2355769230769231 0.43509615384615385 0.3485576923076923 0.43509615384615385
0 0.37019230769230776 0.47115384615384615 0.2283653846153847 0.47115384615384615 0.22836538461538472 0.8389423076923077 0.3701923076923078 0.8389423076923077
0 0.4797064447115386 0.5104581490384617 0.37533776656772805 0.509202014735614 0.3711101271446511 0.8604647238702293 0.47547880528846165 0.8617208581730771
0 0.4517752663784486 0.47991183278520577 0.4428654238495575 0.33096107333135233 0.36752534016341654 0.33546771891153127 0.37643518269230763 0.4844184783653847
0 0.562954288339146 0.8848149383030655 0.5565983831645238 0.30038695379428043 0.47898591453691625 0.3012310227027534 0.48534181971153845 0.8856590072115386
0 0.7041653052884617 0.8783179302884615 0.6882630703869175 0.26910325961275167 0.57731665625 0.2719992764423077 0.5932188911515441 0.8812139471180175
0 0.7992823173076922 0.8999507043269231 0.7935108848495195 0.2702106067395137 0.6860081514423075 0.2711958461538461 0.6917795839004802 0.9009359437412556
0 0.9086538461538461 0.7235576923076923 0.7932692307692307 0.7235576923076923 0.7932692307692307 0.9134615384615384 0.9086538461538461 0.9134615384615384
0 0.90625 0.4014423076923078 0.7788461538461539 0.4014423076923078 0.7788461538461539 0.7259615384615384 0.90625 0.7259615384615384
0 1 0.3437500000000001 0.8557692307692307 0.3437500000000001 0.8557692307692307 0.9254807692307693 1 0.9254807692307693