2 0.9774182911431062 0.9482384858926538 0.912691132825701 -0.042237920958820147 0.049342105769230774 0.014181524038461539 0.11406926408663602 1.0046579308899355
0 0.774635714068532 0.17201416334748768 0.5228070192307692 0.12965964423076928 0.5127408666245803 0.18951030776607294 0.7645695614623431 0.23186482688279136
0 0.8719298245192308 0.25937439182692323 0.5368421057692309 0.2096715288461539 0.5270381259666714 0.2757681886699912 0.8621258447166714 0.3254710516507605
0 0.8584923363556249 0.2962429770921048 0.547368420673077 0.27882333894230776 0.5445504242092074 0.3291542405763876 0.8556743398917553 0.34657387872618456
0 0.8269230769230769 0.33413461538461553 0.5600961538461539 0.33413461538461553 0.5600961538461539 0.3942307692307694 0.8269230769230769 0.3942307692307694
0 0.8533653846153846 0.3942307692307693 0.5552884615384616 0.3942307692307692 0.5552884615384616 0.4471153846153847 0.8533653846153846 0.44711538461538475
0 0.7644230769230769 0.4447115384615386 0.5600961538461539 0.4447115384615386 0.5600961538461539 0.5024038461538463 0.7644230769230769 0.5024038461538463
0 0.7548076923076923 0.5168269230769232 0.5721153846153846 0.5168269230769232 0.5721153846153847 0.5625000000000001 0.7548076923076923 0.5625000000000001
0 0.7379807692307693 0.5673076923076924 0.5889423076923078 0.5673076923076924 0.5889423076923078 0.6201923076923077 0.7379807692307693 0.6201923076923077
0 0.7855035722715515 0.6377740396144775 0.7733410327478365 0.5944140317909093 0.5771929807692308 0.6494338197115385 0.589355520292946 0.6927938275351067
0 0.7983762915148932 0.6876423630428478 0.78182767593085 0.6349363624785893 0.5939776993198029 0.6939174465511263 0.6105263149038461 0.7466234471153848
0 0.7534849737715233 0.7362700598581629 0.7413073871887269 0.7004657003985607 0.6087719278846154 0.745542949519231 0.6209495144674118 0.7813473089788331
0 0.7684210528846153 0.7757968677884617 0.7583919974535048 0.7432288298269747 0.611023576780428 0.7886097048269747 0.6210526322115384 0.8211777427884617
0 0.7761487288813906 0.8049844964338283 0.7652380481979864 0.7729278777157268 0.6224226534512112 0.8215360351280524 0.6333333341346153 0.8535926538461539
0 0.7982456129807691 0.8438681802884619 0.7824476471765519 0.8006137088605608 0.6315704548688598 0.855719057418253 0.647368420673077 0.8989735288461541
0 0.3377704515401774 0.45088074361470365 0.3307511220380158 0.38315237336513835 0.18070175480769232 0.39870340384615377 0.18772108430985388 0.466431774095719
0 0.36033906647261627 0.5252067280338436 0.354325915353647 0.45854551607971433 0.19122807211538462 0.47325769951923075 0.19724122323435386 0.5399189114733601
0 0.3824561394230769 0.5823878990384617 0.3631207449411216 0.5029203799439728 0.20526315865384617 0.5413290120192309 0.2245985531358014 0.6207965311137197