2 0.9152757159739784 0.017007288407265155 0.04835043750000001 0.013033074519230775 0.04385515134499843 0.9936237803889983 0.9107804298189769 0.9975979942770328
0 0.761667 0.15384643269230774 0.5137403341346154 0.11749117548076927 0.5048151235561391 0.17835713739633482 0.7527417894215236 0.2147123946078733
0 0.8537926009615385 0.2390800000000001 0.5221804447115386 0.19717638942307703 0.5137044110123611 0.2642530869375348 0.8453165672623609 0.3061566975144579
0 0.8354342331730769 0.276184403846154 0.5278711923076923 0.26608319711538475 0.5262109893171197 0.31663330403270107 0.8337740301825044 0.3267345107634703
0 0.8028846153846154 0.3149038461538462 0.5336538461538461 0.31490384615384615 0.5336538461538461 0.3798076923076924 0.8028846153846154 0.37980769230769246
0 0.8245192307692307 0.37500000000000006 0.5216346153846154 0.375 0.5216346153846154 0.4350961538461539 0.8245192307692307 0.43509615384615397
0 0.7355769230769231 0.4254807692307693 0.5240384615384616 0.4254807692307692 0.5240384615384616 0.4879807692307693 0.7355769230769231 0.4879807692307694
0 0.71875 0.4975961538461539 0.5336538461538461 0.49759615384615385 0.5336538461538461 0.5504807692307693 0.71875 0.5504807692307694
0 0.6971153846153846 0.5504807692307693 0.5432692307692307 0.5504807692307693 0.5432692307692308 0.6057692307692308 0.6971153846153846 0.605769230769231
0 0.7437210041894772 0.6186525802044495 0.7311889156494924 0.5765891000738876 0.5317801442307692 0.6359995048076923 0.5443122327707539 0.678062984938254
0 0.7528488118504093 0.668216061627352 0.7360148975106395 0.6172056570194132 0.5414834029679226 0.6814028838535996 0.5583173173076923 0.7324132884615384
0 0.7036842535033077 0.7181346631934911 0.6914044768943983 0.6835386883151414 0.556638485576923 0.7313736249999999 0.5689182621858323 0.7659695998783496
0 0.7161365001242549 0.757274724860354 0.7059124086538463 0.7257417620192309 0.5534061993949759 0.7751896188896461 0.5636302908653846 0.8067225817307692
0 0.7215106447696068 0.7863327086230819 0.7105092465583454 0.755358434174365 0.5626429239041233 0.8078773818012832 0.5736443221153847 0.8388516562500001
0 0.7392366009615384 0.825288807692308 0.7234256208758698 0.7835528065483821 0.5686950872220236 0.8421698594329973 0.5845060673076923 0.8839058605769231
0 0.3137336231678737 0.4325759516355572 0.30083397081422497 0.3658733500340536 0.1528216971153846 0.39449752403846156 0.1657213494690333 0.46120012563996515
0 0.3317160260867348 0.5078157789179105 0.32075345258001803 0.4418016741441596 0.1581346706730769 0.4688068173076924 0.16909724417979374 0.5348209220814433
0 0.3417316105769231 0.5734861346153847 0.32146478750565105 0.4961694230439985 0.16740974759615382 0.5365514591346154 0.1876765706674258 0.6138681707060015