2 0.9903824003460013 0.8977759507753856 0.9843750000000001 0.03239546634615385 0.07211759965399876 0.038728282397691376 0.078125 0.9041087668269232
0 0.5120192307692308 0.5456730769230769 0.39663461538461536 0.5456730769230769 0.3966346153846155 0.8701923076923077 0.512019230769231 0.8701923076923077
0 0.4014423076923078 0.5793269230769231 0.3004807692307693 0.5793269230769231 0.30048076923076933 0.8725961538461539 0.4014423076923078 0.8725961538461539
0 0.3100961538461539 0.5432692307692307 0.19471153846153852 0.5432692307692307 0.19471153846153857 0.8822115384615384 0.31009615384615397 0.8822115384615384
0 0.20913461538461547 0.4254807692307692 0.08894230769230776 0.4254807692307692 0.08894230769230778 0.8677884615384616 0.20913461538461553 0.8677884615384616
0 0.9309895817307693 0.2806359855769232 0.8812797777327179 0.2733664749050767 0.8436376393102208 0.530768026057151 0.8933474433082722 0.5380375367289976
0 0.8605769230769231 0.4014423076923078 0.8221153846153846 0.4014423076923078 0.8221153846153846 0.5096153846153848 0.8605769230769231 0.5096153846153848
0 0.8269230769230769 0.37980769230769246 0.7836538461538461 0.37980769230769246 0.7836538461538461 0.45913461538461553 0.8269230769230769 0.45913461538461553
0 0.2884615384615385 0.1274038461538462 0.23557692307692307 0.1274038461538462 0.2355769230769231 0.2836538461538462 0.28846153846153855 0.2836538461538462
0 0.3293269230769231 0.10336538461538465 0.28846153846153844 0.10336538461538465 0.2884615384615385 0.3269230769230769 0.3293269230769231 0.3269230769230769
0 0.3701923076923077 0.08894230769230772 0.3317307692307692 0.08894230769230772 0.3317307692307692 0.29326923076923084 0.3701923076923077 0.29326923076923084
0 0.39663461538461536 0.38461538461538464 0.34134615384615385 0.38461538461538464 0.34134615384615385 0.46153846153846156 0.39663461538461536 0.46153846153846156
0 0.3557692307692308 0.32211538461538464 0.3173076923076923 0.32211538461538464 0.3173076923076923 0.4110576923076923 0.3557692307692308 0.4110576923076923
0 0.39903846153846156 0.2475961538461539 0.36538461538461536 0.2475961538461539 0.36538461538461536 0.31490384615384615 0.39903846153846156 0.31490384615384615
0 0.4206730769230769 0.12500000000000006 0.3870192307692308 0.12500000000000003 0.3870192307692308 0.23317307692307698 0.4206730769230769 0.23317307692307698
0 0.44711538461538464 0.13461538461538466 0.4182692307692308 0.13461538461538464 0.4182692307692308 0.24519230769230776 0.44711538461538464 0.24519230769230776
0 0.6923076923076923 0.38461538461538475 0.6442307692307693 0.38461538461538475 0.6442307692307693 0.45913461538461553 0.6923076923076923 0.45913461538461553
0 0.8942307692307693 0.14423076923076933 0.8509615384615384 0.14423076923076933 0.8509615384615384 0.216346153846154 0.8942307692307693 0.216346153846154
0 0.9807692307692307 0.04086538461538473 0.8125 0.04086538461538472 0.8125 0.13942307692307704 0.9807692307692307 0.13942307692307707
0 0.9615384615384616 0.14182692307692318 0.8966346153846154 0.14182692307692318 0.8966346153846154 0.2259615384615386 0.9615384615384616 0.2259615384615386
0 0.7524038461538461 0.2067307692307693 0.6899038461538461 0.2067307692307693 0.6899038461538461 0.26682692307692313 0.7524038461538461 0.26682692307692313
0 0.8701923076923077 0.7115384615384616 0.8028846153846154 0.7115384615384616 0.8028846153846154 0.8004807692307693 0.8701923076923077 0.8004807692307693
0 0.4765625 0.09872233653846159 0.4457791440655232 0.0965000981500513 0.432758312334754 0.2768699899769743 0.46354166826923077 0.2790922283653846
0 0.5 0.17067307692307698 0.46634615384615385 0.17067307692307698 0.46634615384615385 0.2548076923076924 0.5 0.2548076923076924
0 0.5408653846153846 0.1129807692307693 0.49278846153846156 0.1129807692307693 0.49278846153846156 0.29807692307692313 0.5408653846153846 0.29807692307692313
0 0.5216346153846154 0.3173076923076923 0.47836538461538464 0.3173076923076923 0.47836538461538464 0.37740384615384615 0.5216346153846154 0.37740384615384615
0 0.6153846153846154 0.06250000000000007 0.5480769230769231 0.06250000000000007 0.5480769230769231 0.24278846153846162 0.6153846153846154 0.24278846153846162
0 0.5833333317307693 0.26109546394230776 0.5460138169238087 0.25736342916621635 0.5211194502025372 0.5063015401978064 0.558438965009498 0.5100335749738978
0 0.5416666682692308 0.2893207836538462 0.5185988718917215 0.2885531977544327 0.5091615693503673 0.5721667627550998 0.5322293657278766 0.5729343486545133
0 0.6718750000000001 0.2772885240384616 0.5989531005042091 0.26191351181050265 0.5414699365880572 0.5345494902177966 0.6143918360838483 0.5499245024457556
0 0.6298076923076923 0.7019230769230769 0.543269230769231 0.7019230769230769 0.543269230769231 0.8509615384615384 0.6298076923076923 0.8509615384615384
0 0.8774038461538461 0.6442307692307693 0.8100961538461539 0.6442307692307693 0.8100961538461539 0.6923076923076923 0.8774038461538461 0.6923076923076923
0 0.8684895817307693 0.26438022115384624 0.83203125 0.15300967067307691 0.7840033642090585 0.16873210883051423 0.8204616959398278 0.28010265931128353
0 0.8658854182692307 0.34915211778846145 0.7799479182692307 0.17136424278846157 0.7383136728703529 0.19148902893580746 0.8242511728703529 0.3692769039358073
0 0.7981770817307694 0.507648480769231 0.7630208317307695 0.5055846899038463 0.7583911334810386 0.584450640820712 0.7935473834810385 0.5865144316860966
0 0.5651041682692308 0.5576237283653847 0.5278999693713409 0.5527513528129012 0.5117187500000001 0.6763069567307693 0.5489229488978901 0.6811793322832528
0 0.5872395817307693 0.562974076923077 0.5651353127514214 0.5608359453690168 0.5557043670215893 0.6583342310783225 0.5778086360009372 0.6604723626323826
0 0.6210937500000001 0.5260436057692309 0.5921243227046884 0.5206471153067482 0.5670142745109943 0.6554428164362462 0.5959837018063059 0.6608393068987289
0 0.6484375000000001 0.5220064134615385 0.619844593884786 0.5201068564803769 0.611979168269231 0.638500449519231 0.6405720743844452 0.6404000065003926
0 0.6705729182692308 0.5143359302884616 0.6466277815020347 0.5130095060291165 0.6412157576471317 0.6107095069752437 0.6651608944143278 0.6120359312345889
0 0.7695312500000001 0.6198268269230769 0.7627634483809729 0.5118967095355426 0.7368198575725641 0.5135235128794702 0.7435876591915913 0.6214536302670044
0 0.7421875 0.5183952692307693 0.7176241244984598 0.5174939403690882 0.7109375000000001 0.6997205120192308 0.7355008755015403 0.7006218408809117
0 0.7188179784602897 0.5151300612709053 0.6914062500000001 0.5145461826923078 0.690105349251798 0.5756204186219016 0.7175170777120876 0.5762042972004993
0 0.6927083317307693 0.4988529447115386 0.6626693444168664 0.4977915870323214 0.6574610126860971 0.6451999620323213 0.6875 0.6462613197115386
0 0.7812630706474191 0.7092204281891508 0.7747395817307693 0.6273663701923076 0.7330598428141195 0.6306881030608491 0.7395833317307693 0.7125421610576923
0 0.7524038461538461 0.7139423076923077 0.6802884615384616 0.7139423076923077 0.6802884615384616 0.84375 0.7524038461538461 0.84375
0 0.7734374999999999 0.07404918990384622 0.7154025218161918 0.05410281803051277 0.6640625 0.20347920913461545 0.7220974781838081 0.2234255810079489