2 0.923828125 0.91796875 0.9125784375206472 -0.000005748315203875685 0.115234375 0.009765625 0.12648406247935284 0.927740123315204
0 0.6010108995602906 0.13398841671238845 0.3666666682692308 0.08437500000000003 0.3560683634107228 0.1344350799064742 0.5904125947017826 0.18404849661886258
0 0.2111464093326775 0.03386509989864477 0.13541666826923077 0.027083331730769246 0.13052025893655328 0.08175990010135528 0.20625000000000002 0.08854166826923081
0 0.20038461306497457 0.0844230711828638 0.13333333173076922 0.0760416682692308 0.12745192647985856 0.12309295099396832 0.19450320781406388 0.13147435390760132
0 0.23645833173076922 0.15416666826923078 0.13645833173076927 0.13333333173076922 0.12731558241041968 0.17721852171687955 0.22731558241041963 0.19805185825534113
0 0.3072207083278825 0.26728533452530656 0.15520833173076923 0.2260416682692308 0.137570955133656 0.29104800201315506 0.28958333173076933 0.3322916682692308
0 0.34375 0.25721153846153855 0.2980769230769231 0.25721153846153855 0.29807692307692313 0.32211538461538464 0.34375 0.32211538461538464
0 0.5456730769230769 0.32211538461538464 0.47596153846153844 0.32211538461538464 0.47596153846153844 0.38221153846153844 0.5456730769230769 0.38221153846153844
0 0.5288461538461539 0.1971153846153847 0.45913461538461536 0.1971153846153847 0.45913461538461536 0.23557692307692316 0.5288461538461539 0.23557692307692316
0 0.296024925339782 0.09354253882191267 0.27665730404417405 0.030274973936504246 0.215625 0.04895833173076923 0.2349926212956079 0.11222589661617767
0 0.30324164983214513 0.1535655009320152 0.2974261763703137 0.11213024454814785 0.23376785826893784 0.1210647436161326 0.23958333173076923 0.16249999999999998
0 0.36474297567707903 0.17202396642512083 0.3428911655034144 0.12668146289916335 0.2437731898263353 0.17444916474327332 0.265625 0.2197916682692308
0 0.43802439035030294 0.20635363878290985 0.42187499999999994 0.16145833173076923 0.26026252108019476 0.2195923145215519 0.27641191143049776 0.2644876215736925
0 0.5895833317307693 0.1750000000000001 0.48124999999999996 0.15937500000000007 0.4756557940694168 0.19816149387827872 0.5839891258001861 0.21378649387827878
0 0.7760416682692307 0.21249999999999994 0.7519866887049886 0.1499570464715913 0.697820020435758 0.1707903782023605 0.721875 0.23333333173076914
0 0.8825980384615385 0.1897671586538465 0.7927083317307694 0.16979166826923092 0.7772181361425339 0.23949754841628965 0.8671078428733031 0.2594730388009052
0 0.9112676313049058 0.3119428453274945 0.7791666682692309 0.2781250000000001 0.7710240369643251 0.30993215467250573 0.9031250000000001 0.3437500000000001
0 0.8805534365328413 0.33780478420516297 0.784375 0.31666666826923084 0.7755074546097992 0.3570140035804047 0.8716858911426405 0.3781521195163368
0 0.6682512378377303 0.24665378437155722 0.5854166682692307 0.22812500000000008 0.5786369896701676 0.2584341528998651 0.6614715592386674 0.2769629372714222
0 0.6708333317307693 0.26979166826923084 0.5947916682692308 0.2645833317307693 0.5932390896354124 0.2872509648797725 0.6692807530969509 0.29245930141823406
0 0.7702335038523594 0.2989933552741438 0.5989583317307692 0.28541666826923084 0.597451312233419 0.3044283037076751 0.7687264843550091 0.31800499071258803
0 0.6479879548485977 0.3114682786949762 0.6013190746022046 0.30495634214939493 0.5981227880228376 0.3278630634544188 0.6447916682692308 0.33437500000000003
0 0.7770833317307692 0.3604166682692309 0.5875000000000001 0.3229166682692309 0.5814708024233618 0.35339761131568853 0.7710541341541309 0.39089761131568856
0 0.6916666682692308 0.36041666826923086 0.6020833317307692 0.35625000000000007 0.6009230507017558 0.38119603342168557 0.6905063872402172 0.38536270169091635
0 0.7104166682692308 0.3854166682692307 0.5958333317307692 0.3812499999999999 0.5947713748228565 0.41045380455225905 0.7093547113613181 0.41462047282148984
0 0.7374999999999999 0.37187500000000007 0.7062499999999999 0.37083333173076927 0.7053551594626305 0.39767850655158316 0.7366051594626305 0.3987201748208139
0 0.7862894154162212 0.28961147965949297 0.7794481945938915 0.24856417998539107 0.7020833317307692 0.26145833173076927 0.708924552553099 0.3025056314048712
0 0.9208249810391258 0.4440950801974092 0.7854166682692308 0.40937500000000016 0.7718833554993357 0.4621549198025911 0.9072916682692308 0.4968750000000001
0 0.7538006750119399 0.4282376197568412 0.6156250000000002 0.4052083317307693 0.6103603581309351 0.4367961707959909 0.7485360331428749 0.4598254588220628
0 0.6296951133145557 0.4090165720246182 0.36875 0.33541666826923083 0.35074604225030453 0.3992488821090603 0.6116911555648602 0.4728487858644478
0 0.59598154129638 0.4422287703120879 0.1523238289949086 0.3765016765433386 0.14375000000000007 0.43437499999999996 0.5874077123014716 0.5001020937687493
0 0.4 0.48229166826923076 0.21875000000000003 0.45833333173076923 0.21261439464450166 0.5047505138627093 0.3938643946445016 0.5287088504011709
0 0.34965463675797126 0.5094436040179036 0.2631255401773268 0.5060279818535993 0.26242923515012473 0.5236677095664649 0.34895833173076923 0.5270833317307692
0 0.36562500000000014 0.5322916682692309 0.19791666826923085 0.5135416682692309 0.19384089222874548 0.549997220282993 0.3615492239595148 0.5687472202829931
0 0.3419576077618988 0.5545978878154408 0.22859517972357674 0.548929757257328 0.2270833317307693 0.5791666682692309 0.3404457597690914 0.5848347988273439
0 0.32211538461538475 0.5817307692307693 0.23317307692307698 0.5817307692307693 0.23317307692307698 0.6105769230769231 0.32211538461538475 0.6105769230769231
0 0.37259615384615397 0.7043269230769231 0.23076923076923084 0.7043269230769231 0.23076923076923084 0.7524038461538461 0.37259615384615397 0.7524038461538461
0 0.39607368713839325 0.6604140270030245 0.3956271870351738 0.6197824866984836 0.20520833173076922 0.6218749999999998 0.2056548318339887 0.6625065403045409
0 0.40625000000000006 0.6697916682692308 0.20520833173076933 0.664583331730769 0.20432257638032875 0.6987734674902305 0.4053642446495595 0.703981804028692
0 0.5020833317307694 0.6718750000000001 0.42812500000000014 0.6458333317307694 0.4168415029096869 0.6778784608008822 0.49079983464045607 0.7039201290701129
0 0.46153846153846156 0.4879807692307692 0.40625 0.4879807692307692 0.40625 0.5336538461538461 0.46153846153846156 0.5336538461538461
0 0.39663461538461553 0.6009615384615384 0.3461538461538463 0.6009615384615384 0.3461538461538463 0.6274038461538461 0.39663461538461553 0.6274038461538461
0 0.5480769230769232 0.6201923076923077 0.4807692307692309 0.6201923076923077 0.4807692307692309 0.6634615384615384 0.5480769230769232 0.6634615384615384
0 0.9103678520189459 0.8323073446864271 0.5322916682692308 0.79375 0.5240071479810542 0.8749843235828039 0.9020833317307692 0.913541668269231
0 0.8915512508352801 0.7403205346951705 0.6427083317307694 0.7104166682692311 0.6318345840711308 0.8009017938609896 0.8806775031756415 0.8308056602869289
0 0.8601218567870443 0.6463639923431896 0.6739583317307692 0.6114583317307692 0.6565526715134868 0.7042885204488731 0.8427161965697619 0.7391941810612934
0 0.9192689020189287 0.5609147645036393 0.6385416682692309 0.5093750000000001 0.6218570269927839 0.6002530479839462 0.9025842607424817 0.6517928124875852