0 0.20432692307692316 0.37740384615384615 0.11057692307692311 0.37740384615384615 0.11057692307692313 0.6586538461538461 0.20432692307692316 0.6586538461538461
2 1 0.03445921875000006 0.046817579326923084 0.034459218750000006 0.04681757932692314 1 1 1
0 0.617178387019231 0.2715608028846154 0.6045955389815548 0.09402948121062758 0.5334707860576923 0.09907057451923076 0.5460536340953683 0.2766018961932186
0 0.5477934110576923 0.23958777884615381 0.53757840625 0.09933380288461537 0.48049895066989 0.10349102487546412 0.4907139554775823 0.24374500083700257
0 0.4898421778846154 0.26340072836538464 0.488226423239515 0.12508086392095874 0.4286267644230769 0.12577706490384613 0.4302425190681773 0.26409692934827206
0 0.9762030889423075 0.7094338774038461 0.9366772096956079 0.5165844854375918 0.866652717229145 0.530936512194436 0.9061785964758446 0.7237859041606904
0 0.4681767067307692 0.5589067692307692 0.40317468129512146 0.3377168657204412 0.3296906923076923 0.35931192067307693 0.3946927177433401 0.5805018241834049
0 0.4244423864833837 0.5411902458913018 0.32705798539427633 0.37490436932905113 0.2453999951923077 0.42272691826923076 0.3427843962814151 0.5890127948314816
0 0.7100885673076924 0.8831007451923077 0.6772897483714359 0.6822780715833421 0.5988768149038461 0.6950846514423077 0.6316756338401027 0.8959073250512734
0 0.6256524735576924 0.8737574567307692 0.5982814266664825 0.7210752618108223 0.5355687764423076 0.7323176394230769 0.5629398233335172 0.8849998343430239
0 0.5973893750000001 0.9505938076923078 0.5340896995192309 0.7420538004807693 0.44733462943109525 0.7683872021926041 0.5106343049118643 0.9769272094041427
0 1.0161044212927242 0.9769791997582753 0.9128103467470882 0.8456296660847816 0.8303590024038461 0.9104699062500001 0.9336530769494822 1.0418194399234937