2 0.9341028076923077 0.029742144230769287 4.032035334889115e-17 0.02974214423076923 9.973151221965928e-17 1 0.9341028076923077 1
0 0.8784158004807693 0.9112249639423079 0.8100636764267299 0.5637598341848058 0.7213548623612106 0.5812103215701868 0.7897069864152501 0.9286754513276889
0 0.7154411875000002 0.9999999999999998 0.6276236445671617 0.2462956606191663 0.5317738197115384 0.2574635625 0.6195913626443768 1.0111679018808335
0 0.60564225 0.8890073966346154 0.532063001230259 0.32049821047009824 0.4371726670685956 0.3327793831811834 0.5107519158383367 0.9012885693457006
0 0.5003210432692308 0.8825090336538461 0.4482483553972188 0.3161964380515879 0.368095560130587 0.3235665222107614 0.42016824800259894 0.8898791178130196
0 0.40221157432338206 0.8890713357456405 0.3850809565627432 0.2803618434329632 0.2974830961816689 0.2828270677834768 0.31461371394230764 0.891536560096154
0 0.3132648493180302 0.8676163891580261 0.309001640941207 0.5002483386849954 0.22023748393086906 0.5012784230846619 0.2245006923076923 0.8686464735576924
0 0.29014312661982483 0.33755855011844066 0.23823452269128878 0.33712751966207144 0.23700273260992552 0.4854708733897847 0.28891133653846157 0.48590190384615384
0 0.2381235812939847 0.35613331989053176 0.20365840567647583 0.356027540288537 0.20332187005556804 0.4656777853018514 0.2377870456730769 0.46578356490384615
0 0.22004846875000025 0.4806766899038462 0.14856354125295526 0.4764553418772568 0.12537692586833976 0.869100892358026 0.19686185336538475 0.8733222403846155
0 0.19690605769230768 0.4742276057692308 0.19332749662655588 0.3405425533493744 0.14760703268424819 0.3417664259455282 0.15118559374999999 0.4754514783653846
0 0.1430300504807694 0.4568336418269231 0.05259750697257469 0.45526912451709295 0.045526480530266936 0.8639900139401699 0.13595902403846163 0.86555453125
0 0.5204497475961538 0.2246327403846154 0.5062207181430094 0.042991599851055606 0.4632650240384616 0.04635657451923077 0.4774940534916059 0.22799771505279054
0 0.47036970947576145 0.17324540709577138 0.46950173270277823 0.10151089290291451 0.43354835736163216 0.10194592330714315 0.4344163341346154 0.1736804375
0 0.40830475680630535 0.042468451287072044 0.3535423789709595 0.04226682580096614 0.3529225260108081 0.21062164374466336 0.40768490384615397 0.21082326923076924
0 0.07044824759615397 0.49942651442307695 0.019875041642488246 0.4932756961791381 -0.02367645835751177 0.8513644726214458 0.026896747596153955 0.8575152908653846