2 0.9591346153846154 5.902444308390488e-17 0.004807692307692308 5.8877249959007365e-19 0.004807692307692369 0.9975961538461539 0.9591346153846154 0.9975961538461539
0 0.13221153846153852 0.3942307692307692 0.06730769230769236 0.3942307692307692 0.06730769230769237 0.5625 0.13221153846153852 0.5625
0 0.18028846153846162 0.46634615384615385 0.12500000000000006 0.46634615384615385 0.12500000000000006 0.6298076923076923 0.18028846153846162 0.6298076923076923
0 0.22596153846153852 0.41586538461538464 0.15144230769230774 0.41586538461538464 0.15144230769230774 0.5168269230769231 0.22596153846153852 0.5168269230769231
0 0.21153846153846162 0.5913461538461539 0.1658653846153847 0.5913461538461539 0.1658653846153847 0.65625 0.21153846153846162 0.65625
0 0.3701923076923078 0.5769230769230769 0.295673076923077 0.5769230769230769 0.295673076923077 0.6923076923076923 0.3701923076923078 0.6923076923076923
0 0.5072115384615385 0.5504807692307693 0.44711538461538464 0.5504807692307693 0.4471153846153847 0.6225961538461539 0.5072115384615385 0.6225961538461539
0 0.1346153846153847 0.6658653846153846 0.06971153846153855 0.6658653846153846 0.06971153846153856 0.9278846153846154 0.13461538461538472 0.9278846153846154
0 0.1875000000000001 0.6538461538461539 0.12500000000000006 0.6538461538461539 0.12500000000000008 0.9519230769230769 0.18750000000000014 0.9519230769230769
0 0.2500000000000001 0.6538461538461539 0.1850961538461539 0.6538461538461539 0.18509615384615394 0.9735576923076923 0.2500000000000001 0.9735576923076923
0 0.295673076923077 0.6442307692307693 0.24519230769230776 0.6442307692307693 0.24519230769230776 0.7115384615384616 0.295673076923077 0.7115384615384616
0 0.3629807692307694 0.6899038461538461 0.3052884615384616 0.6899038461538461 0.3052884615384616 0.9759615384615384 0.3629807692307694 0.9759615384615384
0 0.4254807692307694 0.6899038461538461 0.3629807692307694 0.6899038461538461 0.3629807692307694 0.9254807692307693 0.4254807692307694 0.9254807692307693
0 0.4879807692307694 0.6826923076923077 0.4254807692307694 0.6826923076923077 0.4254807692307694 0.7355769230769231 0.4879807692307694 0.7355769230769231
0 0.09615384615384617 0.12980769230769232 0.04326923076923079 0.12980769230769232 0.043269230769230796 0.34375 0.09615384615384619 0.34375
0 0.27884615384615385 0.10336538461538465 0.21634615384615385 0.10336538461538465 0.21634615384615388 0.29086538461538464 0.2788461538461539 0.29086538461538464
0 0.21394230769230776 0.2980769230769231 0.1538461538461539 0.2980769230769231 0.1538461538461539 0.3942307692307692 0.21394230769230776 0.3942307692307692
0 0.32211538461538464 0.3581730769230769 0.26682692307692313 0.3581730769230769 0.26682692307692313 0.53125 0.32211538461538464 0.53125
0 0.3798076923076923 0.3557692307692308 0.3245192307692308 0.3557692307692308 0.3245192307692308 0.5096153846153846 0.3798076923076923 0.5096153846153846
0 0.3581730769230769 0.23076923076923084 0.2980769230769231 0.23076923076923084 0.29807692307692313 0.3076923076923077 0.3581730769230769 0.3076923076923077
0 0.5288461538461539 0.2283653846153847 0.47596153846153844 0.2283653846153847 0.47596153846153844 0.3245192307692308 0.5288461538461539 0.3245192307692308
0 0.5048076923076923 0.39903846153846156 0.4543269230769231 0.39903846153846156 0.4543269230769231 0.4519230769230769 0.5048076923076923 0.4519230769230769
0 0.6875 0.06250000000000008 0.6153846153846154 0.06250000000000007 0.6153846153846154 0.3125000000000001 0.6875 0.3125000000000001
0 0.7331730769230769 0.3389423076923078 0.6730769230769231 0.3389423076923078 0.6730769230769231 0.4807692307692309 0.7331730769230769 0.4807692307692309
0 0.13088876857650272 0.10843065830368379 0.088653 0.10769343028846155 0.08456074034123127 0.3421388506115265 0.12679650891773403 0.34287607862674874
0 0.1886283341346154 0.14302193028846158 0.13572437031819276 0.13696050217566508 0.1136263345046474 0.329831499791845 0.16653029832107005 0.3358929279046415
0 0.3164449423308364 0.20788341936097007 0.30468567307692307 0.06382076923076922 0.26017075478454815 0.06745434746595297 0.27193002403846156 0.21151699759615383
0 0.37205510398175906 0.21666285357967796 0.3532837403846154 0.04583683413461538 0.3062901329649687 0.05100076697389407 0.3250614965621124 0.22182678641895665
0 0.42676599782265084 0.22335864650045056 0.4236952548076924 0.04600190625 0.35311625456868023 0.04722390644960138 0.3561869975836387 0.22458064670005198
0 0.5915084525826132 0.27872159714818723 0.5690964189541455 0.10326723962594339 0.5070546298076924 0.11119227884615383 0.52946666343616 0.28664663636839766
0 0.6249772128959207 0.2842330616801585 0.6184292115384616 0.06974960096153847 0.557752249086017 0.07160201807180848 0.5643002504434761 0.2860854787904285
0 0.6761295625000003 0.3371038149038463 0.6121513883611768 0.3336719939414339 0.6029180270365323 0.5058061481367985 0.666896201175356 0.5092379690992108
0 0.6177281610576925 0.3404291009615385 0.5615124790984478 0.3383636131574833 0.5577453714698625 0.44089170552338053 0.6139610534291071 0.4429571933274357
0 0.5668419759615385 0.4894991754807692 0.5632404014423078 0.3500584735576923 0.4926894976954387 0.35188071293069545 0.49629107221466945 0.4913214148537723
0 0.7029225861191762 0.7488085923597277 0.6973425216346155 0.504912903846154 0.6307834660474381 0.5064357016638252 0.6363635305319988 0.750331390177399
0 0.6508610576923078 0.8626695841346154 0.6223532469348622 0.5157373135840412 0.5501959731032616 0.5216665570755732 0.5787037838607072 0.8685988276261475
0 0.5743912259615385 0.748552435096154 0.5643660048076924 0.5160893677884616 0.5057966583384601 0.5186152341894805 0.5158218794923062 0.7510783014971728