2 0.8892180360576923 0.8989906947115386 0.828295636360833 -0.015579023717122591 0.003214745192307693 0.03938224038461539 0.064137144889167 0.9539519588132764
0 0.7788461538461539 0.1971153846153847 0.6754807692307693 0.1971153846153847 0.6754807692307693 0.7860576923076923 0.7788461538461539 0.7860576923076923
0 0.7139423076923077 0.25000000000000006 0.59375 0.25000000000000006 0.5937500000000001 0.7836538461538461 0.7139423076923077 0.7836538461538461
0 0.625 0.1442307692307693 0.5024038461538461 0.1442307692307693 0.5024038461538463 0.7908653846153846 0.625 0.7908653846153846
0 0.5528846153846154 0.3557692307692308 0.4639423076923077 0.3557692307692308 0.46394230769230776 0.7475961538461539 0.5528846153846155 0.7475961538461539
0 0.46875000000000006 0.29326923076923084 0.3629807692307692 0.29326923076923084 0.3629807692307693 0.7860576923076923 0.4687500000000001 0.7860576923076923
0 0.39182692307692324 0.625 0.32211538461538475 0.625 0.32211538461538475 0.7572115384615384 0.39182692307692324 0.7572115384615384
0 0.28605769230769235 0.19230769230769235 0.15865384615384615 0.19230769230769232 0.1586538461538462 0.7572115384615384 0.2860576923076924 0.7572115384615384
0 0.20913461538461545 0.5264423076923077 0.1346153846153847 0.5264423076923077 0.1346153846153847 0.7668269230769231 0.20913461538461545 0.7668269230769231
0 0.15144230769230776 0.5552884615384616 0.06730769230769237 0.5552884615384616 0.06730769230769239 0.7548076923076923 0.1514423076923078 0.7548076923076923
0 0.45913461538461536 0.11298076923076929 0.40865384615384615 0.11298076923076926 0.40865384615384615 0.1971153846153847 0.45913461538461536 0.1971153846153847
0 0.3004807692307692 0.11778846153846158 0.23798076923076922 0.11778846153846158 0.23798076923076922 0.25000000000000006 0.3004807692307692 0.25000000000000006