2 0.9613652884615385 1 0.9570824587702743 0.0009903322089265258 0.021177466346153844 0.005002627403846155 0.025460296037418003 1.0040122951949195
0 0.13701923076923087 0.43509615384615385 0.05528846153846159 0.43509615384615385 0.055288461538461606 0.7596153846153846 0.13701923076923087 0.7596153846153846
0 0.2668360865384616 0.8524971730769231 0.22236340625000006 0.04552393269230769 0.1274525574431707 0.05075451485248052 0.17192523773163218 0.8577277552370959
0 0.3049555264423077 0.7670439230769233 0.2900534770437788 0.06248138243273354 0.2244811514423077 0.06386828846153847 0.23938320084083667 0.7684308291057282
0 0.35578144951923074 0.7703413341346155 0.34305248458350207 0.08964531125148432 0.29224904807692303 0.09059533173076925 0.30497801301265176 0.7712913546139005
0 0.40660737019230775 0.042822673076923126 0.34095722115384614 0.04282267307692312 0.3409572211538462 0.77363875 0.4066073701923078 0.77363875
0 0.45955103846153844 0.7770101153846153 0.439382260308331 0.32843121355270427 0.38220309925063867 0.33100207412962734 0.40237187740384606 0.7795809759615384
0 0.5338058375300144 0.8518649318295222 0.5103769591346153 0.19413213701923077 0.4340044124699855 0.19685257778586251 0.45743329086538453 0.8545853725961539
0 0.5760271081730769 0.8495915576923078 0.5379076658653846 0.12962458653846154 0.4978571468101208 0.13174510527291614 0.5359765891178131 0.8517120764267623
0 0.6294694103608302 0.8442660512469231 0.6014400673076924 0.08616718269230769 0.5421319153273141 0.0883599950109372 0.5701612583804518 0.8464588635655527
0 0.6675930303956658 0.8520448152424466 0.6516519710105212 0.6337354240181163 0.6024409814802401 0.6373288347372082 0.6183820408653846 0.8556382259615385
0 0.7256784060395951 0.813032746838625 0.6687587648102885 0.14262176821655312 0.5993223221153846 0.14851710336538465 0.6562419633446912 0.8189280819874565
0 0.734858110576923 0.835345122596154 0.7198326354065713 0.2792673605074273 0.6734434567307693 0.28052081730769235 0.6884689319011212 0.8365985793964191
0 0.8164686266579335 0.8531836299748676 0.7726080770011475 0.27301925696065377 0.701586294093214 0.2783885188127092 0.74544684375 0.8585528918269231
0 0.8321740606441735 0.6453150325906303 0.8237669245918171 0.40271316989707073 0.7867429062499999 0.40399620192307695 0.7951500423023563 0.6465980646166365
0 0.8608651609931663 0.47872939114717666 0.8280389663461538 0.47851989903846154 0.8269789736222182 0.6446145920259004 0.8598051682692307 0.6448240841346156
0 0.9134615384615384 0.7379807692307693 0.84375 0.7379807692307693 0.84375 0.8605769230769231 0.9134615384615384 0.8605769230769231
0 0.9615384615384616 0.153846153846154 0.9230769230769231 0.153846153846154 0.9230769230769231 0.7475961538461539 0.9615384615384616 0.7475961538461539
0 0.9254807692307693 0.1682692307692309 0.8918269230769231 0.1682692307692309 0.8918269230769231 0.7427884615384616 0.9254807692307693 0.7427884615384616
0 0.8915999888788131 0.7177484273089528 0.8894536201923078 0.47231893028846156 0.8597765447750331 0.4725784669218165 0.8619229134615385 0.7180079639423078
0 0.8938600886320104 0.4660705942655673 0.8831003822115384 0.05416162740384613 0.8152020061984515 0.05593523917514046 0.8259617126189235 0.4678442060368616