2 0.8799090817307692 0.9417276562500001 0.8146068922893289 -0.045956913679373594 0.08322751728932899 0.002399288243703309 0.14852970673076923 0.990083858173077
0 0.1971153846153846 0.04086538461538463 0.13942307692307693 0.04086538461538463 0.13942307692307693 0.15384615384615385 0.1971153846153846 0.15384615384615385
0 0.2043269230769231 0.19471153846153846 0.14663461538461542 0.19471153846153846 0.14663461538461545 0.43509615384615385 0.20432692307692316 0.43509615384615385
0 0.24759615384615385 0.05048076923076926 0.1971153846153846 0.050480769230769246 0.1971153846153846 0.25 0.24759615384615385 0.25
0 0.21153846153846162 0.4423076923076923 0.13942307692307698 0.4423076923076923 0.13942307692307698 0.5480769230769231 0.21153846153846162 0.5480769230769231
0 0.28846153846153855 0.47115384615384615 0.22115384615384623 0.47115384615384615 0.22115384615384623 0.6586538461538461 0.28846153846153855 0.6586538461538461
0 0.29086538461538464 0.009615384615384647 0.24759615384615385 0.009615384615384645 0.24759615384615385 0.11057692307692311 0.29086538461538464 0.11057692307692311
0 0.34375 0.045673076923076955 0.2860576923076923 0.045673076923076955 0.28605769230769235 0.46634615384615385 0.34375 0.46634615384615385
0 0.36538461538461536 0.04567307692307697 0.3269230769230769 0.045673076923076955 0.3269230769230769 0.14903846153846156 0.36538461538461536 0.14903846153846156
0 0.36778846153846156 0.18750000000000006 0.3317307692307692 0.18750000000000006 0.3317307692307692 0.37740384615384615 0.36778846153846156 0.37740384615384615
0 0.39903846153846156 0.15625000000000006 0.3629807692307692 0.15625000000000006 0.3629807692307692 0.3605769230769231 0.39903846153846156 0.3605769230769231
0 0.43990384615384615 0.007211538461538511 0.3870192307692308 0.007211538461538509 0.3870192307692308 0.23557692307692316 0.43990384615384615 0.23557692307692316
0 0.4375 0.26682692307692313 0.40625 0.26682692307692313 0.40625 0.34134615384615385 0.4375 0.34134615384615385
0 0.47836538461538464 0.024038461538461595 0.4326923076923077 0.02403846153846159 0.4326923076923077 0.4326923076923077 0.47836538461538464 0.4326923076923077
0 0.5072115384615384 0.03125000000000006 0.46153846153846156 0.03125000000000006 0.46153846153846156 0.4423076923076923 0.5072115384615384 0.4423076923076923
0 0.53125 0.16826923076923084 0.4879807692307692 0.16826923076923084 0.4879807692307692 0.43990384615384615 0.53125 0.43990384615384615
0 0.5576923076923077 0.15625000000000006 0.5144230769230769 0.15625000000000006 0.5144230769230769 0.44711538461538464 0.5576923076923077 0.44711538461538464
0 0.5697115384615384 0.024038461538461606 0.5288461538461539 0.024038461538461606 0.5288461538461539 0.17307692307692316 0.5697115384615384 0.17307692307692316
0 0.5745192307692307 0.17788461538461545 0.5384615384615384 0.17788461538461545 0.5384615384615384 0.4302884615384616 0.5745192307692307 0.4302884615384617
0 0.6009615384615384 0.1754807692307693 0.5649038461538461 0.1754807692307693 0.5649038461538461 0.4062500000000001 0.6009615384615384 0.4062500000000001
0 0.6322115384615384 0.16346153846153852 0.5889423076923077 0.16346153846153852 0.5889423076923077 0.39663461538461553 0.6322115384615384 0.39663461538461553
0 0.6658653846153846 7.860112869527485e-17 0.6177884615384616 7.565726619732446e-17 0.6177884615384616 0.18750000000000006 0.6658653846153846 0.18750000000000006
0 0.7115384615384616 0.04326923076923085 0.65625 0.04326923076923085 0.65625 0.4399038461538463 0.7115384615384616 0.4399038461538463
0 0.7451923076923077 0.0408653846153847 0.6923076923076923 0.0408653846153847 0.6923076923076923 0.44711538461538475 0.7451923076923077 0.44711538461538475
0 0.7764423076923077 0.038461538461538554 0.7259615384615384 0.03846153846153855 0.7259615384615384 0.41586538461538475 0.7764423076923077 0.41586538461538475
0 0.7043269230769231 0.4711538461538463 0.6514423076923077 0.4711538461538463 0.6514423076923077 0.6634615384615384 0.7043269230769231 0.6634615384615384
0 0.7403846153846154 0.5000000000000001 0.6947115384615384 0.5000000000000001 0.6947115384615384 0.7572115384615384 0.7403846153846154 0.7572115384615384
0 0.8004807692307693 0.5000000000000001 0.7259615384615384 0.5000000000000001 0.7259615384615384 0.9086538461538461 0.8004807692307693 0.9086538461538461
0 0.3149038461538462 0.4807692307692308 0.28125000000000006 0.4807692307692308 0.28125000000000006 0.5889423076923077 0.3149038461538463 0.5889423076923077
0 0.358173076923077 0.5024038461538461 0.31009615384615385 0.5024038461538461 0.3100961538461539 0.6826923076923077 0.35817307692307704 0.6826923076923077
0 0.35817307692307704 0.6802884615384616 0.3076923076923078 0.6802884615384616 0.3076923076923078 0.9495192307692307 0.35817307692307704 0.9495192307692307
0 0.38461538461538475 0.6730769230769231 0.3437500000000001 0.6730769230769231 0.3437500000000001 0.8389423076923077 0.38461538461538475 0.8389423076923077
0 0.41346153846153855 0.5120192307692307 0.36778846153846156 0.5120192307692307 0.3677884615384616 0.625 0.4134615384615386 0.625
0 0.42788461538461553 0.6322115384615384 0.3774038461538463 0.6322115384615384 0.3774038461538463 0.9663461538461539 0.42788461538461553 0.9663461538461539
0 0.4399038461538463 0.6466346153846154 0.41105769230769246 0.6466346153846154 0.41105769230769246 0.7980769230769231 0.4399038461538463 0.7980769230769231
0 0.4975961538461539 0.47836538461538464 0.43990384615384615 0.47836538461538464 0.4399038461538462 0.7211538461538461 0.49759615384615397 0.7211538461538461
0 0.4951923076923078 0.7740384615384616 0.45913461538461553 0.7740384615384616 0.45913461538461553 0.8461538461538461 0.4951923076923078 0.8461538461538461
0 0.5168269230769231 0.5144230769230769 0.4831730769230769 0.5144230769230769 0.483173076923077 0.6033653846153846 0.5168269230769232 0.6033653846153846
0 0.528846153846154 0.6129807692307693 0.4879807692307694 0.6129807692307693 0.4879807692307694 0.9230769230769231 0.528846153846154 0.9230769230769231
0 0.5456730769230771 0.6225961538461539 0.512019230769231 0.6225961538461539 0.512019230769231 0.7788461538461539 0.5456730769230771 0.7788461538461539
0 0.5721153846153847 0.5192307692307693 0.53125 0.5192307692307693 0.5312500000000001 0.6466346153846154 0.5721153846153848 0.6466346153846154
0 0.5793269230769232 0.6538461538461539 0.5384615384615385 0.6538461538461539 0.5384615384615385 0.9206730769230769 0.5793269230769232 0.9206730769230769
0 0.6081730769230771 0.6466346153846154 0.5649038461538463 0.6466346153846154 0.5649038461538463 0.9230769230769231 0.6081730769230771 0.9230769230769231
0 0.625 0.6322115384615384 0.5889423076923078 0.6322115384615384 0.5889423076923078 0.8918269230769231 0.625 0.8918269230769231
0 0.649077923076923 0.6886616754807692 0.6445532581444723 0.5084647687221706 0.6055093966157539 0.5094451428821062 0.6100340615482046 0.6896420496407047
0 0.6444310292166655 0.6880403344194834 0.612672670673077 0.6878631923076924 0.6115481394025181 0.8894711946216829 0.6433064979461066 0.889648336733474
0 0.669161355769231 0.9313831514423077 0.6617331754807694 0.6911209254807692 0.6379024127919958 0.6918577004813142 0.6453305930804573 0.9321199264428526
0 0.6900391826923078 0.8680557235576922 0.682724094653673 0.6836847336079471 0.6589226706730767 0.684629076923077 0.6662377587117115 0.8690000668728222