0 0.8269230769230769 0.7043269230769231 0.14903846153846165 0.7043269230769231 0.14903846153846165 0.8076923076923077 0.8269230769230769 0.8076923076923077
0 0.8149038461538461 0.6610576923076923 0.0865384615384616 0.6610576923076923 0.08653846153846162 0.7475961538461539 0.8149038461538461 0.7475961538461539
0 0.8557692307692307 0.6033653846153847 0.1442307692307693 0.6033653846153846 0.14423076923076933 0.6995192307692307 0.8557692307692307 0.6995192307692307
0 0.8365384615384616 0.5504807692307693 0.09855769230769237 0.5504807692307693 0.09855769230769237 0.6490384615384616 0.8365384615384616 0.6490384615384616
0 0.8533653846153846 0.5024038461538463 0.09375000000000007 0.5024038461538461 0.09375000000000007 0.5985576923076924 0.8533653846153846 0.5985576923076924
0 0.8485576923076923 0.4591346153846155 0.076923076923077 0.45913461538461536 0.076923076923077 0.545673076923077 0.8485576923076923 0.5456730769230771
0 0.8581730769230769 0.40144230769230776 0.08173076923076926 0.4014423076923077 0.08173076923076929 0.5000000000000001 0.8581730769230769 0.5000000000000001
0 0.8557692307692307 0.35096153846153855 0.060096153846153896 0.35096153846153844 0.060096153846153896 0.44951923076923084 0.8557692307692307 0.4495192307692309
0 0.8701923076923077 0.295673076923077 0.09375000000000003 0.2956730769230769 0.09375000000000003 0.3990384615384616 0.8701923076923077 0.3990384615384617
0 0.875 0.25000000000000006 0.10096153846153849 0.25 0.10096153846153849 0.34375000000000006 0.875 0.3437500000000001
0 0.8822115384615384 0.18269230769230776 0.06250000000000001 0.18269230769230768 0.06250000000000003 0.3028846153846155 0.8822115384615384 0.30288461538461553