0 0.8221153846153846 0.08653846153846165 0.7403846153846154 0.08653846153846165 0.7403846153846154 0.8149038461538461 0.8221153846153846 0.8149038461538461
0 0.7620192307692307 0.08894230769230778 0.6899038461538461 0.08894230769230776 0.6899038461538461 0.8149038461538461 0.7620192307692307 0.8149038461538461
0 0.7091346153846154 0.08413461538461547 0.6442307692307693 0.08413461538461545 0.6442307692307693 0.8581730769230769 0.7091346153846154 0.8581730769230769
0 0.6658653846153846 0.10576923076923084 0.5865384615384616 0.10576923076923084 0.5865384615384616 0.9014423076923077 0.6658653846153846 0.9014423076923077
0 0.6033653846153847 0.09134615384615391 0.5336538461538461 0.09134615384615391 0.5336538461538463 0.8485576923076923 0.6033653846153848 0.8485576923076923
0 0.5528846153846154 0.108173076923077 0.47836538461538464 0.108173076923077 0.4783653846153847 0.9254807692307693 0.5528846153846155 0.9254807692307693
0 0.5024038461538463 0.09855769230769237 0.4326923076923077 0.09855769230769237 0.43269230769230776 0.9326923076923077 0.5024038461538463 0.9326923076923077
0 0.4615384615384616 0.08173076923076929 0.3870192307692308 0.08173076923076926 0.38701923076923084 0.8557692307692307 0.4615384615384617 0.8557692307692307
0 0.4110576923076924 0.08894230769230772 0.3317307692307692 0.08894230769230772 0.3317307692307693 0.8918269230769231 0.41105769230769246 0.8918269230769231
0 0.34698319714914805 0.07486771225671209 0.2748028318542052 0.073285056237617 0.25666345192307705 0.9005697307692306 0.32884381721802 0.9021523867883257
0 0.306966576923077 0.11039306009615388 0.2390294802661065 0.10703730209058741 0.21028558316701865 0.6889555787599764 0.2782226798239892 0.6923113367655429