0 0.9423076923076923 0.17788461538461545 0.10817307692307696 0.1778846153846154 0.10817307692307696 0.2379807692307693 0.9423076923076923 0.23798076923076936
0 0.8894230769230769 0.23317307692307698 0.11057692307692311 0.23317307692307693 0.11057692307692311 0.29326923076923084 0.8894230769230769 0.2932692307692309
0 0.8990384615384616 0.2836538461538462 0.08653846153846158 0.28365384615384615 0.08653846153846158 0.33894230769230776 0.8990384615384616 0.3389423076923078
0 0.8461538461538461 0.34375000000000006 0.09134615384615388 0.34375 0.09134615384615388 0.3942307692307693 0.8461538461538461 0.3942307692307694
0 0.9134615384615384 0.38701923076923084 0.08894230769230772 0.3870192307692308 0.08894230769230774 0.4302884615384616 0.9134615384615384 0.4302884615384617
0 0.9278846153846154 0.4399038461538462 0.1129807692307693 0.43990384615384615 0.1129807692307693 0.49519230769230776 0.9278846153846154 0.4951923076923078
0 0.9326923076923077 0.48557692307692313 0.07211538461538466 0.4855769230769231 0.07211538461538468 0.5480769230769231 0.9326923076923077 0.5480769230769232
0 0.8774038461538461 0.545673076923077 0.08894230769230776 0.5456730769230769 0.08894230769230776 0.5961538461538463 0.8774038461538461 0.5961538461538463
0 0.49759615384615397 0.6875 0.12259615384615391 0.6875 0.12259615384615394 0.78125 0.49759615384615397 0.78125
0 0.8517371943471096 0.6367075509508049 0.8515625 0.603515625 0.10724718065289049 0.6074330740491952 0.10742187499999999 0.640625
0 0.892578125 0.642578125 0.10742187500000007 0.642578125 0.10742187500000007 0.6953125 0.892578125 0.6953125