1 0.4254807692307693 0.3798076923076923 0.18269230769230776 0.3798076923076923 0.1826923076923078 0.9975961538461539 0.4254807692307694 0.9975961538461539
2 1.0141611919478621 0.9277586497173836 0.9782170031013451 0.0259688844277638 0.00033021499963662256 0.06494620346038044 0.03627440384615385 0.9667359687500003
0 0.18777339182692315 0.29521829567307695 0.052277819711538505 0.29521829567307695 0.05227781971153851 0.3950103942307692 0.18777339182692315 0.3950103942307692
0 0.20377680528846162 0.3950103942307692 0.05334471394230774 0.3950103942307692 0.05334471394230774 0.46361746394230774 0.20377680528846162 0.46361746394230774
0 0.21484535664110918 0.5196842547685585 0.21332669960828865 0.46162354150223706 0.051826056909487155 0.4658478107721401 0.05334471394230769 0.5239085240384616
0 0.2154881512394371 0.5709740396876662 0.21169069121463943 0.5171880972552367 0.053814830840586976 0.5283346392983398 0.057612290865384615 0.5821205817307693
0 0.9648822348423293 0.2354887304926875 0.9464727115210524 0.16239624583298962 0.7753598132171847 0.20549379418645597 0.7937693365384616 0.27858627884615383
0 0.8874556762881578 0.33157826826115566 0.8791208798076924 0.2577962572115385 0.7961034847695344 0.26717433029653664 0.8044382812499999 0.3409563413461539
0 0.9493949722857494 0.38854754153802007 0.9452509809837293 0.3324053640928838 0.8012375985576922 0.34303534375000005 0.8053815898597124 0.39917752119513633
0 0.9722940079259078 0.4355464974733882 0.9651497148646102 0.38201879462240057 0.8015615651117792 0.40385275387978165 0.8087058581730768 0.45738045673076927
0 0.9526221515565896 0.48740644441463854 0.9446288619736762 0.43669122640353003 0.7921774147440096 0.46071929160427594 0.8001707043269229 0.5114345096153845
0 0.9154979742951815 0.531640091926912 0.9108545646329571 0.49691802270015456 0.797661080722391 0.5120554764463194 0.8023044903846154 0.5467775456730769
0 0.927131120192308 0.5467775456730771 0.8064674700430167 0.5447800758518617 0.8054005782160936 0.6092291407557078 0.9260642283653849 0.6112266105769233