1 0.5096153846153847 0.31009615384615385 0.1538461538461539 0.31009615384615385 0.15384615384615394 1 0.5096153846153848 1
0 0.8039792158179284 0.26102369626726807 0.7936507932692307 0.16600920432692307 0.11030649812437916 0.24029122680965492 0.12063492067307692 0.3353057187499999
0 0.803383522605899 0.351579837923706 0.7978835985576923 0.2728468100961538 0.3955582778748703 0.3009513904416785 0.4010582019230768 0.3796844182692307
0 0.7854287287297439 0.4321382929332286 0.7809523798076922 0.35831689663461536 0.4262114804048714 0.3798275171629253 0.43068782932692307 0.45364891346153857
0 0.7501504045899524 0.528943394915804 0.7460317475961538 0.4470742932692308 0.4740183086544605 0.46075869959801746 0.47813696564825925 0.5426278012445906
0 0.2317460312500001 0.4898093365384615 0.13105300805312428 0.4824704159755233 0.12470380132235502 0.5695841563601388 0.2253968245192308 0.5769230769230769
0 0.7668269230769231 0.5552884615384616 0.4879807692307692 0.5552884615384616 0.4879807692307693 0.6394230769230769 0.7668269230769231 0.6394230769230769
0 0.7740384615384616 0.6442307692307693 0.49038461538461553 0.6442307692307693 0.49038461538461553 0.7139423076923077 0.7740384615384616 0.7139423076923077
0 0.3389423076923078 0.5889423076923077 0.12259615384615391 0.5889423076923077 0.12259615384615391 0.6634615384615384 0.3389423076923078 0.6634615384615384
0 0.26682692307692313 0.6706730769230769 0.1346153846153847 0.6706730769230769 0.1346153846153847 0.7451923076923077 0.26682692307692313 0.7451923076923077
2 1.0000000000000002 0.9697567403846153 0.9640211634615385 0.023011177884615375 -0.017318052665704804 0.06030466479844924 0.018660783872756694 1.0070502272984492