0 0.3076923076923078 0.7355769230769231 0.20913461538461545 0.7355769230769231 0.20913461538461547 0.8966346153846154 0.3076923076923078 0.8966346153846154
0 0.3750000000000001 0.7115384615384616 0.31009615384615397 0.7115384615384616 0.31009615384615397 0.8942307692307693 0.3750000000000001 0.8942307692307693
0 0.4447115384615386 0.6875 0.3701923076923078 0.6875 0.3701923076923078 0.90625 0.4447115384615386 0.90625
0 0.49759615384615397 0.6971153846153846 0.43509615384615397 0.6971153846153846 0.43509615384615397 0.8990384615384616 0.49759615384615397 0.8990384615384616
0 0.33894230769230776 0.2259615384615385 0.21394230769230768 0.22596153846153846 0.21394230769230774 0.6081730769230769 0.3389423076923078 0.6081730769230769
0 0.45432692307692313 0.42788461538461536 0.34615384615384615 0.42788461538461536 0.3461538461538462 0.5865384615384616 0.45432692307692324 0.5865384615384616
0 0.5504807692307693 0.37740384615384615 0.44711538461538464 0.37740384615384615 0.4471153846153847 0.5865384615384616 0.5504807692307694 0.5865384615384616
0 0.6778846153846154 0.37259615384615397 0.5649038461538461 0.37259615384615397 0.5649038461538463 0.6033653846153848 0.6778846153846154 0.6033653846153848
0 0.7692307692307693 0.5072115384615385 0.6802884615384616 0.5072115384615385 0.6802884615384616 0.6009615384615385 0.7692307692307693 0.6009615384615385
0 0.40625 0.15865384615384623 0.3389423076923077 0.15865384615384623 0.3389423076923077 0.33413461538461536 0.40625 0.33413461538461536
0 0.4807692307692308 0.16105769230769237 0.4110576923076923 0.16105769230769237 0.4110576923076923 0.34375 0.4807692307692308 0.34375
0 0.5216346153846154 0.26201923076923084 0.4735576923076923 0.26201923076923084 0.4735576923076923 0.3245192307692308 0.5216346153846154 0.3245192307692308
0 0.6009615384615384 0.12740384615384623 0.5216346153846154 0.12740384615384623 0.5216346153846154 0.3317307692307693 0.6009615384615384 0.3317307692307694
0 0.6466346153846154 0.19471153846153852 0.5841346153846154 0.19471153846153852 0.5841346153846154 0.32932692307692324 0.6466346153846154 0.32932692307692324
0 0.39903846153846156 0.03605769230769235 0.34615384615384615 0.03605769230769235 0.34615384615384615 0.13942307692307696 0.39903846153846156 0.13942307692307696
0 0.4326923076923077 0.026442307692307744 0.3894230769230769 0.026442307692307744 0.3894230769230769 0.1370192307692308 0.4326923076923077 0.13701923076923084
0 0.46875 0.031250000000000056 0.4254807692307692 0.03125000000000005 0.4254807692307692 0.14182692307692316 0.46875 0.14182692307692316
0 0.49759615384615385 0.05288461538461545 0.46153846153846156 0.05288461538461543 0.46153846153846156 0.1346153846153847 0.49759615384615385 0.1346153846153847
0 0.5456730769230769 0.033653846153846215 0.4951923076923077 0.033653846153846215 0.4951923076923077 0.12980769230769237 0.5456730769230769 0.12980769230769237
2 0.8876630817307691 0.9244949302884616 0.8444587532635984 -0.0054855279671671316 -0.04320432846717082 0.03575285184052506 0 0.9657333100961538
0 0.30154224610734165 0.15001290148762308 0.29513243955501095 0.04009636611894404 0.24120140498613082 0.04324136607362862 0.2476112115384615 0.15315790144230765
0 0.3391785625 0.14597023557692307 0.3365542692307692 0.07614915384615382 0.29466005252338595 0.07772378873005355 0.29728434579261676 0.1475448704608228