2 1.0000652048775645 0.9457342159137997 0.9683037283653847 0.012602394230769224 -0.0027355846852564576 0.04565414706696956 0.029025891826923077 0.97878596875
0 0.9086625313282982 0.21051195791540095 0.8853696654142132 0.12871418320766473 0.6141157013936073 0.2059568983691869 0.6374085673076924 0.2877546730769231
0 0.9213833353163311 0.2809232999109049 0.9120424930186768 0.2413971276210556 0.6431611889523458 0.30493927482553523 0.6525020312500001 0.34446544711538457
0 0.9152077974151217 0.3319752332237135 0.903425965421904 0.28196751991460084 0.6453643434875516 0.3427669140947336 0.6571461754807693 0.3927746274038463
0 0.8825115342139489 0.39842380451855597 0.8754208749999999 0.34656584615384606 0.6709541556898971 0.3745230560583671 0.6780448149038462 0.42638101442307696
0 0.9148960889423073 0.46838899519230776 0.9101636781721546 0.4196375658545141 0.6721513704798472 0.4427419552775911 0.6768837812499999 0.4914933846153847
0 0.9371978301307602 0.514455438646249 0.9322997963534055 0.4661720164204434 0.6824350671841837 0.4915191402741944 0.6873331009615384 0.5398025625
0 0.8722805535247667 0.5733576164953851 0.8707767331730769 0.5293005673076923 0.6846682445521564 0.5356530974469227 0.6861720649038462 0.5797101466346155
0 0.8998015436606264 0.615281483754599 0.8973623361845191 0.5734836031343021 0.6790887156008159 0.5862214414950878 0.681527923076923 0.6280193221153846
0 0.9148960889423077 0.6742281033653844 0.9090909086538462 0.6133165288461538 0.6745699788993516 0.6356675563706948 0.680375159187813 0.6965791308899252
0 0.9624985480769231 0.6742281033653845 0.6908162091346154 0.6742281033653845 0.6908162091346154 0.7288384807692307 0.9624985480769231 0.7288384807692307