2 0.9999999999999999 1 0.9940119759615385 1.0675221390626506e-18 0.01417352279228774 0.005867296211386347 0.02016154683074918 1.0058672962113864
0 0.7668269230769231 0.14663461538461547 0.6538461538461539 0.14663461538461545 0.6538461538461539 0.20913461538461545 0.7668269230769231 0.20913461538461545
0 0.1322115384615385 0.16346153846153846 0.08173076923076926 0.16346153846153846 0.08173076923076926 0.2283653846153846 0.1322115384615385 0.2283653846153846
0 0.36778846153846156 0.22115384615384623 0.3125 0.22115384615384623 0.3125 0.25721153846153855 0.36778846153846156 0.25721153846153855
0 0.6514423076923077 0.2475961538461539 0.45913461538461536 0.2475961538461539 0.45913461538461536 0.29807692307692313 0.6514423076923077 0.29807692307692313
0 0.5841346153846154 0.30769230769230776 0.4639423076923077 0.3076923076923077 0.4639423076923077 0.358173076923077 0.5841346153846154 0.35817307692307704
0 0.295673076923077 0.39663461538461536 0.22596153846153852 0.39663461538461536 0.22596153846153852 0.42788461538461536 0.295673076923077 0.42788461538461536
0 0.6826923076923077 0.4567307692307693 0.0817307692307693 0.4567307692307692 0.0817307692307693 0.4975961538461539 0.6826923076923077 0.49759615384615397
0 0.1177884615384616 0.5048076923076923 0.06730769230769237 0.5048076923076923 0.06730769230769237 0.5432692307692307 0.1177884615384616 0.5432692307692307
0 0.6514423076923077 0.5168269230769231 0.2860576923076924 0.5168269230769231 0.2860576923076924 0.5721153846153847 0.6514423076923077 0.5721153846153848
0 0.7355769230769231 0.6370192307692307 0.39663461538461553 0.6370192307692307 0.39663461538461553 0.6995192307692307 0.7355769230769231 0.6995192307692307
0 0.7163461538461539 0.7043269230769231 0.4375000000000001 0.7043269230769231 0.4375000000000001 0.7620192307692307 0.7163461538461539 0.7620192307692307
0 0.3315072179153669 0.6363360868046262 0.17108639903846162 0.595238096153846 0.15945943230734283 0.6406224931651198 0.31988025118424807 0.6817204838158998
0 0.19627778949884755 0.6661721381161627 0.10265183894230777 0.6473214278846153 0.09339372028483353 0.6933037887094423 0.18701967084137333 0.7121544989409897
0 0.4136259796518293 0.7231803605189737 0.26775021394230786 0.6733630961538462 0.2543812485597506 0.7125103292823235 0.40025701426927196 0.762327593647451
0 0.4936599502557073 0.8149530608757914 0.07784431250000004 0.7031250000000001 0.06274034630638828 0.7592868013068573 0.4785559840620956 0.8711148621826487
0 0.41527057394460726 0.8407913545011444 0.08810949519230779 0.7672991057692309 0.07605288337025663 0.8209708085387113 0.4032139621225561 0.8944630572706249