2 0.9828931586538463 1 0.9603841538461538 0.012297603365384614 -0.021956787797677197 0.03468442459169156 0.0005522170100151811 1.022386821226307
0 0.1725483846830062 0.23039044904350606 0.16656662740384617 0.16396802644230773 0.016527245124686122 0.17748001730264784 0.022509002403846155 0.24390243990384614
0 0.2011867351243766 0.3026753113523078 0.1891150206621655 0.22881304621323958 -0.0030681135006726066 0.2602225882263164 0.009003600961538457 0.3340848533653845
0 0.20408163221153852 0.3074400480769231 0.007503000000000039 0.3074400480769231 0.0075030000000000435 0.3914736634615385 0.20408163221153852 0.3914736634615385
0 0.10163732395660649 0.4504351759084033 0.09751205428014328 0.38902267359787324 -0.0011240701572324434 0.3956483702856239 0.003001199519230775 0.4570608725961539
0 0.18607443028846166 0.5226480841346155 0.0017579428296346105 0.519187928660513 0.0002573418680961341 0.5991223421220514 0.18457382932692315 0.6025824975961539
0 0.21308523317307698 0.6005328966346154 0.03751500721153854 0.6005328966346154 0.03751500721153854 0.66202090625 0.21308523317307698 0.66202090625
0 0.21008403365384626 0.6661201057692308 0.06702842310109826 0.6640633388365849 0.06590701307671229 0.7420614791081934 0.2089626236294603 0.7441182460408393
0 0.21758703365384624 0.7460545192307693 0.0045018004807693135 0.7173601153846154 -0.005444408237627758 0.7912208659097326 0.2076408249354492 0.8199152697558865
0 0.4902331245377442 0.18366274779443278 0.4816926778846153 0.1086288173076923 0.25856639469302495 0.13402530268633647 0.2671068413461538 0.20905923317307698
0 0.4847405791407564 0.2662636536294195 0.4771908749999999 0.2029104326923077 0.2520541372053974 0.22973962521673436 0.25960384134615383 0.2930928461538462
0 0.48664680058200793 0.34787838347202427 0.4816926778846154 0.27669604567307693 0.23814311528337662 0.2936465203741296 0.24309723798076927 0.36482885817307686
0 0.4711000115680562 0.4178461885340097 0.4681872740384615 0.3545808557692309 0.3287199163165591 0.3610019364659905 0.3316326538461538 0.4242672692307693
0 0.5015796621496043 0.485619351984944 0.4966830696393333 0.4179025809625284 0.2385954375 0.4365648701923076 0.2434920300102711 0.5042816412147232
0 0.46404393582295445 0.5654510763427341 0.4621848750000001 0.5042016802884615 0.24898500197998324 0.5106727895062431 0.2508440628029376 0.5719221855605156
0 0.48919567788461554 0.6353761009615385 0.2430972379807693 0.6353761009615385 0.2430972379807693 0.7214593149038462 0.48919567788461554 0.7214593149038462
0 0.4756902764423078 0.5718384927884615 0.23859543750000006 0.5718384927884615 0.23859543750000006 0.6538225048076923 0.4756902764423078 0.6538225048076923
0 0.7083679687172411 0.4775605192308437 0.5177070841346155 0.4693584759615386 0.5146212283981438 0.5410908437499258 0.7052821129807694 0.549292887019231
0 0.805822329326923 0.06968641105769241 0.7248953901623841 0.06816717750776327 0.7232903722204292 0.15366370261585652 0.8042173113849682 0.15518293616578566
0 0.6225961538461539 0.22596153846153852 0.5745192307692307 0.22596153846153852 0.5745192307692307 0.3004807692307693 0.6225961538461539 0.3004807692307693
0 0.7475961538461539 0.19471153846153852 0.6826923076923077 0.19471153846153852 0.6826923076923077 0.2692307692307693 0.7475961538461539 0.2692307692307693
0 0.6177884615384616 0.32211538461538475 0.5697115384615384 0.32211538461538475 0.5697115384615384 0.38942307692307704 0.6177884615384616 0.38942307692307704
0 0.7427884615384616 0.3052884615384616 0.6850961538461539 0.3052884615384616 0.6850961538461539 0.3629807692307694 0.7427884615384616 0.3629807692307694
0 0.6298076923076923 0.4038461538461539 0.5576923076923077 0.40384615384615385 0.5576923076923077 0.4663461538461539 0.6298076923076923 0.46634615384615397
0 0.7451923076923077 0.3870192307692309 0.6923076923076923 0.3870192307692309 0.6923076923076923 0.45432692307692324 0.7451923076923077 0.45432692307692324
0 0.625 0.5504807692307693 0.5528846153846154 0.5504807692307693 0.5528846153846154 0.6201923076923077 0.625 0.6201923076923077
0 0.8004807692307693 0.5673076923076924 0.6875 0.5673076923076924 0.6875 0.6274038461538461 0.8004807692307693 0.6274038461538461