2 1.0599779149000061 0.14369530625720772 0.13540187468734197 0.02579795537125966 0.01669909134615396 0.9566903677884616 0.9412751315588181 1.0745877186744097
0 0.8696483557692306 0.76731259375 0.7484045020272141 0.13667380746178798 0.6768898819331196 0.1504228954145572 0.7981337356751361 0.7810616817027694
0 0.75210421875 0.6495977451923078 0.6682693749582653 0.13637166101311787 0.6103232331730768 0.14583709134615386 0.6941580769648115 0.6590631755253439
0 0.6057692307692308 0.13221153846153852 0.5336538461538461 0.13221153846153852 0.5336538461538463 0.7235576923076923 0.605769230769231 0.7235576923076923
0 0.528846153846154 0.10096153846153853 0.4230769230769231 0.10096153846153853 0.42307692307692313 0.6129807692307693 0.528846153846154 0.6129807692307693
0 0.43509615384615397 0.7548076923076923 0.3557692307692309 0.7548076923076923 0.3557692307692309 0.9495192307692307 0.43509615384615397 0.9495192307692307
0 0.35336538461538475 0.7644230769230769 0.2836538461538462 0.7644230769230769 0.28365384615384626 0.9134615384615384 0.35336538461538475 0.9134615384615384
0 0.8701923076923077 0.8125 0.7956730769230769 0.8125 0.7956730769230769 0.9519230769230769 0.8701923076923077 0.9519230769230769
0 0.7836538461538461 0.8461538461538461 0.7331730769230769 0.8461538461538461 0.7331730769230769 0.9302884615384616 0.7836538461538461 0.9302884615384616
0 0.71875 0.7980769230769231 0.6682692307692307 0.7980769230769231 0.6682692307692307 0.8485576923076923 0.71875 0.8485576923076923
0 0.7259615384615384 0.9014423076923077 0.6754807692307693 0.9014423076923077 0.6754807692307693 0.9927884615384616 0.7259615384615384 0.9927884615384616