2 0.9988694903846154 0.14054230769230763 5.871371764844578e-18 0.05333388942307692 -0.08107248484312168 0.9819235052725312 0.9177970055414936 1.069131923541762
0 0.16533544711538462 0.8326631153846153 0.1440408759399709 0.6744049266044713 0.08215167693496299 0.6827324827540765 0.1034462481103767 0.8409906715342206
0 0.2223673929731539 0.8726415968065748 0.1344269038461539 0.8582574711538461 0.1282591575076155 0.8959653334818867 0.21619964663461547 0.9103494591346154
0 0.2321161631946573 0.8605505578626816 0.18845115731272022 0.5624997231553182 0.13219270192307692 0.5707416923076924 0.17585770780501397 0.8687925270150558
0 0.25339700961538464 0.6906741298076924 0.22748790873972438 0.29206850185397687 0.1456675 0.2973867740384615 0.17157660087566026 0.6959924019921769
0 0.32532122835878063 0.3104837069391329 0.2441058245192308 0.30883690625000004 0.23359142067968097 0.8273766175800977 0.31480682451923087 0.8290234182692306
0 0.3990666334641909 0.2497090609826314 0.31628953365384616 0.24546323557692315 0.2830504506704246 0.8934962154596764 0.36582755048076937 0.8977420408653847
0 0.48415449394192395 0.2844674312540201 0.4056359615384617 0.279172233173077 0.3719863017311533 0.7781378740344417 0.45050483413461556 0.7834330721153848
0 0.6032655600961538 0.34203878846153857 0.5034307668269231 0.3274896442307693 0.44750312462607594 0.711259610944603 0.5473379178953067 0.7258087551753724
0 0.6856992139423078 0.35626708413461555 0.6115691360144576 0.3382297952238664 0.5131213836106114 0.7428327038777126 0.5872514615384616 0.7608699927884616
0 0.7993370841346152 0.32796200721153856 0.7228371490384615 0.3062014951923078 0.5629671614926648 0.8682307185979022 0.6394670965888186 0.8899912306171329
0 0.8961006610576925 0.35225573557692325 0.8203579967532859 0.3211909388158016 0.6289659817581359 0.7878458876247483 0.7047086460625424 0.8189106843858698