2 0.9629733939771564 0.07373665013631778 0.004238419072877902 0.016276000184925567 -0.052990404085333474 0.9711429287839451 0.905744570818945 1.0286035787353374
0 0.5721153846153848 0.8413461538461539 0.35817307692307704 0.8413461538461539 0.35817307692307704 0.9206730769230769 0.5721153846153848 0.9206730769230769
0 0.71875 0.7956730769230769 0.6442307692307693 0.7956730769230769 0.6442307692307693 0.8990384615384616 0.71875 0.8990384615384616
0 0.8653846153846154 0.8100961538461539 0.7764423076923077 0.8100961538461539 0.7764423076923077 0.8990384615384616 0.8653846153846154 0.8990384615384616
0 0.629075730769231 0.7774528581730771 0.21961129887175773 0.774784565720394 0.21916049759615394 0.8439625480769231 0.6286249294936271 0.8466308405296061
0 0.3647373125000001 0.7198548052884616 8.815678831473557e-17 0.7198548052884616 9.238958626983603e-17 0.7889816418269231 0.3647373125000001 0.7889816418269231
0 0.8616483293269231 0.6795556153846155 8.113168256876143e-17 0.6459341105769233 -0.002630267553831974 0.7133423261343567 0.8590180617730911 0.746963830942049
0 0.889531704326923 0.601333108173077 7.365902759532288e-17 0.5994334374999999 -0.00016079851204042148 0.6747282643854065 0.8893709058148824 0.6766279350584834
0 0.48876819471153865 0.5297280576923078 6.405132834375903e-17 0.5195594062500001 -0.001617649425844241 0.59731362902299 0.4871505452856943 0.6074822804652977
0 0.40387570939687184 0.4623065245829662 0.007510684277070916 0.44729981694429194 0.004995247596153914 0.5137388485576924 0.4013602727159548 0.5287455561963667
0 0.4312655264423077 0.3845458197115385 0.027052211600647334 0.3781591486125044 0.026061050078967824 0.44088990114525495 0.43027436492062826 0.4472765722442891
0 0.8581730769230769 0.389423076923077 0.5384615384615384 0.3894230769230769 0.5384615384615384 0.45432692307692313 0.8581730769230769 0.45432692307692324
0 0.7872604879807691 0.32357272596153847 0.021190270820056818 0.30481344345146766 0.019575956730769277 0.37073696394230765 0.7856461738914814 0.3894962464523785
0 0.5626674495192308 0.24999128125000009 0.03456509547472435 0.2131976347323209 0.029832490384615416 0.2811251201923077 0.5579348444291219 0.31791876670998687