0 0.40380151339107484 0.297804221983599 0.1312906177884616 0.2795281730769231 0.12522388150948946 0.36998819237374525 0.39773477711210276 0.38826424128042114
0 0.5386776778846154 0.3792324879807693 0.5374615273312934 0.30076261651340314 0.42258223646590876 0.30254305160955697 0.4237983870192308 0.38101292307692314
0 0.16411327163461545 0.42196291105769235 0.1216368942307693 0.42196291105769235 0.1216368942307693 0.4771563701923077 0.16411327163461545 0.4771563701923077
0 0.21238187980769235 0.4771563701923077 0.20837452440081744 0.44020257211515135 0.1950164008639989 0.4416511579538574 0.19902375627087385 0.47860495603101383
0 0.24906602163461541 0.4486694230769231 0.22627618426356394 0.44736869628710624 0.22417205921125202 0.48423475311468667 0.24696189658230353 0.4855354799045035
0 0.2963692596153846 0.4807172403846154 0.2934731442307692 0.4433281201923077 0.2811352437058761 0.44428379883198177 0.2840313590904915 0.4816729190242895
0 0.3205035649038462 0.45401072596153846 0.3040922379807693 0.45401072596153846 0.3040922379807693 0.4807172403846154 0.3205035649038462 0.4807172403846154
0 0.48365146394230774 0.45579116105769235 0.48124622938483197 0.4225213999022423 0.46434401923076923 0.42374334375 0.466749253788245 0.45701310490545005
0 0.4886820736746753 0.6560138389906295 0.4384358097947866 0.6551349963348276 0.43726668804318825 0.7219774506134289 0.487512951923077 0.7228562932692307
0 0.6142041127745868 0.5681702351453586 0.6101152211538461 0.5323498341346155 0.5931124956543314 0.5342906918543229 0.5972013872750721 0.570111092865066
0 0.750094185096154 0.45935202884615395 0.7234423107280571 0.45694353710254454 0.7192413753763248 0.5034302238516034 0.7458932497444217 0.5058387155952129
0 0.7039076736988995 0.6988695036858525 0.701825576923077 0.6124693725961537 0.659245213197005 0.6134954872201624 0.6613273099728274 0.6998956183098611
0 0.6015494218357305 0.7895511749027933 0.599496125 0.7460019375000002 0.5743683610256766 0.747186682890149 0.5764216578614069 0.790735920292942
0 0.773194895842803 0.33478142878039774 0.6564530841346154 0.3329411995192308 0.6555559334841201 0.38985529958498694 0.7722977451923078 0.3916955288461539
0 0.6448686177884616 0.5394715697115386 0.6236304302884614 0.5394715697115386 0.6236304302884614 0.5643976490384617 0.6448686177884616 0.5643976490384617
0 0.6134035606468445 0.44106117520218346 0.6091498485576924 0.40771943750000006 0.5913809249300787 0.4099863824901243 0.5956346370192308 0.4433281201923078
0 0.6323187788461537 0.4148411730769232 0.6197877383735059 0.4143558543554254 0.6187347203397373 0.4415450210104001 0.6312657608123852 0.4420303397318979
0 0.7423712091346153 0.41128030528846166 0.7298213701923076 0.41128030528846166 0.7298213701923076 0.44688898798076937 0.7423712091346153 0.44688898798076937
0 0.765540139423077 0.42018247596153857 0.7520249302884616 0.42018247596153857 0.7520249302884616 0.45579116105769246 0.765540139423077 0.45579116105769246
2 1 0.01196172115384622 0.030266997596153904 0.01196172115384616 0.030266997596153963 1 1 1
1 1 0.28605769230769246 0.8822115384615384 0.28605769230769246 0.8822115384615384 0.9519230769230769 1 0.9519230769230769