0 0.26442307692307704 0.7163461538461539 0.1850961538461539 0.7163461538461539 0.18509615384615394 0.8605769230769231 0.26442307692307704 0.8605769230769231
0 0.8725961538461539 0.2980769230769232 0.7980769230769231 0.29807692307692313 0.7980769230769231 0.6538461538461539 0.8725961538461539 0.6538461538461539
0 0.8149038461538461 0.4014423076923078 0.7403846153846154 0.4014423076923078 0.7403846153846154 0.6346153846153846 0.8149038461538461 0.6346153846153846
0 0.75 0.44230769230769246 0.6875 0.44230769230769246 0.6875 0.6466346153846154 0.75 0.6466346153846154
0 0.6778846153846154 0.47836538461538475 0.6153846153846154 0.47836538461538475 0.6153846153846154 0.6298076923076923 0.6778846153846154 0.6298076923076923
0 0.6274038461538461 0.44951923076923084 0.5552884615384616 0.4495192307692308 0.5552884615384616 0.6514423076923077 0.6274038461538461 0.6514423076923077
0 0.32646710576923077 0.812244795673077 0.23043044161155546 0.4020104465434627 0.17876783056599727 0.41410476491786896 0.2748044947236726 0.8243391140474833
0 0.368118287179828 0.8032394792806108 0.33191715437747293 0.6138579692572905 0.28608187200533725 0.6226195909382182 0.3222830048076923 0.8120011009615383
0 0.4430839663461538 0.8005801995192308 0.4181776793262195 0.6985986856247087 0.357011079326923 0.7135370096153846 0.3819173663468573 0.8155185235099066
0 0.5161264086538462 0.7986821875000002 0.44223971326821404 0.3876064653863984 0.37375759549287024 0.3999154320882352 0.4476442908785024 0.8109911542018369
0 0.5910218125000001 0.7886890937500002 0.5569304850648817 0.34678271678374606 0.48851152403846154 0.35206096875000004 0.5226028514735799 0.793967345716254
2 1.0001337771740293 0.06399306687809497 0 0 -0.06000881691853961 0.9378647978040239 0.9401249602554896 1.0018578646821188