2 0.9013288605769231 0.026504867788461596 3.2459101498963212e-18 0.02650486778846154 6.285529503231582e-17 1 0.9013288605769231 1
0 0.10576923076923082 0.37259615384615385 0.016826923076923125 0.37259615384615385 0.016826923076923135 0.5865384615384616 0.10576923076923084 0.5865384615384616
0 0.1586538461538462 0.23076923076923078 0.05048076923076927 0.23076923076923078 0.05048076923076927 0.30288461538461536 0.15865384615384623 0.30288461538461536
0 0.1514423076923077 0.0841346153846154 0.05769230769230771 0.08413461538461539 0.05769230769230771 0.16826923076923078 0.15144230769230774 0.16826923076923078
0 0.17269925721153856 0.3265219374999999 0.10356171456728107 0.32374598264363846 0.08719961778846162 0.7312580721153847 0.1563371604327191 0.7340340269717461
0 0.20524159375000012 0.5962466201923077 0.13407711375427414 0.5953617937426038 0.1291752868311972 0.9896040365310651 0.20033976682692314 0.9904888629807691
0 0.2811903004807694 0.10285739423076927 0.21377145478350396 0.10232797200024828 0.20681418990384628 0.9882952403846155 0.2742330356011117 0.9888246626151365
0 0.3605051249438198 0.08215238347084111 0.2852523677884615 0.07880210096153852 0.24471665411678128 0.9892997108150657 0.3199694112721395 0.9926499933243684
0 0.4131126442307694 0.49189631971153847 0.3345253302076454 0.48985873374211353 0.3213101538461539 0.9995526706730771 0.3998974678692778 1.0015902566425021
0 0.47638727823933896 0.5805006510921495 0.40999856404012963 0.5799030842734783 0.40640689182692313 0.9789321009615384 0.4727956060261325 0.9795296677802098
0 0.5552312566271349 0.5619397359543264 0.4925405384615385 0.5600022860576924 0.4800111135651729 0.9654211029879816 0.5427018317307694 0.9673585528846155
0 0.5721153846153846 0.13221153846153852 0.49038461538461536 0.13221153846153852 0.49038461538461536 0.451923076923077 0.5721153846153846 0.45192307692307704
0 0.6326392802493631 0.21209130091929795 0.5667610313005697 0.21062433777025388 0.5496236140319759 0.9802299286778792 0.6155018629807694 0.9816968918269233
0 0.7073520261694851 0.975568732617584 0.6954696971153846 0.4454980889423077 0.627603178157438 0.4470194188247237 0.6394855072115385 0.9770900624999999