2 1 0.0021953894230770455 3.965651000051334e-17 0.0021953894230769843 1.0075442112638835e-16 1 1 1
0 0.2552208422575602 0.16196244651654743 0.2513020841346154 0.12074643269230771 0.07290415774243983 0.1377082457911449 0.0768229158653846 0.17892425961538463
0 0.5455987072284464 0.14002279595101277 0.5416666658653846 0.08671789182692308 0.32679712450232284 0.10256776414514114 0.33072916586538464 0.15587266826923082
0 0.27555562896823366 0.2270362207622168 0.2734375 0.17343578365384613 0.10152731054427652 0.18022916019822957 0.1036454395125102 0.23382959730660025
0 0.27573973585962985 0.2754281075000316 0.27473958413461536 0.22283205288461538 0.09678129381233286 0.22621605749005377 0.09778144553734736 0.27881211210547
0 0.18359375000000003 0.2744237091346154 0.09203317267060564 0.2720486853814447 0.09103376771411449 0.31057718206701523 0.18259434504350885 0.31295220582018596
0 0.13026600312288283 0.334077919434226 0.048177084134615425 0.30625686057692314 0.03629485456598337 0.34131661101497646 0.11838377355425078 0.36913766987227936
0 0.6899038461538461 0.17067307692307698 0.6298076923076923 0.17067307692307698 0.6298076923076923 0.2379807692307693 0.6899038461538461 0.2379807692307693
0 0.8413461538461539 0.16346153846153857 0.7788461538461539 0.16346153846153852 0.7788461538461539 0.2139423076923078 0.8413461538461539 0.21394230769230782
0 0.6778846153846154 0.2524038461538462 0.6274038461538461 0.2524038461538462 0.6274038461538461 0.3052884615384616 0.6778846153846154 0.3052884615384616
0 0.8221153846153846 0.24278846153846162 0.7596153846153846 0.24278846153846162 0.7596153846153846 0.29326923076923084 0.8221153846153846 0.29326923076923084
0 0.8173076923076923 0.31730769230769246 0.7475961538461539 0.31730769230769246 0.7475961538461539 0.36538461538461553 0.8173076923076923 0.36538461538461553
0 0.65625 0.3149038461538463 0.6057692307692307 0.3149038461538463 0.6057692307692307 0.3677884615384617 0.65625 0.3677884615384617
0 0.7620192307692307 0.37019230769230776 0.5480769230769231 0.3701923076923077 0.5480769230769231 0.42307692307692313 0.7620192307692307 0.42307692307692324
0 0.65625 0.42788461538461553 0.6033653846153846 0.42788461538461553 0.6033653846153846 0.46634615384615397 0.65625 0.46634615384615397
0 0.8485576923076923 0.4447115384615386 0.7331730769230769 0.4447115384615386 0.7331730769230769 0.5072115384615385 0.8485576923076923 0.5072115384615385
0 0.24450231490384622 0.37565556730769234 0.04906957432016457 0.35856980283567047 0.04562845126075172 0.39793052978985516 0.24106119184443336 0.415016294261877
0 0.2728883840324182 0.4242056991417503 0.05063657451923082 0.39151116105769235 0.04539865442912036 0.42711763499286526 0.2676504639423078 0.4598121730769232
0 0.256076389423077 0.46225149278846145 0.05016754132789555 0.43147361122001915 0.04328504555986165 0.4775185858380546 0.2491938936550431 0.5082964674064969
0 0.25896990865384617 0.517136235576923 0.051314062581570605 0.4537965627284707 0.038293228446955194 0.4964846949400092 0.2459490745192308 0.5598243677884616
0 0.249370423324418 0.5650710141726261 0.04629629567307698 0.4988413221153846 0.03130087234865904 0.5448204353466048 0.23437500000000006 0.6110501274038462
0 0.5049189807692309 0.4707891201923078 0.2890964156849144 0.4376028614862877 0.27896910078106824 0.5034645513901338 0.49479166586538476 0.5366508100961539
0 0.5121527764423077 0.42322234375000006 0.2912966508012701 0.4023986570186771 0.28645833413461547 0.4537138677884616 0.507314459775653 0.4745375545197846
0 0.49334490865384617 0.3793145504807693 0.2866000295195544 0.363987024814027 0.28370651028878513 0.40301617385248856 0.490451389423077 0.41834369951923084
0 0.5309606490384616 0.32321014663461545 0.2907186435719993 0.3157550146896303 0.28923284813236483 0.3636348481741077 0.5294748535988272 0.3710899801190928
0 0.5078125 0.26588608413461545 0.2898421717822251 0.26338600976865667 0.28925355842061334 0.31470458227627096 0.5072238866383882 0.31720465664222974
0 0.5256405761295112 0.25975098678690733 0.525173610576923 0.21709964663461537 0.2990656074447808 0.21957517608457405 0.2995325729973689 0.26222651623686605
0 0.5460425449235518 0.2169930365240574 0.5454282403846153 0.16343456490384617 0.32261465962024793 0.1659901903699873 0.3232289641591843 0.21954866199019854