2 0.9941613966346154 6.313480579771559e-17 2.3751331978617146e-17 2.259977186493392e-18 8.471342800814921e-17 0.9955865817307692 0.9941613966346154 0.9955865817307692
0 0.9663461538461539 0.14903846153846165 0.8677884615384616 0.14903846153846165 0.8677884615384616 0.3317307692307694 0.9663461538461539 0.3317307692307694
0 0.9158653846153846 1.0362395992785297e-16 0.7764423076923077 9.50867586837969e-17 0.7764423076923077 0.0937500000000001 0.9158653846153846 0.0937500000000001
0 0.9055764643226477 0.4839236759355815 0.8421459728356294 0.10063014511241554 0.764407858173077 0.11349487259615383 0.8278383496600952 0.49678840341931985
0 0.8983724471153849 0.812282060096154 0.8028027140593382 0.33578406559599144 0.6849927458602371 0.35941284754698377 0.7805624789162836 0.8359108420471462
0 0.7649493475433187 0.8356518297775236 0.7280396063073078 -0.0033977817494755982 0.6507996322115382 0 0.6877093734475491 0.8390496115269992
0 0.6966145086196107 0.9100224948280585 0.6484159278555729 -0.0038128798166988153 0.5468238519282697 0.0015454090090887486 0.5950224326923077 0.9153807836538461
0 0.5823390885514625 0.8979691743049862 0.5658748124999999 0.2733992884615385 0.4713015388523836 0.2758923329065522 0.48776581490384613 0.90046221875
0 0.4937765576923078 0.36885165625000005 0.3982385027958637 0.36493145028864377 0.37812972115384624 0.8549959783653847 0.4736677760502903 0.858916184326741
0 0.4333167331730771 0.014574105769230846 0.3342468843053926 0.005356875241749164 0.2558680096153847 0.8477990000000001 0.3549378584830692 0.8570162305274818
0 0.3454389447115386 0.059643064903846216 0.26014911303401617 0.0474001346263733 0.1389430600961539 0.8917767355769232 0.22423289177367633 0.9040196658543961
0 0.24191808173076945 0.1947890384615385 0.15186884466274736 0.17823831532026863 0.02028064903846165 0.8941838677884614 0.11032988610648373 0.9107345909297313