1 1 0.2139423076923078 0.30528846153846156 0.21394230769230776 0.30528846153846156 0.483173076923077 1 0.48317307692307704
0 0.3617245673076923 0.8858364783653845 0.21980878365384615 0.20473274038461536 0.12888410010496335 0.22367794212080377 0.2707998837588094 0.9047816801015729
0 0.43568304807692315 0.8798038509615385 0.30569332426493384 0.2876158761799021 0.24392761057692305 0.3011739158653846 0.3739173343889124 0.8933618906470209
0 0.5264423076923077 0.4326923076923077 0.41346153846153844 0.4326923076923077 0.41346153846153855 0.8870192307692307 0.5264423076923078 0.8870192307692307
0 0.46634615384615385 0.24038461538461545 0.3798076923076923 0.24038461538461545 0.3798076923076923 0.3389423076923077 0.46634615384615385 0.3389423076923077
0 0.6129807692307693 0.4086538461538462 0.5048076923076923 0.40865384615384615 0.5048076923076924 0.8870192307692307 0.6129807692307694 0.8870192307692307
0 0.7115384615384616 0.37980769230769246 0.5721153846153846 0.37980769230769246 0.5721153846153847 0.8894230769230769 0.7115384615384616 0.8894230769230769
0 0.8052884615384616 0.8052884615384616 0.7379807692307693 0.8052884615384616 0.7379807692307693 0.9375 0.8052884615384616 0.9375
0 0.8677884615384616 0.8269230769230769 0.8004807692307693 0.8269230769230769 0.8004807692307693 0.9350961538461539 0.8677884615384616 0.9350961538461539
0 0.59375 0.03846153846153853 0.5240384615384616 0.03846153846153853 0.5240384615384616 0.17788461538461545 0.59375 0.17788461538461545
0 0.6514423076923077 0.045673076923077 0.5865384615384616 0.04567307692307699 0.5865384615384616 0.16346153846153852 0.6514423076923077 0.16346153846153852
2 1.0057790062336072 0.9528492518831183 0.9788017537365102 -0.00501250757429506 0.08063736593532202 0.020283426034473688 0.10761461843241896 0.9781451854918871