1 0.9591346153846154 0.5576923076923077 0.3485576923076923 0.5576923076923077 0.3485576923076924 0.8341346153846154 0.9591346153846154 0.8341346153846154
2 0.9519230769230769 0.021634615384615443 2.6494762481553317e-18 0.021634615384615384 6.255707808144532e-17 1 0.9519230769230769 1
0 0.3149038461538463 0.8173076923076923 0.2283653846153847 0.8173076923076923 0.22836538461538472 0.9519230769230769 0.3149038461538463 0.9519230769230769
0 0.3822115384615386 0.8100961538461539 0.3125000000000001 0.8100961538461539 0.3125000000000001 0.9567307692307693 0.3822115384615386 0.9567307692307693
0 0.44711538461538475 0.8076923076923077 0.3750000000000001 0.8076923076923077 0.3750000000000001 0.9519230769230769 0.44711538461538475 0.9519230769230769
0 0.49759615384615397 0.8125 0.4375000000000001 0.8125 0.4375000000000001 0.9567307692307693 0.49759615384615397 0.9567307692307693
0 0.5504807692307694 0.8389423076923077 0.4927884615384617 0.8389423076923077 0.4927884615384617 0.9543269230769231 0.5504807692307694 0.9543269230769231
0 0.2764423076923077 0.06971153846153849 0.1778846153846154 0.06971153846153848 0.1778846153846154 0.23076923076923078 0.2764423076923077 0.23076923076923078
0 0.34134615384615385 0.14423076923076927 0.2692307692307692 0.14423076923076927 0.2692307692307692 0.21153846153846156 0.34134615384615385 0.21153846153846162
0 0.40384615384615385 0.0697115384615385 0.3293269230769231 0.06971153846153849 0.3293269230769231 0.23317307692307698 0.40384615384615385 0.23317307692307698
0 0.4639423076923077 0.05288461538461543 0.3918269230769231 0.05288461538461543 0.3918269230769231 0.2163461538461539 0.4639423076923077 0.2163461538461539
0 0.5048076923076923 0.0817307692307693 0.4519230769230769 0.0817307692307693 0.4519230769230769 0.22115384615384623 0.5048076923076923 0.22115384615384623
0 0.5504807692307693 0.12019230769230776 0.49278846153846156 0.12019230769230776 0.49278846153846156 0.2283653846153847 0.5504807692307693 0.2283653846153847
0 0.6105769230769231 0.09375000000000007 0.5432692307692307 0.09375000000000007 0.5432692307692307 0.22596153846153852 0.6105769230769231 0.22596153846153852