0 0.37980769230769246 0.7596153846153846 0.2908653846153847 0.7596153846153846 0.2908653846153847 0.9254807692307693 0.37980769230769246 0.9254807692307693
0 0.44711538461538475 0.7427884615384616 0.38942307692307704 0.7427884615384616 0.38942307692307704 0.9278846153846154 0.44711538461538475 0.9278846153846154
0 0.5144230769230771 0.7259615384615384 0.45192307692307704 0.7259615384615384 0.45192307692307704 0.9447115384615384 0.5144230769230771 0.9447115384615384
0 0.5673076923076924 0.7403846153846154 0.5168269230769232 0.7403846153846154 0.5168269230769232 0.9423076923076923 0.5673076923076924 0.9423076923076923
0 0.3653846153846155 0.24759615384615388 0.2644230769230769 0.24759615384615385 0.264423076923077 0.6346153846153846 0.36538461538461553 0.6346153846153846
0 0.4975961538461539 0.46153846153846156 0.39903846153846156 0.46153846153846156 0.3990384615384616 0.625 0.49759615384615397 0.625
0 0.5889423076923077 0.420673076923077 0.5 0.4206730769230769 0.5000000000000001 0.6322115384615384 0.5889423076923078 0.6322115384615384
0 0.71875 0.42307692307692324 0.6177884615384616 0.42307692307692324 0.6177884615384616 0.6586538461538461 0.71875 0.6586538461538461
0 0.8197115384615384 0.5673076923076924 0.7355769230769231 0.5673076923076924 0.7355769230769231 0.6658653846153846 0.8197115384615384 0.6658653846153846
0 0.4230769230769231 0.18990384615384623 0.36778846153846156 0.18990384615384623 0.36778846153846156 0.36778846153846156 0.4230769230769231 0.36778846153846156
0 0.5 0.1971153846153847 0.43990384615384615 0.1971153846153847 0.43990384615384615 0.38461538461538464 0.5 0.38461538461538464
0 0.5480769230769231 0.3028846153846155 0.5048076923076923 0.3028846153846155 0.5048076923076923 0.36778846153846156 0.5480769230769231 0.36778846153846156
0 0.6153846153846154 0.17307692307692316 0.5504807692307693 0.17307692307692316 0.5504807692307693 0.3798076923076924 0.6153846153846154 0.37980769230769246
0 0.6682692307692307 0.24519230769230776 0.6129807692307693 0.24519230769230776 0.6129807692307693 0.3822115384615386 0.6682692307692307 0.3822115384615386
0 0.40384615384615385 0.0649038461538462 0.3581730769230769 0.0649038461538462 0.3581730769230769 0.17067307692307698 0.40384615384615385 0.17067307692307698
0 0.43990384615384615 0.060096153846153896 0.4014423076923077 0.060096153846153896 0.4014423076923077 0.17307692307692316 0.43990384615384615 0.17307692307692316
0 0.4735576923076923 0.06730769230769236 0.4375 0.06730769230769236 0.4375 0.18028846153846162 0.4735576923076923 0.18028846153846162
0 0.5048076923076923 0.09375000000000007 0.4735576923076923 0.09375000000000007 0.4735576923076923 0.17307692307692316 0.5048076923076923 0.17307692307692316
0 0.5528846153846154 0.07451923076923084 0.5072115384615384 0.07451923076923084 0.5072115384615384 0.1754807692307693 0.5528846153846154 0.1754807692307693
2 1.0099323418766217 0.07159432017279975 0.09781151010640793 0.03706376925974988 0.06246496394230779 0.9707390288461538 0.9745857957125215 1.0052695797592037
0 0.3157364567307692 0.1735525961538462 0.2982145010451985 0.05683350252074067 0.24585513566377018 0.06469372873892797 0.2633770913493409 0.1814128223720335
0 0.3533581610576923 0.1745658798076923 0.3435397542960158 0.09892323356447894 0.30265148317307694 0.10423052644230767 0.3124698899347535 0.17987317268552103