2 0.9974820469622082 0.049528352944476856 0.013227514423076923 0.01947419711538462 -0.015284993284798562 0.953240731937438 0.9689695392543327 0.9832948877665302
0 0.9159989167832526 0.2842610958893866 0.9149958671064498 0.19787184850629133 0.6419234374999998 0.20104244230769228 0.6429264871768028 0.2874316896907875
0 0.9441051225379409 0.33857943165851023 0.9370879476421284 0.2795681557648701 0.6660298202964954 0.31180033949097535 0.6730469951923077 0.37081161538461543
0 0.9183418428483219 0.39592622458472004 0.9148900862854623 0.3526422964157309 0.6683784639423076 0.3723008197115384 0.6718302205051672 0.41558474788052746
0 0.8815748509615384 0.45718540625000004 0.8785378697793108 0.40640837181504413 0.6793470837216186 0.41832199921889035 0.6823840649038462 0.4690990336538462
0 0.9181450360576922 0.5286671610576923 0.9178510610786047 0.4795159026540488 0.6676003725961538 0.4810126586538461 0.6678943475752412 0.5301639170574896
0 0.9337369088325318 0.5376593009284203 0.6839402427884615 0.5331347716346154 0.6831320623213144 0.5777539514754261 0.9329287283653847 0.5822784807692308
0 0.8888011004352012 0.5840023078186303 0.6777155312500002 0.5763216682692309 0.6759359067763374 0.6252307522775239 0.8870214759615386 0.6329113918269234
0 0.9021308805437906 0.6433735398279138 0.683162153846154 0.6358898004807692 0.6812802612831325 0.6909525971913169 0.9002489879807692 0.6984363365384615
0 0.9287049538590533 0.7016167268439223 0.6800497980769233 0.6835443028846154 0.6764926807563317 0.7324860255599243 0.9251478365384618 0.7505584495192311
0 0.9609399302884617 0.7669396850961542 0.6878306875000002 0.7326880120192308 0.6815218511972925 0.7829921680129923 0.954631093985754 0.8172438410899157
0 0.7828053478289889 0.7936547440650608 0.6847183317307693 0.7833209230769232 0.6797357882812463 0.8306144479119737 0.7778228043794658 0.8409482689001112