2 1 6.123233995736766e-17 0 0 6.123233995736766e-17 1 1 1
0 0.11538461538461543 0.2283653846153846 0.0024038461538461817 0.2283653846153846 0.002403846153846194 0.4230769230769231 0.11538461538461545 0.4230769230769231
0 0.2293650937500002 0.050290949519230826 0.14548895983771534 0.03353152436580091 0.035393540991853406 0.5845276360883281 0.11926967490413826 0.6012870612417581
0 0.22525023076923084 0.40662789423076934 0.11586699406076856 0.38829284073900705 0.028654567307692388 0.9085846153846155 0.13803780401615467 0.9269196688763779
0 0.34214705048076943 0.04042380769230776 0.2654081231221205 0.030622139819119102 0.1565698389423078 0.8827356057692308 0.2333087663009567 0.8925372736424195
0 0.419753639423077 0.024211189903846204 0.32143942739573605 0.015352018173086604 0.2376915576923078 0.9447397836538463 0.33600576971964874 0.9535989553846058
0 0.4804591682692309 0.3131046153846154 0.4000749329756295 0.3063233894884467 0.34872088407156004 0.9150711312081374 0.42910511936516144 0.9218523571043062
0 0.5621005115783301 0.8594948058024907 0.5528966057692307 0.38529148557692305 0.45002299563320824 0.3872881797744322 0.4592269014423076 0.8614914999999999
0 0.6672434386103977 0.8385577634687269 0.648027706730769 0.04611943749999999 0.5573369724472944 0.048318585088965374 0.576552704326923 0.8407569110576922
0 0.7970593341346154 0.8465928653846153 0.7230814618947985 0.08492209274004855 0.616345937856337 0.09528886437466386 0.6903238100961538 0.8569596370192306
0 0.9184155528846154 0.8296936250000001 0.8393937285777484 0.17197150549638657 0.7432101877123637 0.18352744780407876 0.8222320120192307 0.8412495673076923