1 0.6778846153846154 0.15384615384615388 1.8840719986882357e-17 0.15384615384615385 4.3127585594972904e-17 0.5504807692307693 0.6778846153846154 0.5504807692307694
0 0.7692056490384616 0.8422252259615385 0.739547624310512 0.15568992182347302 0.6437096664255897 0.1598300796677892 0.6733676911535392 0.8463653838058547
0 0.6620225216346152 0.8402354495192306 0.6572867091354687 0.4363700458486584 0.578159643550056 0.4372979068211864 0.5828954560492026 0.8411633104917586
0 0.5782457857779653 0.4625678221129484 0.5041066678626479 0.46250295496982485 0.5037954013154521 0.8182612963184149 0.5779345192307694 0.8183261634615385
0 0.49943448076923086 0.5054167403846155 0.41729759917673 0.5031867934344347 0.40989078667672996 0.7760060554536655 0.4920276682692309 0.7782360024038463
0 0.5029798359850878 0.16055487062395313 0.41622676948517234 0.15049040218842868 0.40452033494239215 0.25139678396832177 0.4912734014423076 0.2614612524038462
0 0.40625000000000006 0.5096153846153846 0.29807692307692313 0.5096153846153846 0.29807692307692313 0.7932692307692307 0.4062500000000001 0.7932692307692307
0 0.3173076923076924 0.5072115384615384 0.22115384615384623 0.5072115384615384 0.22115384615384623 0.7956730769230769 0.31730769230769246 0.7956730769230769
0 0.4014423076923077 0.1418269230769231 0.3076923076923077 0.1418269230769231 0.3076923076923077 0.3629807692307692 0.4014423076923077 0.3629807692307692
0 0.3173076923076923 0.14903846153846156 0.23317307692307693 0.14903846153846156 0.23317307692307696 0.28605769230769235 0.3173076923076923 0.2860576923076924
2 0.9008444832427771 0.021373225058940536 0.001050090044690607 0.019079501387594646 -0.0014504279665550535 0.9999963026209259 0.8983439652315315 1.0022900262922718