2 1 0.028846153846153907 0.007211538461538465 0.028846153846153848 0.007211538461538524 1 1 1
0 0.9471153846153846 0.22836538461538472 0.65625 0.2283653846153847 0.65625 0.32692307692307704 0.9471153846153846 0.32692307692307704
0 0.9670406129807693 0.37833538461538463 0.9616996125497271 0.3085969460814895 0.6792140240384617 0.33023143750000006 0.6845550244695038 0.3999698760338951
0 0.9540319086538462 0.4308882764423077 0.9516510700885227 0.3743816780866591 0.6897800563685627 0.38541530295079957 0.6921608949338863 0.44192190130644815
0 0.9158356592201677 0.4437378868761438 0.7034816177884614 0.44053690865384615 0.7024613792413705 0.5082198991815485 0.914815420673077 0.5114208774038462
0 0.9615384615384616 0.512019230769231 0.7067307692307693 0.512019230769231 0.7067307692307693 0.5817307692307694 0.9615384615384616 0.5817307692307694
0 0.9855769230769231 0.560096153846154 0.71875 0.560096153846154 0.71875 0.6298076923076923 0.9855769230769231 0.6298076923076923
0 0.9110576923076923 0.6153846153846154 0.7235576923076923 0.6153846153846154 0.7235576923076923 0.6826923076923077 0.9110576923076923 0.6826923076923077
0 0.9519230769230769 0.6754807692307693 0.7235576923076923 0.6754807692307693 0.7235576923076923 0.7379807692307693 0.9519230769230769 0.7379807692307693
0 0.9783653846153846 0.7211538461538461 0.71875 0.7211538461538461 0.71875 0.8004807692307693 0.9783653846153846 0.8004807692307693
0 1 0.7860576923076923 0.7403846153846154 0.7860576923076923 0.7403846153846154 0.8581730769230769 1 0.8581730769230769
0 0.8365384615384616 0.8365384615384616 0.7451923076923077 0.8365384615384616 0.7451923076923077 0.8846153846153846 0.8365384615384616 0.8846153846153846