2 0.9715982211538463 1.0000000000000002 0.9510319321411894 0.01888633354473548 0.04776057692307693 0.037820877403846154 0.06832686593573396 1.0189345438591109
0 0.7211538461538461 0.11538461538461547 0.6394230769230769 0.11538461538461545 0.6394230769230769 0.2836538461538462 0.7211538461538461 0.2836538461538462
0 0.6370192307692307 0.11538461538461545 0.5673076923076923 0.11538461538461545 0.5673076923076923 0.3125000000000001 0.6370192307692307 0.3125000000000001
0 0.5697115384615384 0.1129807692307693 0.5048076923076923 0.1129807692307693 0.5048076923076923 0.29326923076923084 0.5697115384615384 0.29326923076923084
0 0.5144230769230769 0.10576923076923084 0.4375 0.10576923076923084 0.4375 0.2836538461538462 0.5144230769230769 0.2836538461538462
0 0.8149038461538461 0.38461538461538475 0.6754807692307693 0.38461538461538475 0.6754807692307693 0.7692307692307693 0.8149038461538461 0.7692307692307693
0 0.6418269230769231 0.38701923076923084 0.53125 0.3870192307692308 0.53125 0.5432692307692308 0.6418269230769231 0.543269230769231
0 0.528846153846154 0.3629807692307692 0.4182692307692308 0.3629807692307692 0.41826923076923084 0.5817307692307693 0.528846153846154 0.5817307692307693
0 0.3942307692307693 0.34375 0.28846153846153855 0.34375 0.28846153846153855 0.5745192307692307 0.3942307692307694 0.5745192307692307
0 0.26682692307692313 0.3245192307692308 0.16826923076923084 0.3245192307692308 0.16826923076923084 0.42788461538461536 0.26682692307692313 0.42788461538461536
0 0.8509615384615384 0.8653846153846154 0.7716346153846154 0.8653846153846154 0.7716346153846154 1 0.8509615384615384 1
0 0.7764423076923077 0.8822115384615384 0.7211538461538461 0.8822115384615384 0.7211538461538461 0.9447115384615384 0.7764423076923077 0.9447115384615384
0 0.7235576923076923 0.875 0.6682692307692307 0.875 0.6682692307692307 1 0.7235576923076923 1
0 0.6754807692307693 0.8798076923076923 0.6129807692307694 0.8798076923076923 0.6129807692307694 1 0.6754807692307693 1
0 0.6201923076923077 0.8629807692307693 0.5793269230769232 0.8629807692307693 0.5793269230769232 0.9903846153846154 0.6201923076923077 0.9903846153846154
0 0.5817307692307694 0.8605769230769231 0.5312500000000001 0.8605769230769231 0.5312500000000001 0.9711538461538461 0.5817307692307694 0.9711538461538461
0 0.5336538461538463 0.8533653846153846 0.47836538461538475 0.8533653846153846 0.47836538461538475 0.9759615384615384 0.5336538461538463 0.9759615384615384
1 0.6995192307692307 0.6201923076923077 0.0865384615384616 0.6201923076923077 0.08653846153846162 0.8725961538461539 0.6995192307692307 0.8725961538461539