0 0.7946428581730772 0.080395795673077 0.7145104338636403 0.07887354224717605 0.7126823261601358 0.17510633744937656 0.7928147504695727 0.1766285908752775
0 0.18105754037668953 0.2528153335358753 0.17410714182692308 0.1875901875 0.03174007741177199 0.20276083713720167 0.038690475961538455 0.267985983173077
0 0.4843276862122777 0.19958861174029963 0.47244489700735176 0.1294517561881191 0.26341482858353565 0.1648662357939733 0.2752976177884615 0.23500309134615385
0 0.4979223086508485 0.285800881460914 0.48809523798076915 0.2143887860576923 0.25803007115684373 0.24604822190447065 0.2678571418269231 0.3174603173076923
0 0.481653717817428 0.3684948836828286 0.4747023822115385 0.2927231490384615 0.24453675814411038 0.31383865477870987 0.25148809375 0.3896103894230769
0 0.4766344391793851 0.4312487745491494 0.46826352095076884 0.3686630817316532 0.24014098802138378 0.3991747687209654 0.24851190625000003 0.4617604615384616
0 0.5030338253557027 0.5067952584252952 0.49999999999999994 0.4349618629807691 0.24845426839429724 0.4455856934977816 0.25148809375 0.5174190889423076
0 0.46726190625 0.5297876730769231 0.25297618990384624 0.5297876730769231 0.25297618990384624 0.5875077307692307 0.4672619062500001 0.5875077307692307
0 0.48511904807692324 0.5916305913461538 0.25297618990384624 0.5916305913461538 0.25297618990384624 0.669964954326923 0.48511904807692324 0.669964954326923
0 0.49107142788461555 0.64728921875 0.263392858173077 0.64728921875 0.263392858173077 0.731807875 0.49107142788461555 0.731807875
0 0.7115132670650548 0.5538922976140817 0.7063834085126529 0.47982996706932446 0.5186796654860596 0.49283109253216606 0.5238095240384616 0.5668934230769233
0 0.19836663912189392 0.33529407922919147 0.1908210086486173 0.26811439382751984 0.01924008346903108 0.28738638430986685 0.02678571394230769 0.3545660697115384
0 0.21779660924754757 0.4059972764407963 0.21428571394230775 0.33807462259615384 0.012858152771683255 0.34848633413612673 0.016369048076923076 0.4164089879807692
0 0.118084254015022 0.46948075415936574 0.1145639920378217 0.4161157738332009 0.012848786099722767 0.4228254956353737 0.016369048076923083 0.4761904759615385
0 0.19345238221153854 0.5627705625 0.010416665865384688 0.5627705625 0.010416665865384691 0.6122448966346153 0.19345238221153854 0.6122448966346153
0 0.2232142860576924 0.6225520504807692 0.0526596109243345 0.6204795401673676 0.051957225552517965 0.6782814763671328 0.22251190068587587 0.6803539866805344
0 0.2187500000000001 0.6843949687499999 0.004918971863069315 0.6629561820173131 -0.0025215040984691425 0.7371676868250053 0.21130952403846162 0.7586064735576923
0 0.22172618990384627 0.7647907644230769 0.023809524038461618 0.7441764591346154 0.016215572189040683 0.8170855196024895 0.2141322380544253 0.8376998248909511
0 0.2060797436425003 0.8397571017283118 0.053571427884615504 0.8225108221153847 0.04574558759216575 0.8917144851185697 0.19825390335005053 0.9089607647314968
0 0.6177884615384616 0.24278846153846162 0.5745192307692307 0.24278846153846162 0.5745192307692307 0.31730769230769246 0.6177884615384616 0.31730769230769246
0 0.7548076923076923 0.21875000000000006 0.6923076923076923 0.21875000000000006 0.6923076923076923 0.29326923076923084 0.7548076923076923 0.29326923076923084
0 0.6129807692307693 0.32932692307692324 0.5721153846153846 0.32932692307692324 0.5721153846153846 0.41586538461538475 0.6129807692307693 0.41586538461538475
0 0.7475961538461539 0.3149038461538463 0.6850961538461539 0.3149038461538463 0.6850961538461539 0.39182692307692324 0.7475961538461539 0.39182692307692324
0 0.6201923076923077 0.41346153846153855 0.5576923076923077 0.41346153846153844 0.5576923076923077 0.4903846153846155 0.6201923076923077 0.49038461538461553
0 0.75 0.41105769230769246 0.6899038461538461 0.41105769230769246 0.6899038461538461 0.4759615384615386 0.75 0.4759615384615386
0 0.625 0.5576923076923078 0.5649038461538461 0.5576923076923078 0.5649038461538463 0.625 0.625 0.625
0 0.7860576923076923 0.5769230769230771 0.6875 0.5769230769230771 0.6875 0.6466346153846154 0.7860576923076923 0.6466346153846154
2 0.9910714278846153 0.02679859855769243 1.2748848430267508e-17 0.026798598557692368 7.234024749036952e-17 1 0.9910714278846153 1