1 0.6514423076923077 0.18028846153846156 0.002403846153846176 0.18028846153846154 0.0024038461538461978 0.528846153846154 0.6514423076923077 0.528846153846154
0 0.6658653846153846 0.8966346153846154 0.5961538461538463 0.8966346153846154 0.5961538461538463 0.9855769230769231 0.6658653846153846 0.9855769230769231
0 0.591346153846154 0.8677884615384616 0.5480769230769232 0.8677884615384616 0.5480769230769232 0.9807692307692307 0.591346153846154 0.9807692307692307
0 0.5384615384615385 0.8581730769230769 0.49759615384615397 0.8581730769230769 0.49759615384615397 0.9807692307692307 0.5384615384615385 0.9807692307692307
0 0.4951923076923078 0.8605769230769231 0.45432692307692324 0.8605769230769231 0.45432692307692324 0.9855769230769231 0.4951923076923078 0.9855769230769231
0 0.7139423076923077 0.4375000000000001 0.6201923076923077 0.4375000000000001 0.6201923076923077 0.8052884615384616 0.7139423076923077 0.8052884615384616
0 0.5937500000000001 0.65625 0.4927884615384617 0.65625 0.4927884615384617 0.7908653846153846 0.5937500000000001 0.7908653846153846
0 0.47836538461538475 0.6033653846153846 0.3942307692307694 0.6033653846153846 0.3942307692307694 0.8004807692307693 0.47836538461538475 0.8004807692307693
0 0.3677884615384617 0.6033653846153846 0.2788461538461539 0.6033653846153846 0.2788461538461539 0.8004807692307693 0.3677884615384617 0.8004807692307693
0 0.2740384615384616 0.7283653846153846 0.19230769230769237 0.7283653846153846 0.19230769230769237 0.8004807692307693 0.2740384615384616 0.8004807692307693
0 0.528846153846154 0.4206730769230769 0.4567307692307692 0.4206730769230769 0.4567307692307693 0.5721153846153846 0.528846153846154 0.5721153846153846
0 0.4567307692307692 0.47596153846153844 0.40625 0.47596153846153844 0.40625 0.5456730769230769 0.4567307692307692 0.5456730769230769
0 0.3894230769230769 0.46153846153846156 0.33413461538461536 0.46153846153846156 0.33413461538461536 0.5456730769230769 0.3894230769230769 0.5456730769230769
0 0.7884615384615384 0.09134615384615395 0.6995192307692307 0.09134615384615395 0.6995192307692307 0.3125000000000001 0.7884615384615384 0.3125000000000001
0 0.6995192307692307 0.2067307692307693 0.6370192307692307 0.2067307692307693 0.6370192307692307 0.2716346153846155 0.6995192307692307 0.2716346153846155
0 0.6322115384615384 0.09615384615384623 0.5769230769230769 0.09615384615384623 0.5769230769230769 0.2740384615384616 0.6322115384615384 0.2740384615384616
0 0.5793269230769231 0.07451923076923084 0.5192307692307693 0.07451923076923084 0.5192307692307693 0.2836538461538462 0.5793269230769231 0.2836538461538462
0 0.5168269230769231 0.10336538461538468 0.47596153846153844 0.10336538461538468 0.47596153846153844 0.2836538461538462 0.5168269230769231 0.2836538461538462
0 0.47836538461538464 0.1538461538461539 0.4375 0.1538461538461539 0.4375 0.28125000000000006 0.47836538461538464 0.28125000000000006
0 0.4326923076923077 0.12019230769230774 0.36778846153846156 0.12019230769230772 0.36778846153846156 0.27644230769230776 0.4326923076923077 0.27644230769230776
2 0.9340558774038461 0.06128855528846155 0.02223730288461539 0.03714286057692307 -0.0030311175797050425 0.9913591464773291 0.9087874569395257 1.0155048411888676