2 1 0.012019230769230834 0.04567307692307692 0.012019230769230773 0.04567307692307698 1 1 1
0 0.7716346153846154 0.8293269230769231 0.6947115384615384 0.8293269230769231 0.6947115384615384 0.96875 0.7716346153846154 0.96875
0 0.6923076923076923 0.7956730769230769 0.6153846153846154 0.7956730769230769 0.6153846153846154 0.9567307692307693 0.6923076923076923 0.9567307692307693
0 0.6225961538461539 0.8052884615384616 0.5552884615384617 0.8052884615384616 0.5552884615384617 0.9663461538461539 0.6225961538461539 0.9663461538461539
0 0.5673076923076924 0.8004807692307693 0.5024038461538463 0.8004807692307693 0.5024038461538463 0.9567307692307693 0.5673076923076924 0.9567307692307693
0 0.8125 0.3461538461538463 0.6754807692307693 0.3461538461538463 0.6754807692307693 0.7355769230769231 0.8125 0.7355769230769231
0 0.6538461538461539 0.5673076923076924 0.5336538461538463 0.5673076923076923 0.5336538461538463 0.7163461538461539 0.6538461538461539 0.7163461538461539
0 0.5240384615384616 0.5168269230769231 0.41346153846153844 0.5168269230769231 0.41346153846153855 0.7259615384615384 0.5240384615384617 0.7259615384615384
0 0.4038461538461539 0.5096153846153846 0.2836538461538462 0.5096153846153846 0.2836538461538462 0.7307692307692307 0.40384615384615397 0.7307692307692307
0 0.2788461538461539 0.6514423076923077 0.16826923076923084 0.6514423076923077 0.16826923076923084 0.7307692307692307 0.2788461538461539 0.7307692307692307
0 0.6730769230769231 0.2475961538461539 0.5793269230769231 0.2475961538461539 0.5793269230769231 0.4711538461538463 0.6730769230769231 0.4711538461538463
0 0.5673076923076923 0.2524038461538462 0.4879807692307692 0.2524038461538462 0.4879807692307692 0.4735576923076924 0.5673076923076923 0.47355769230769246
0 0.5 0.375 0.42788461538461536 0.375 0.42788461538461536 0.46153846153846156 0.5 0.46153846153846156
0 0.4230769230769231 0.19951923076923084 0.3317307692307692 0.19951923076923084 0.3317307692307692 0.46153846153846156 0.4230769230769231 0.46153846153846156
0 0.34375 0.3028846153846154 0.26682692307692313 0.30288461538461536 0.26682692307692313 0.45913461538461536 0.34375 0.45913461538461536
0 0.44711538461538464 0.08413461538461543 0.3798076923076923 0.08413461538461542 0.3798076923076923 0.2163461538461539 0.44711538461538464 0.2163461538461539
0 0.5024038461538461 0.10096153846153853 0.4423076923076923 0.10096153846153853 0.4423076923076923 0.21394230769230776 0.5024038461538461 0.21394230769230776
0 0.5408653846153846 0.06971153846153852 0.4831730769230769 0.06971153846153852 0.4831730769230769 0.21394230769230776 0.5408653846153846 0.21394230769230776
0 0.5985576923076923 0.04807692307692314 0.53125 0.04807692307692314 0.53125 0.21394230769230776 0.5985576923076923 0.21394230769230776
0 0.6634615384615384 0.06730769230769239 0.5913461538461539 0.06730769230769237 0.5913461538461539 0.22115384615384623 0.6634615384615384 0.22115384615384623
0 0.7307692307692307 0.14423076923076933 0.6490384615384616 0.1442307692307693 0.6490384615384616 0.21394230769230776 0.7307692307692307 0.21394230769230776
0 0.8028846153846154 0.06971153846153856 0.71875 0.06971153846153855 0.71875 0.24038461538461545 0.8028846153846154 0.24038461538461545