2 0.9744024951923075 0.0828444471153846 0.011512766263443906 0.007172890705487513 -0.0650555438519724 0.981473445225756 0.8978341850768913 1.0571450016356532
0 0.19999917067307707 0.6770013725961538 0.1137202264034639 0.652756872123909 0.04390865030518299 0.9011954444282922 0.13018759457479617 0.925439944900537
0 0.2625509951923078 0.7008258124999999 0.19172722629430766 0.6881969084609015 0.1460138701923078 0.9445605769230768 0.21683763909030793 0.9571894809621752
0 0.315473560096154 0.7101741586538461 0.2712939461157858 0.6994572857799989 0.2144938796267709 0.9336118792965173 0.25867349360713915 0.9443287521703646
0 0.3572161274038464 0.725511387019231 0.3057831836753395 0.7177130716998504 0.2780648389423078 0.9005264110576923 0.32949778267081464 0.9083247263770728
0 0.41586538461538475 0.7163461538461539 0.34855769230769246 0.7163461538461539 0.34855769230769246 0.9495192307692307 0.41586538461538475 0.9495192307692307
0 0.4567307692307694 0.7307692307692307 0.39663461538461553 0.7307692307692307 0.39663461538461553 0.9735576923076923 0.4567307692307694 0.9735576923076923
0 0.5096153846153848 0.7331730769230769 0.4495192307692309 0.7331730769230769 0.4495192307692309 0.9110576923076923 0.5096153846153848 0.9110576923076923
0 0.5697115384615385 0.7403846153846154 0.5096153846153848 0.7403846153846154 0.5096153846153848 0.9471153846153846 0.5697115384615385 0.9471153846153846
0 0.6201923076923077 0.7355769230769231 0.5552884615384617 0.7355769230769231 0.5552884615384617 0.9591346153846154 0.6201923076923077 0.9591346153846154
0 0.6682692307692307 0.7451923076923077 0.6033653846153848 0.7451923076923077 0.6033653846153848 1 0.6682692307692307 1
0 0.7211538461538461 0.7548076923076923 0.6730769230769231 0.7548076923076923 0.6730769230769231 0.84375 0.7211538461538461 0.84375