2 1.0403741364614123 0.9131300806848627 0.8772473125615968 -0.0962742447319514 0.012167790865384616 0.04352867788461539 0.1752946147652001 1.0529330033014295
0 0.690741814903846 0.14860112740384615 0.6566896310465246 0.008226457406682118 0.5692228701923077 0.02944420432692308 0.6032750540496292 0.16981887432408713
0 0.5974259591346155 0.1732502403846154 0.5586066816593812 0.0212614527215397 0.4983806730769231 0.036643706730769235 0.5371999505521573 0.18863249439384497
0 0.5386731538461539 0.19725025480769226 0.48177211814520704 0.021521478432793832 0.42623895047014404 0.039503136426724976 0.48313998617109094 0.2152319128016234
0 0.47161403605769225 0.19727785576923074 0.41922445803686603 0.026667809434122034 0.3619374110401404 0.04425906084450331 0.41432698906096654 0.21486910717961202
0 0.9119584495192309 0.8982963245192308 0.8551603676150574 0.7304940366017443 0.7863548822115385 0.7537834663461538 0.8431529641157117 0.9215857542636403
0 0.8099963533653844 0.8373903822115383 0.7911239348073843 0.7668944588949562 0.7317908204987812 0.782778488990612 0.7506632390567813 0.8532744123071941
0 0.76328359375 0.9060880432692309 0.7161654518136362 0.7625266348857924 0.6595766262379629 0.7810995950253664 0.7066947681743265 0.9246610034088049
0 0.6998704807692308 0.9256832019230768 0.6628935964027154 0.7660114443124583 0.617185627403846 0.7765965240384616 0.6541625117703613 0.9362682816490803
0 0.6537443798076924 0.9164778413461541 0.6031108756827008 0.7655271264299456 0.5568915105586696 0.7810305204745591 0.6075250146836612 0.9319812353907678
0 0.5948270985576922 0.8812105624999998 0.5672860312918377 0.7697852386070145 0.5283909128036067 0.7793989694643424 0.5559319800694612 0.8908242933573278
0 0.551420420673077 0.9078931394230769 0.5236069487700613 0.7770964917387175 0.4677812048270656 0.7889676504275127 0.4955946767300812 0.919764298111872