1 0.4567307692307693 0.40865384615384615 0.20192307692307698 0.40865384615384615 0.20192307692307704 1 0.4567307692307694 1
2 0.9807692307692307 0.0552884615384616 0.028846153846153855 0.055288461538461536 0.02884615384615391 0.9519230769230769 0.9807692307692307 0.9519230769230769
0 0.19230769230769237 0.2980769230769231 0.06009615384615388 0.2980769230769231 0.06009615384615389 0.37740384615384615 0.19230769230769237 0.37740384615384615
0 0.20432692307692316 0.38461538461538464 0.057692307692307744 0.38461538461538464 0.057692307692307744 0.4423076923076923 0.20432692307692316 0.4423076923076923
0 0.20913461538461545 0.44711538461538464 0.06730769230769236 0.44711538461538464 0.06730769230769237 0.5072115384615384 0.20913461538461545 0.5072115384615384
0 0.20432692307692316 0.5096153846153846 0.06250000000000007 0.5096153846153846 0.06250000000000007 0.5576923076923077 0.20432692307692316 0.5576923076923077
0 0.18028846153846162 0.5649038461538461 0.06730769230769237 0.5649038461538461 0.06730769230769237 0.6105769230769231 0.18028846153846162 0.6105769230769231
0 0.9375 0.19471153846153857 0.78125 0.19471153846153852 0.78125 0.2812500000000001 0.9375 0.2812500000000001
0 0.8653846153846154 0.28365384615384626 0.8004807692307693 0.2836538461538462 0.8004807692307693 0.3509615384615386 0.8653846153846154 0.3509615384615386
0 0.9423076923076923 0.3461538461538463 0.78125 0.3461538461538463 0.78125 0.4086538461538463 0.9423076923076923 0.4086538461538463
0 0.9615384615384616 0.4086538461538463 0.8004807692307693 0.4086538461538463 0.8004807692307693 0.4687500000000001 0.9615384615384616 0.4687500000000001
0 0.9350961538461539 0.4687500000000001 0.7956730769230769 0.4687500000000001 0.7956730769230769 0.5096153846153848 0.9350961538461539 0.5096153846153848
0 0.8990384615384616 0.5096153846153848 0.7908653846153846 0.5096153846153848 0.7908653846153846 0.5576923076923078 0.8990384615384616 0.5576923076923078
0 0.9278846153846154 0.560096153846154 0.7956730769230769 0.560096153846154 0.7956730769230769 0.6153846153846154 0.9278846153846154 0.6153846153846154