2 0.9842057283653846 9.154231084921093e-17 3.924971648264159e-18 3.127709110195305e-17 6.285004362319885e-17 0.962319454326923 0.9842057283653846 0.962319454326923
0 0.22400173557692324 0.6339020024038462 0.13466007557818693 0.6119670386636614 0.07032599587467972 0.8740013662915923 0.159667655873416 0.895936330031777
0 0.29085146634615394 0.6502436442307692 0.2369143227196315 0.6403559285285036 0.1869833509615386 0.9127276346153845 0.24092049458806103 0.9226153503176501
0 0.33753466346153854 0.6552743822115384 0.28615192070250905 0.6474392710101741 0.2495237379807693 0.8876472836538463 0.3009064807397988 0.8954823948552104
0 0.3874304687500002 0.6645072980769231 0.3304542899410748 0.6592649768179738 0.31278796875000003 0.8512714230769232 0.3697641475589254 0.8565137443358725
0 0.45192307692307704 0.65625 0.38461538461538475 0.65625 0.38461538461538475 0.9014423076923077 0.45192307692307704 0.9014423076923077
0 0.5024038461538463 0.6610576923076923 0.4375000000000001 0.6610576923076923 0.4375000000000001 0.9206730769230769 0.5024038461538463 0.9206730769230769
0 0.5504807692307694 0.6634615384615384 0.4951923076923078 0.6634615384615384 0.4951923076923078 0.8533653846153846 0.5504807692307694 0.8533653846153846
0 0.6129807692307694 0.6586538461538461 0.5552884615384617 0.6586538461538461 0.5552884615384617 0.8725961538461539 0.6129807692307694 0.8725961538461539
0 0.6706730769230769 0.65625 0.6033653846153848 0.65625 0.6033653846153848 0.8942307692307693 0.6706730769230769 0.8942307692307693
0 0.7355769230769231 0.6586538461538461 0.6538461538461539 0.6586538461538461 0.6538461538461539 0.9399038461538461 0.7355769230769231 0.9399038461538461
0 0.7836538461538461 0.6658653846153846 0.7283653846153846 0.6658653846153846 0.7283653846153846 0.7572115384615384 0.7836538461538461 0.7572115384615384