2 0.9895616872518952 0.9508017474919815 0.9751084774133955 0.04377518876222866 0.013431014423076924 0.05909924519230769 0.02788422426157665 0.9661258039220606
0 0.21394230769230776 0.29086538461538464 0.06250000000000003 0.29086538461538464 0.06250000000000004 0.36538461538461536 0.21394230769230776 0.36538461538461536
0 0.23076923076923084 0.375 0.05528846153846159 0.375 0.05528846153846159 0.43509615384615385 0.23076923076923084 0.43509615384615385
0 0.23557692307692316 0.4375 0.06250000000000006 0.4375 0.06250000000000006 0.5024038461538461 0.23557692307692316 0.5024038461538461
0 0.2379807692307693 0.49759615384615385 0.06490384615384623 0.49759615384615385 0.06490384615384623 0.5625 0.2379807692307693 0.5625
0 0.6947115384615384 0.21875000000000006 0.32211538461538464 0.21875000000000006 0.32211538461538464 0.3413461538461539 0.6947115384615384 0.34134615384615397
0 0.4879807692307692 0.38461538461538464 0.3317307692307692 0.38461538461538464 0.3317307692307692 0.49038461538461536 0.4879807692307692 0.49038461538461536
0 0.5408653846153847 0.5024038461538461 0.33413461538461536 0.5024038461538461 0.3341346153846155 0.6009615384615384 0.5408653846153848 0.6009615384615384
0 0.5480769230769232 0.6370192307692307 0.3149038461538463 0.6370192307692307 0.3149038461538463 0.7307692307692307 0.5480769230769232 0.7307692307692307
0 0.39663461538461553 0.7451923076923077 0.3125000000000001 0.7451923076923077 0.3125000000000001 0.8485576923076923 0.39663461538461553 0.8485576923076923
0 0.9471153846153846 0.20192307692307704 0.8028846153846154 0.20192307692307698 0.8028846153846154 0.2668269230769232 0.9471153846153846 0.26682692307692324
0 0.8822115384615384 0.2716346153846155 0.8197115384615384 0.2716346153846155 0.8197115384615384 0.32211538461538475 0.8822115384615384 0.32211538461538475
0 0.9471153846153846 0.3245192307692309 0.8173076923076923 0.3245192307692309 0.8173076923076923 0.3774038461538463 0.9471153846153846 0.3774038461538463
0 0.9567307692307693 0.3774038461538463 0.8269230769230769 0.3774038461538463 0.8269230769230769 0.42067307692307704 0.9567307692307693 0.42067307692307704
0 0.9447115384615384 0.42788461538461553 0.8293269230769231 0.42788461538461553 0.8293269230769231 0.4639423076923078 0.9447115384615384 0.4639423076923078
0 0.9134615384615384 0.4711538461538463 0.8197115384615384 0.4711538461538463 0.8197115384615384 0.5024038461538463 0.9134615384615384 0.5024038461538463
0 0.9326923076923077 0.5072115384615385 0.8269230769230769 0.5072115384615385 0.8269230769230769 0.5576923076923078 0.9326923076923077 0.5576923076923078
1 0.8894230769230769 0.35336538461538475 0.6850961538461539 0.35336538461538475 0.6850961538461539 0.9807692307692307 0.8894230769230769 0.9807692307692307