2 0.9745923173076924 0.11853539903846158 0.04998231971153847 0.04896308173076924 -0.017249972380948053 0.9424743493674561 0.9073600252152059 1.0120466666751484
0 0.3984515355001323 0.3223657812082834 0.3897545392280811 0.11246880244314032 0.3042705216346154 0.11601079807692308 0.31296751790666655 0.3259077768420662
0 0.457117665854321 0.12804737833227206 0.4010404326923077 0.12401369711538468 0.38397391493783056 0.36127664476100063 0.4400511480998439 0.36531032597788804
0 0.510881670554367 0.1282591780092666 0.46121572596153854 0.12580507932692314 0.44863328101144645 0.38044806423609123 0.4982992256042748 0.3829021629184347
0 0.5837145384615384 0.12937534855769237 0.5158400575996961 0.11930250445495033 0.4775031362588515 0.377630600006709 0.5453776171206939 0.387703444109451
0 0.7908653846153846 0.4711538461538463 0.7091346153846154 0.4711538461538463 0.7091346153846154 0.5721153846153848 0.7908653846153846 0.5721153846153848
0 0.6875 0.47355769230769246 0.5961538461538461 0.47355769230769246 0.5961538461538463 0.6971153846153846 0.6875 0.6971153846153846
0 0.5817307692307693 0.48557692307692313 0.49759615384615385 0.4855769230769231 0.4975961538461539 0.6826923076923077 0.5817307692307694 0.6826923076923077
0 0.4879807692307693 0.49038461538461536 0.4110576923076923 0.49038461538461536 0.4110576923076924 0.6346153846153846 0.4879807692307694 0.6346153846153846
0 0.3846153846153847 0.4543269230769231 0.2860576923076924 0.4543269230769231 0.2860576923076924 0.8028846153846154 0.38461538461538475 0.8028846153846154
0 0.6401876322115385 0.7361542764423079 0.5939010697115386 0.727857670673077 0.5745737904971547 0.8356840929708877 0.6208603529971547 0.8439806987401185
0 0.43731436778846156 0.7224972115384615 0.39354699519230774 0.7196925961538461 0.3848943387518376 0.8547214633753324 0.4286617113479914 0.8575260787599478
0 0.4951923076923078 0.7091346153846154 0.4447115384615386 0.7091346153846154 0.4447115384615386 0.8653846153846154 0.4951923076923078 0.8653846153846154
0 0.528846153846154 0.7283653846153846 0.4951923076923078 0.7283653846153846 0.4951923076923078 0.78125 0.528846153846154 0.78125
0 0.5817307692307694 0.7283653846153846 0.5384615384615385 0.7283653846153846 0.5384615384615385 0.9014423076923077 0.5817307692307694 0.9014423076923077