0 0.18269230769230776 0.33413461538461536 0.05048076923076927 0.33413461538461536 0.050480769230769273 0.40625 0.18269230769230776 0.40625
0 0.2067307692307693 0.41346153846153844 0.05528846153846159 0.41346153846153844 0.05528846153846159 0.4735576923076923 0.2067307692307693 0.4735576923076923
0 0.22115384615384623 0.47836538461538464 0.05528846153846159 0.47836538461538464 0.0552884615384616 0.5336538461538461 0.22115384615384623 0.5336538461538461
0 0.21875000000000006 0.53125 0.06730769230769237 0.53125 0.06730769230769237 0.6033653846153846 0.21875000000000006 0.6033653846153846
0 0.9503290867196988 0.22117533422389848 0.9321175288461538 0.15559545192307694 0.7731877450110702 0.199730312410717 0.7913993028846152 0.26531019471153855
0 0.8837104591346155 0.3091960889423077 0.876090198251145 0.23501436198989756 0.7984137367126833 0.24299361679758985 0.8060339975961539 0.31717534375
2 0.9793061752022871 0.9535715893521046 0.9715186322115386 0.035906641826923075 0.009574632790402668 0.0440699483478787 0.017362175781151245 0.9617348958730604
0 0.9533903628979683 0.3548962145082245 0.943374985576923 0.2932375817307692 0.7948928750828009 0.31735592972254484 0.8049082524038462 0.3790145625000001
0 0.9664957324624511 0.39918842494519274 0.9564853963793868 0.35117025393954465 0.7948979163207819 0.38485635543665964 0.8049082524038463 0.4328745264423077
0 0.9509524723039622 0.44751390590462453 0.9422492403846152 0.404947139423077 0.7894505445229606 0.43618847149922185 0.7981537764423076 0.4787552379807694
0 0.9109472918934395 0.4914704940637979 0.9030120314204161 0.45430180257034414 0.8037274654885151 0.47549837581423837 0.8116627259615387 0.5126670673076922
0 0.9327714918980496 0.5440172802358266 0.9219858149038463 0.4887293028846154 0.7963740657942581 0.5132338663987888 0.8071597427884615 0.56852184375