2 1 0.010773853365384679 0.0348427788461539 0.01077385336538462 0.034842778846153964 1 1 1
0 0.9718793662824242 0.20567889632455788 0.8218932103273667 0.18880729250627193 0.8140943392372502 0.25813814618171416 0.9640804951923077 0.2750097500000001
0 0.9846971015243948 0.27524964659321427 0.8003430745192307 0.2731044927884616 0.7994798960717588 0.3472858510029396 0.983833923076923 0.34943100480769235
0 0.9940944807692309 0.4031330793269232 0.9910265273140637 0.32865935774593064 0.7913152163461539 0.33688648798076926 0.7943831698013211 0.41136020956176184
0 0.9988888966346156 0.41555410096153855 0.8888471804046749 0.4121777912514211 0.8872659396859077 0.4637140712154251 0.9973076559158484 0.46709038092554256
0 0.9898794447115384 0.609171264423077 0.987882103161554 0.5551635975451272 0.8100646778846152 0.5617397403846154 0.8120620194345997 0.6157474072625652
0 0.9774867989600762 0.87818475929214 0.9687086250000001 0.7964643028846156 0.8060549606553085 0.8139360868617065 0.8148331346153845 0.8956565432692307
0 1.0070488765084777 0.7850854122238573 0.9991385366068266 0.730804452114833 0.7930341384637333 0.7608399533525143 0.8009444783653845 0.8151209134615386
0 1.0073408372723685 0.7262405595342931 0.9973306298850058 0.6575502593998264 0.7934631610576923 0.6872597764423077 0.8034733684450549 0.7559500765767745
0 0.7335557344292696 0.1555879183163788 0.5236839879807693 0.1297459567307693 0.5155173447587145 0.1960701662903438 0.7253890912072147 0.22191212787595332
0 0.751302021122846 0.2492136599242437 0.5045727067307693 0.21195846634615392 0.49432367755483964 0.27983453136943914 0.7410529919469165 0.3170897249475289
0 0.7597430649270029 0.3166878844992728 0.5139068485576923 0.29038023076923086 0.5069449658672313 0.3554366936903435 0.7527811822365419 0.38174434742038543
0 0.7644230769230769 0.4350961538461539 0.5096153846153846 0.43509615384615385 0.5096153846153846 0.5048076923076924 0.7644230769230769 0.5048076923076924
0 0.7572115384615384 0.5120192307692308 0.5360576923076923 0.5120192307692307 0.5360576923076924 0.5817307692307693 0.7572115384615384 0.5817307692307694
0 0.5024038461538461 0.47836538461538464 0.2908653846153847 0.47836538461538464 0.2908653846153847 0.5480769230769231 0.5024038461538461 0.5480769230769231
0 0.7524038461538461 0.6538461538461539 0.5336538461538463 0.6538461538461539 0.5336538461538463 0.7331730769230769 0.7524038461538461 0.7331730769230769
0 0.7596153846153846 0.5793269230769231 0.5312500000000001 0.5793269230769231 0.5312500000000001 0.6442307692307693 0.7596153846153846 0.6442307692307693
0 0.42788461538461536 0.2379807692307693 0.37740384615384615 0.2379807692307693 0.37740384615384615 0.3076923076923077 0.42788461538461536 0.3076923076923077
0 0.3125 0.2043269230769231 0.25721153846153844 0.20432692307692307 0.25721153846153844 0.27884615384615385 0.3125 0.2788461538461539
0 0.4375 0.3173076923076923 0.38461538461538464 0.3173076923076923 0.38461538461538464 0.39663461538461536 0.4375 0.39663461538461536
0 0.3173076923076923 0.30528846153846156 0.264423076923077 0.30528846153846156 0.264423076923077 0.375 0.3173076923076923 0.375
0 0.43990384615384615 0.40625 0.3894230769230769 0.40625 0.3894230769230769 0.47115384615384615 0.43990384615384615 0.47115384615384615
0 0.3173076923076923 0.39663461538461536 0.26682692307692313 0.39663461538461536 0.26682692307692313 0.45913461538461536 0.3173076923076923 0.45913461538461536
0 0.4399038461538462 0.5552884615384616 0.3942307692307692 0.5552884615384616 0.3942307692307693 0.6201923076923077 0.4399038461538463 0.6201923076923077
0 0.3197115384615386 0.5625 0.2067307692307693 0.5625 0.2067307692307693 0.6442307692307693 0.3197115384615386 0.6442307692307693
0 0.28125 0.07932692307692311 0.20432692307692307 0.07932692307692311 0.20432692307692307 0.15144230769230774 0.28125 0.15144230769230774