2 1.131198531028519 0.8176381359556378 0.9710522801616059 -0.082346999335457 0.0025133092292406647 0.0899979416319822 0.16265956009615384 0.9899830769230771
0 0.9177516706730771 0.020719807692307857 0.8793657212828546 0.011348389036350536 0.7712429447854168 0.45422641838600686 0.8096288941756391 0.4635978370419641
0 0.835055797409152 0.09847768511031355 0.7820082657762715 0.08662352255189906 0.6709897451923078 0.5834328461538463 0.7240372768251884 0.5952870087122607
0 0.7375831418269231 0.254068608173077 0.7031737832158467 0.24626854022777137 0.6357816791717231 0.5435632678980387 0.6701910377827995 0.5513633358433443
0 0.6809385288461539 0.35354280528846166 0.6495143321163765 0.34705319973785254 0.5985443606639553 0.5938617919922307 0.6299685573937327 0.6003513975428397
0 0.7021660000000001 0.048638274038461646 0.6444740112986846 0.037465631801006434 0.5421833020736682 0.5656624822358546 0.5998752907749836 0.5768351244733098
0 0.7552424495192308 0.7582827379807693 0.7241445862223548 0.7525799572395948 0.7049109687499999 0.8574628966346153 0.736008832046876 0.8631656773757898
0 0.6596586658653846 0.7195309014423079 0.6262800977445515 0.7113827047698293 0.583998862293419 0.884585089845461 0.6173774304142522 0.8927332865179397
0 0.728500907926297 0.7430184309742919 0.7002436503953687 0.7366763902744204 0.6707713317307692 0.8679916778846154 0.6990285892616974 0.8743337185844868
0 0.2966209814422599 0.6819321584114374 0.29658483173076927 0.5174431538461539 0.2511909464423555 0.5174531300501011 0.25122709615384614 0.6819421346153847
0 0.3867529792837485 0.9200246500959897 0.3761244687500001 0.6820840769230769 0.3220636859451377 0.6844989050956839 0.33269219647888615 0.9224394782685965