2 0.9975961538461539 6.108514683247014e-17 0 0 6.123233995736766e-17 1 0.9975961538461539 1
0 0.23076923076923078 0.03365384615384617 0.10817307692307693 0.03365384615384617 0.10817307692307694 0.1971153846153846 0.23076923076923078 0.1971153846153846
0 0.1331869927884616 0.23425123076923082 0.06174710086867268 0.21542455101416194 0.011173064903846192 0.40733325240384627 0.08261295682363512 0.42615993215891507
0 0.2112984879807693 0.21027556730769234 0.12208498661617714 0.18792681312743606 0.02492242307692316 0.5757879182692308 0.11413592444151531 0.5981366724494871
0 0.2117411778846155 0.43808477644230776 0.1267504167779057 0.41424952097349854 -0.008246058957864122 0.8956143309509164 0.07674470214884571 0.9194495864197255
0 0.3726449062500003 0.07364490384615395 0.3026953739589899 0.059050043510842816 0.12374710335200159 0.9167045565149343 0.19369663564301198 0.9312994168502455
0 0.4340915769230771 0.07241874759615394 0.34965966191071896 0.05793146534145054 0.19016483894230782 0.9874676682692308 0.274596753954666 1.0019549505239342
0 0.4737867668269232 0.3894886610576925 0.39668632798371767 0.37766224895916317 0.30581596634615393 0.9700773197115387 0.3829164051893595 0.9819037318100678
0 0.5504807692307693 0.46634615384615385 0.4230769230769231 0.46634615384615385 0.42307692307692313 0.9591346153846154 0.5504807692307694 0.9591346153846154
0 0.6802884615384616 0.1177884615384616 0.5264423076923077 0.1177884615384616 0.5264423076923077 0.9375 0.6802884615384616 0.9375
0 0.7491606322115386 0.1516997235576924 0.630867068875258 0.1490014481795314 0.6114931665247674 0.9983617333890777 0.729786729861048 1.0010600087672388
0 0.8642053822115383 0.9969232548076922 0.8468704324920654 0.29182229206903937 0.7245709358143818 0.29482903257523596 0.7419058855338547 0.9999299953138887