2 0.9977951586538462 7.209080783880695e-17 4.212622178751445e-17 1.0993475476299042e-17 1.0121240429169198e-16 0.9649505889423077 0.9977951586538462 0.9649505889423077
0 0.19230769230769235 0.27163461538461536 0.10336538461538465 0.27163461538461536 0.10336538461538466 0.46875 0.19230769230769237 0.46875
0 0.0937500000000001 0.7043269230769231 0.019230769230769315 0.7043269230769231 0.019230769230769322 0.7932692307692307 0.0937500000000001 0.7932692307692307
0 0.264423076923077 0.5697115384615384 0.18269230769230776 0.5697115384615384 0.18269230769230776 0.6105769230769231 0.264423076923077 0.6105769230769231
0 0.22596153846153852 0.6875 0.14663461538461545 0.6875 0.14663461538461547 0.7355769230769231 0.22596153846153852 0.7355769230769231
0 0.3461538461538463 0.5649038461538461 0.2788461538461539 0.5649038461538461 0.2788461538461539 0.5985576923076923 0.3461538461538463 0.5985576923076923
0 0.31730769230769246 0.6778846153846154 0.25721153846153855 0.6778846153846154 0.25721153846153855 0.7211538461538461 0.31730769230769246 0.7211538461538461
0 0.4326923076923078 0.5600961538461539 0.35336538461538475 0.5600961538461539 0.35336538461538475 0.5961538461538461 0.4326923076923078 0.5961538461538461
0 0.4086538461538463 0.6730769230769231 0.3389423076923078 0.6730769230769231 0.3389423076923078 0.7307692307692307 0.4086538461538463 0.7307692307692307
0 0.5096153846153847 0.49278846153846156 0.42788461538461536 0.49278846153846156 0.4278846153846155 0.6826923076923077 0.5096153846153848 0.6826923076923077
0 0.5817307692307693 0.5552884615384616 0.5168269230769231 0.5552884615384616 0.5168269230769231 0.6009615384615385 0.5817307692307694 0.6009615384615385
0 0.5865384615384617 0.6754807692307693 0.5000000000000001 0.6754807692307693 0.5000000000000001 0.7788461538461539 0.5865384615384617 0.7788461538461539
0 0.2970798966346155 0.25199786298076926 0.22638209028649475 0.236686489915168 0.17537407692307697 0.4722078004807693 0.2460718832711977 0.4875191735463706
0 0.36662244951923084 0.24837535096153848 0.2922955399872235 0.23765020581341556 0.25995841105769235 0.46175149519230774 0.33428532058969973 0.4724766403404307
0 0.5016176501205403 0.24046436053834758 0.43240626248830494 0.22953721284902887 0.39243962019230777 0.4826816610576923 0.4616510078245431 0.493608808747011
0 0.5528846153846154 0.3028846153846155 0.4855769230769231 0.3028846153846155 0.4855769230769231 0.4423076923076923 0.5528846153846154 0.4423076923076923
0 0.6346153846153846 0.23076923076923084 0.5432692307692307 0.23076923076923084 0.5432692307692307 0.4663461538461539 0.6346153846153846 0.46634615384615397
0 0.7043269230769231 0.2379807692307693 0.6153846153846154 0.2379807692307693 0.6153846153846154 0.46634615384615397 0.7043269230769231 0.46634615384615397
0 0.35277240144230776 0.014302298076923129 0.2775656277318222 -0.0004046732377727808 0.24035415838595833 0.18988294578631584 0.31556093209644387 0.20458991710101176
0 0.4400003781531862 0.005750895124651938 0.3601013498412285 -0.00876647829210558 0.3188187596153846 0.21843983173076922 0.39871778792734236 0.2329572051475267
0 0.45913461538461536 5.284233183820911e-17 0.40384615384615385 4.9456889965566184e-17 0.40384615384615385 0.10336538461538466 0.45913461538461536 0.10336538461538468
0 0.6081730769230769 0.004807692307692378 0.5336538461538461 0.004807692307692374 0.5336538461538461 0.17067307692307698 0.6081730769230769 0.17067307692307698
0 0.6634615384615384 0.021634615384615467 0.59375 0.02163461538461546 0.59375 0.20913461538461545 0.6634615384615384 0.20913461538461545
0 0.7379807692307693 8.566639869035572e-17 0.6610576923076923 8.095621869363514e-17 0.6610576923076923 0.19951923076923084 0.7379807692307693 0.19951923076923084
0 0.8230631908098484 0.1957856025309942 0.7895097741070782 -0.00766098754120768 0.7237862082972298 0.003178467620105925 0.757339625 0.2066250576923078
0 0.8893550852615143 0.17193345563651713 0.8684270665497884 -0.007439979938983095 0.8046592163461537 0 0.8255872350578796 0.17937343557550026