2 0.9922407019230769 7.887215775123863e-17 0.027491057692307693 1.979827956195067e-17 0.027491057692307752 0.9739318581730768 0.9922407019230769 0.9739318581730768
0 0.8404400408653848 0.09177805528846167 0.7506888460829225 0.0746081821807316 0.6941232644230767 0.3702905384615386 0.783874459205539 0.38746041156926864
0 0.7343828509615385 0.053591675480769346 0.6788559383758386 0.04240760057624161 0.6166005880300592 0.3514941746694423 0.6721275006157593 0.3626782495739701
0 0.6647049735576923 0.0806019783653847 0.617511898391077 0.07249210665818627 0.5700905535297378 0.3484470382949869 0.6172836286963529 0.35655691000218537
0 0.5984822451923077 0.12330776682692314 0.552680726774157 0.11788850814198842 0.5269098841582847 0.3356938928532679 0.5727114025764354 0.34111315153820265
0 0.5240384615384616 0.0817307692307693 0.46875 0.0817307692307693 0.46875 0.3485576923076923 0.5240384615384616 0.3485576923076923
0 0.4735576923076923 0.04807692307692313 0.4206730769230769 0.04807692307692313 0.4206730769230769 0.3389423076923077 0.4735576923076923 0.3389423076923077
0 0.4230769230769231 0.1274038461538462 0.3701923076923077 0.1274038461538462 0.3701923076923077 0.34134615384615385 0.4230769230769231 0.34134615384615385
0 0.3629807692307692 0.09375000000000003 0.3076923076923077 0.09375000000000003 0.3076923076923077 0.34615384615384615 0.3629807692307692 0.34615384615384615
0 0.3076923076923077 0.08413461538461542 0.25 0.08413461538461542 0.25000000000000006 0.3485576923076923 0.3076923076923077 0.3485576923076923
0 0.25000000000000006 0.028846153846153876 0.18509615384615385 0.028846153846153872 0.18509615384615388 0.3293269230769231 0.25000000000000006 0.3293269230769231