1 0.9447115384615384 0.2548076923076924 0.6442307692307693 0.2548076923076924 0.6442307692307693 0.9447115384615384 0.9447115384615384 0.9447115384615384
0 0.9471153846153846 0.216346153846154 0.8389423076923077 0.216346153846154 0.8389423076923077 0.28605769230769246 0.9471153846153846 0.28605769230769246
0 0.9567307692307693 0.2980769230769232 0.8245192307692307 0.29807692307692313 0.8245192307692307 0.3509615384615386 0.9567307692307693 0.3509615384615386
0 0.9615384615384616 0.34855769230769246 0.8269230769230769 0.34855769230769246 0.8269230769230769 0.41105769230769246 0.9615384615384616 0.41105769230769246
0 0.9711538461538461 0.4086538461538463 0.8317307692307693 0.4086538461538463 0.8317307692307693 0.4615384615384617 0.9711538461538461 0.4615384615384617
0 0.7427884615384616 0.18990384615384623 0.3629807692307692 0.18990384615384623 0.3629807692307692 0.3100961538461539 0.7427884615384616 0.31009615384615397
0 0.7379807692307693 0.3317307692307694 0.5961538461538461 0.3317307692307694 0.5961538461538461 0.44230769230769246 0.7379807692307693 0.44230769230769246
0 0.7596153846153846 0.44711538461538475 0.6586538461538461 0.44711538461538475 0.6586538461538461 0.543269230769231 0.7596153846153846 0.543269230769231
0 0.24519230769230768 0.19230769230769232 0.06250000000000001 0.19230769230769232 0.06250000000000003 0.27163461538461536 0.24519230769230768 0.27163461538461536
0 0.22836538461538464 0.2692307692307692 0.15625 0.2692307692307692 0.15625000000000003 0.33413461538461536 0.2283653846153847 0.33413461538461536
0 0.23557692307692316 0.33413461538461536 0.07692307692307696 0.33413461538461536 0.07692307692307696 0.3942307692307692 0.23557692307692316 0.3942307692307692
0 0.24519230769230776 0.3942307692307692 0.06250000000000006 0.3942307692307692 0.06250000000000006 0.44471153846153844 0.24519230769230776 0.44471153846153844
0 0.2524038461538462 0.4423076923076923 0.0817307692307693 0.4423076923076923 0.0817307692307693 0.49759615384615385 0.2524038461538462 0.49759615384615385
0 0.25000000000000006 0.49759615384615385 0.12740384615384623 0.49759615384615385 0.12740384615384623 0.5384615384615384 0.25000000000000006 0.5384615384615384
0 0.2548076923076924 0.5408653846153846 0.11538461538461545 0.5408653846153846 0.11538461538461545 0.6009615384615384 0.2548076923076924 0.6009615384615384
2 1.0320633978690557 0.8767787995050151 0.9666495766718944 -0.008385787760158175 0.01791412111053088 0.06172593196559579 0.0833279423076923 0.9468905192307692