2 1.0000000000000002 0.15225550240384625 7.472654973438553e-18 0.053252735576923074 -0.09159497597460198 0.9784286565158662 0.9084050240253981 1.0774314233427893
0 0.1796320432692308 0.8347671802884616 0.1553501296710829 0.6745335622968882 0.0939454672391419 0.6838388674281387 0.11822738083728984 0.8440724854197122
0 0.23833971047885077 0.8756054787109263 0.1492104879807693 0.8600052019230771 0.14265406115576476 0.8974641030198433 0.23178328365384626 0.9130643798076924
0 0.2462697379807692 0.8635147211538463 0.19779902922772674 0.5633877165986291 0.14196725961538462 0.5724045841346155 0.19043796836842708 0.8725315886898327
0 0.2651021298076923 0.6937793221153844 0.2320865446502092 0.2924527553251581 0.1506591346153846 0.2991514735576923 0.18367471977286773 0.7004780403479186
0 0.3303105357770241 0.3119841323373155 0.24916702884615388 0.3117554495192308 0.24769902672297603 0.832646531124223 0.32884253365384625 0.8328752139423077
0 0.40297407442806493 0.25201314056928903 0.3201506586538462 0.2492132211538462 0.29817035345655063 0.8994047752960957 0.38099376923076933 0.9022046947115386
0 0.48858807578384383 0.2879011509638339 0.4099666826923078 0.2839742524038462 0.3849451718123102 0.7849360197092431 0.46356656490384623 0.7888629182692307
0 0.6084311177884616 0.34916545913461533 0.5084745769230768 0.3334455072115385 0.44847837610596036 0.7149360313613184 0.5484349169713452 0.7306559832843953
0 0.6910039110576923 0.3643609495192308 0.61567434375 0.3497991610576924 0.537190522847076 0.75580370403586 0.6125200901547684 0.7703654924973985
0 0.8039982620192307 0.3373793942307693 0.7272200480769231 0.31471956490384617 0.56310587589914 0.8707869933314514 0.6398840898414476 0.8934468226583744
0 0.9010575096153848 0.3628099975961539 0.822830653846154 0.33603777644230787 0.6617568246572413 0.8066860327730541 0.739983680426472 0.8334582539269001