0 0.34253435576923075 0.3706249615384616 0.26205663134457624 0.069397492982307 0.1654922644230769 0.09519620432692308 0.2459699888477314 0.39642367288307767
0 0.41277662980769225 0.339175923076923 0.33135465276445475 0.045453266467434444 0.271749860576923 0.06197613221153848 0.3531718376201605 0.35569878882102707
0 0.45060805528846165 0.3325811514423077 0.38869956490384616 0.06294946874999999 0.32976801379743237 0.07648038369512998 0.3916765041820478 0.34611206638743763
0 0.49236974759615393 0.3209900600961539 0.47201843028846163 0.10290314423076921 0.40641538620279 0.10902505375129329 0.4267667035104823 0.32711196961667793
0 0.5639103610933139 0.313865881871451 0.5342788822115385 0.046390442307692306 0.48116424421982695 0.052274591059934594 0.5107957231016024 0.3197500306236933
0 0.609421736342602 0.29911706432261104 0.586163516826923 0.014192091346153854 0.5372815510601575 0.01818229086529278 0.5605397705758365 0.30310726384174996
0 0.6615751543306801 0.28951510045197143 0.649925673076923 0.09080836298076925 0.5994529423428047 0.09376740270934544 0.6111024235965619 0.2924741401805476
0 0.7180479218565452 0.2867990913015733 0.7048393245192309 0.05485613461538462 0.6608682270383361 0.057360183582436185 0.6740768243756504 0.28930314026862486
0 0.7733630749577023 0.2831943861274881 0.7624110024038463 0.034871331730769235 0.710301896196144 0.03716955858405044 0.72125396875 0.2854926129807693
0 0.8224349567307693 9.701600543006119e-17 0.7619566490384616 9.331277713339952e-17 0.7619566490384616 0.27610851201923087 0.8224349567307693 0.27610851201923087
0 0.8837954495192306 0.16882413701923088 0.8300631553653027 0.16713005158589395 0.8270371278531591 0.2631083282422916 0.8807694220070869 0.26480241367562846
2 1.0787213381724743 0.8859368070430927 0.9782873649951298 -0.07663947423745447 0.011362625 0.024248211538461538 0.11179659817734441 0.9868244928190089