0 0.6875 0.05048076923076931 0.6009615384615384 0.0504807692307693 0.6009615384615384 0.17788461538461545 0.6875 0.17788461538461545
0 0.5985576923076923 0.055288461538461606 0.5240384615384616 0.055288461538461606 0.5240384615384616 0.21153846153846162 0.5985576923076923 0.21153846153846162
0 0.5264423076923077 0.0552884615384616 0.4567307692307692 0.05528846153846159 0.4567307692307692 0.21875000000000006 0.5264423076923077 0.21875000000000006
0 0.46634615384615385 0.05288461538461543 0.3870192307692308 0.05288461538461543 0.3870192307692308 0.21394230769230776 0.46634615384615385 0.21394230769230776
0 0.7067307692307693 0.2908653846153847 0.5528846153846154 0.2908653846153847 0.5528846153846154 0.6610576923076923 0.7067307692307693 0.6610576923076923
0 0.5384615384615384 0.3076923076923077 0.4254807692307692 0.3076923076923077 0.4254807692307692 0.4639423076923077 0.5384615384615384 0.4639423076923077
0 0.41586538461538464 0.3052884615384616 0.29326923076923084 0.3052884615384616 0.29326923076923084 0.5048076923076923 0.41586538461538464 0.5048076923076923
0 0.2836538461538462 0.2932692307692308 0.16826923076923084 0.2932692307692308 0.16826923076923084 0.5144230769230769 0.2836538461538462 0.5144230769230769
0 0.16826923076923084 0.29086538461538464 0.06009615384615388 0.29086538461538464 0.06009615384615389 0.3798076923076923 0.16826923076923084 0.3798076923076923
0 0.5480769230769232 0.5600961538461539 0.4495192307692309 0.5600961538461539 0.4495192307692309 0.7644230769230769 0.5480769230769232 0.7644230769230769
0 0.4567307692307693 0.5480769230769231 0.3605769230769231 0.5480769230769231 0.36057692307692313 0.7620192307692307 0.4567307692307694 0.7620192307692307
0 0.3774038461538463 0.5745192307692307 0.3125000000000001 0.5745192307692307 0.3125000000000001 0.6394230769230769 0.3774038461538463 0.6394230769230769
0 0.3052884615384616 0.5649038461538461 0.2163461538461539 0.5649038461538461 0.2163461538461539 0.8125 0.3052884615384616 0.8125
0 0.2283653846153847 0.5721153846153846 0.15144230769230776 0.5721153846153846 0.15144230769230776 0.7019230769230769 0.2283653846153847 0.7019230769230769
0 0.6730769230769231 0.7836538461538461 0.591346153846154 0.7836538461538461 0.591346153846154 0.9350961538461539 0.6730769230769231 0.9350961538461539
0 0.6009615384615385 0.8004807692307693 0.5336538461538463 0.8004807692307693 0.5336538461538463 0.8774038461538461 0.6009615384615385 0.8774038461538461
0 0.528846153846154 0.7980769230769231 0.4639423076923078 0.7980769230769231 0.4639423076923078 0.9302884615384616 0.528846153846154 0.9302884615384616
0 0.47355769230769246 0.7980769230769231 0.4086538461538463 0.7980769230769231 0.4086538461538463 0.9519230769230769 0.47355769230769246 0.9519230769230769
0 0.4254807692307694 0.7788461538461539 0.36538461538461553 0.7788461538461539 0.36538461538461553 0.9375 0.4254807692307694 0.9375
0 0.3750000000000001 0.8052884615384616 0.32692307692307704 0.8052884615384616 0.32692307692307704 0.90625 0.3750000000000001 0.90625
0 0.3317307692307694 0.8076923076923077 0.26201923076923084 0.8076923076923077 0.2620192307692309 0.9230769230769231 0.3317307692307694 0.9230769230769231
2 0.9473476394230769 1.133674785999854e-16 2.5148662513645525e-17 5.5359165885021796e-17 8.426433280530626e-17 0.9654321610576923 0.9473476394230769 0.9654321610576923