2 0.9831730769230769 0.01682692307692314 0.02403846153846154 0.01682692307692308 0.0240384615384616 1 0.9831730769230769 1
0 0.2716346153846155 0.6442307692307693 0.1658653846153847 0.6442307692307693 0.16586538461538472 0.9110576923076923 0.27163461538461553 0.9110576923076923
0 0.35840300240384637 0.666298605769231 0.295718857476609 0.6599188473791135 0.26692591121488624 0.9428231685126212 0.32961005614212363 0.9492029269027386
0 0.4052080504807694 0.6673880048076923 0.36454614745033 0.664059094113288 0.34244245204538465 0.9340508126298135 0.3831043550758241 0.9373797233242178
0 0.4519111105769233 0.6860067956730769 0.390843606099414 0.6850486983701976 0.38760880561864475 0.8912294195240438 0.448676310096154 0.8921875168269231
0 0.527199719855455 0.9352105117386817 0.5231331385440137 0.676164492061758 0.46621011778846155 0.6770580865384616 0.47027669909990294 0.9361041062153852
0 0.5805714601738309 0.9626088600799682 0.5719025492034701 0.6852205441574429 0.5209995457604084 0.686811359558244 0.5296684567307692 0.9641996754807693
0 0.6298387601629984 0.8895406179618293 0.6268946617963221 0.6911570472584733 0.5739932355769232 0.6919421274038461 0.5769373339435993 0.890325698107202
0 0.6988255865384616 0.9248230865384616 0.6751994998491969 0.6911116427877287 0.6146909637293158 0.6972285016666356 0.6383170504185804 0.9309399454173685
0 0.7577866514423076 0.9354769423076925 0.7383767616554174 0.6855292343248455 0.6778023365384616 0.6902331899038461 0.6972122263253517 0.940180897886693
0 0.8226127668269231 0.9875185096153848 0.786791092995942 0.6907272118270599 0.728401065360984 0.6977746843793488 0.7642227391919652 0.9945659821676738
0 0.8664456274038461 0.7998144783653844 0.8415990069579518 0.691262943543729 0.7805940695901216 0.7052265095733972 0.8054406900360159 0.8137780443950529