0 0.1971153846153847 0.2956730769230769 0.06971153846153849 0.2956730769230769 0.0697115384615385 0.3870192307692308 0.1971153846153847 0.3870192307692308
0 0.21394230769230776 0.39903846153846156 0.06250000000000006 0.39903846153846156 0.06250000000000006 0.4567307692307692 0.21394230769230776 0.4567307692307692
0 0.23076923076923084 0.46634615384615385 0.06730769230769236 0.46634615384615385 0.06730769230769237 0.5288461538461539 0.23076923076923084 0.5288461538461539
0 0.22355769230769237 0.53125 0.06009615384615392 0.53125 0.06009615384615392 0.5817307692307693 0.22355769230769237 0.5817307692307693
0 0.6754807692307693 0.26682692307692313 0.30288461538461536 0.26682692307692313 0.3028846153846154 0.3846153846153847 0.6754807692307693 0.38461538461538475
0 0.46634615384615385 0.43509615384615385 0.32211538461538464 0.43509615384615385 0.32211538461538464 0.5360576923076923 0.46634615384615385 0.5360576923076923
0 0.5048076923076924 0.5552884615384616 0.31009615384615385 0.5552884615384616 0.3100961538461539 0.6490384615384616 0.5048076923076924 0.6490384615384616
0 0.5192307692307694 0.6899038461538461 0.3004807692307693 0.6899038461538461 0.3004807692307693 0.7860576923076923 0.5192307692307694 0.7860576923076923
0 0.37259615384615397 0.7980769230769231 0.28846153846153855 0.7980769230769231 0.28846153846153855 0.8990384615384616 0.37259615384615397 0.8990384615384616
0 0.7644230769230769 0.41105769230769246 0.5721153846153846 0.41105769230769246 0.5721153846153846 0.48557692307692324 0.7644230769230769 0.48557692307692324
0 0.7596153846153846 0.5024038461538463 0.5504807692307693 0.5024038461538461 0.5504807692307693 0.576923076923077 0.7596153846153846 0.5769230769230771
0 0.6418269230769231 0.5793269230769232 0.574519230769231 0.5793269230769232 0.574519230769231 0.6346153846153846 0.6418269230769231 0.6346153846153846
0 0.8028846153846154 0.6466346153846154 0.5721153846153848 0.6466346153846154 0.5721153846153848 0.71875 0.8028846153846154 0.71875
0 0.7067307692307693 0.7235576923076923 0.5649038461538463 0.7235576923076923 0.5649038461538463 0.7908653846153846 0.7067307692307693 0.7908653846153846
0 0.9423076923076923 0.2596153846153847 0.7956730769230769 0.2596153846153847 0.7956730769230769 0.33413461538461553 0.9423076923076923 0.33413461538461553
0 0.8701923076923077 0.3365384615384617 0.8076923076923077 0.3365384615384617 0.8076923076923077 0.3990384615384617 0.8701923076923077 0.3990384615384617
0 0.9495192307692307 0.40384615384615397 0.8100961538461539 0.40384615384615397 0.8100961538461539 0.4567307692307694 0.9495192307692307 0.4567307692307694
0 0.9591346153846154 0.4639423076923078 0.8028846153846154 0.4639423076923078 0.8028846153846154 0.5072115384615385 0.9591346153846154 0.5072115384615385
0 0.9399038461538461 0.512019230769231 0.8028846153846154 0.512019230769231 0.8028846153846154 0.5576923076923078 0.9399038461538461 0.5576923076923078
0 0.8990384615384616 0.5625000000000001 0.8052884615384616 0.5625000000000001 0.8052884615384616 0.5961538461538463 0.8990384615384616 0.5961538461538463
0 0.9158653846153846 0.6033653846153848 0.8052884615384616 0.6033653846153848 0.8052884615384616 0.65625 0.9158653846153846 0.65625
2 0.9794528336171748 0.9510118682183079 0.9714556608130859 0.046947726108072615 0.021533161057692315 0.05535055288461539 0.029530333861781295 0.9594146949948505