2 0.9538261129807695 1 0.8793973826902055 -0.01901386145256316 0.008322413461538463 0.044609418269230774 0.08275114375210248 1.063623279721794
0 0.6746519423076923 0.23139642067307692 0.652519557235569 0.08514606119389014 0.5640619663461539 0.09853254086538461 0.5861943514182774 0.24478290034457137
0 0.5796157860576923 0.2444473389423077 0.5538680306333886 0.0870618695779312 0.49291618990384606 0.09703339423076927 0.5186639453281496 0.25441886359514576
0 0.519041485576923 0.26106668269230765 0.4773197497866012 0.07836166726929811 0.42089372565549854 0.09124687277416957 0.46261546144582044 0.27395188819717914
0 0.4522859495192308 0.2529228293269231 0.4146928265320628 0.07610798348910683 0.35654275617169895 0.08847144050772611 0.39413587915886694 0.2652862863455424
0 0.8293140432692307 1 0.7871121021002986 0.8256992421755046 0.7171380697115386 0.8426414519230769 0.7593400108804708 1.0169422097475722
0 0.7333923677884615 0.9283571298076922 0.7204041181537237 0.8542747654136693 0.6603142414386947 0.8648098276471633 0.6733024910734323 0.9388921920411862
0 0.6809115408653845 0.9907285024038461 0.6461639248518587 0.8412727113079403 0.5886499784547384 0.8546443746618697 0.6233975944682644 1.0041001657577755
0 0.6157416009615384 1 0.5929521822655816 0.8381265183474821 0.5467544855769231 0.8446304783653846 0.5695439042728799 1.0065039600179024
0 0.5709675504807692 0.9876749399038461 0.5334447896990454 0.8308493450739545 0.4864492235573327 0.842093704695545 0.5239719843390566 0.9989192995254368
0 0.5153896754807692 0.9455541826923077 0.49747975475739065 0.8305440878007373 0.4581339967176859 0.836671196972821 0.4760439174410645 0.9516812918643913
0 0.4706418562382086 0.8378163868518393 0.41098093990384627 0.837453502403846 0.4101970043387147 0.966338370359699 0.469857920673077 0.9667012548076924