2 1.005394553098597 0.9620294250429337 0.968789014423077 0 -0.02911490165628929 0.03797057495706636 0.007490637019230772 1
0 0.7716346153846154 0.0721153846153847 0.7067307692307693 0.0721153846153847 0.7067307692307693 0.14663461538461547 0.7716346153846154 0.14663461538461547
0 0.9182692307692307 0.05769230769230781 0.8461538461538461 0.05769230769230779 0.8461538461538461 0.1298076923076924 0.9182692307692307 0.1298076923076924
0 0.6276851859951004 0.13584271606794143 0.615778014201906 0.07215018818104046 0.3998103233991133 0.11252485192079131 0.41171749519230766 0.17621737980769228
0 0.6852457946981363 0.19359375133725323 0.675762439903846 0.13182674278846154 0.24573333751340193 0.19785096260505447 0.2552166923076923 0.25961797115384616
0 0.4134598355518658 0.2845286117502227 0.39815382638601715 0.20950286615348662 0.05210972160338212 0.2800993553648024 0.06741573076923078 0.3551251009615385
0 0.9332983142602228 0.23897060602381304 0.9205457451923077 0.17756255048076916 -0.0015166147409921154 0.36904661272618683 0.011235954326923071 0.4304546682692307
0 0.9582455289553964 0.30078796973036326 0.9481004044845517 0.24880443215693882 0.0010908298560784713 0.4336231355034986 0.01123595432692308 0.48560667307692307
0 0.5316764823811023 0.4648774769235558 0.5184590697115385 0.39817056730769235 0.10154984213812854 0.48077762163413673 0.11476725480769233 0.5474845312500001
0 0.4542409817089602 0.5472388945650134 0.43924911853642173 0.4792867606843793 0.023531410865923065 0.5710040127539814 0.03852327403846155 0.6389561466346154
0 0.5251700170289755 0.6203170114315859 0.5112359543269231 0.5515200432692308 0.040640576721024654 0.6468339164530297 0.054574639423076936 0.7156308846153847
0 0.9335607876744197 0.5432454074085074 0.9173354735576922 0.4654291081730768 0.5808854406909647 0.5355816022068773 0.5971107548076924 0.6133979014423078
0 0.89424529492686 0.6219543977343037 0.880403533615101 0.5543776042145384 0.2654519790728563 0.6803381920571578 0.27929374038461535 0.747914985576923