2 0.9663461538461539 0.02644230769230775 3.2382487477454054e-18 0.026442307692307692 6.285146433124035e-17 1 0.9663461538461539 1
1 0.9399038461538461 0.875 0.2812500000000001 0.875 0.2812500000000001 1 0.9399038461538461 1
0 0.3197115384615386 0.8413461538461539 0.23798076923076936 0.8413461538461539 0.23798076923076936 0.9567307692307693 0.3197115384615386 0.9567307692307693
0 0.38942307692307704 0.8293269230769231 0.32211538461538475 0.8293269230769231 0.32211538461538475 0.9230769230769231 0.38942307692307704 0.9230769230769231
0 0.46634615384615397 0.8653846153846154 0.3990384615384617 0.8653846153846154 0.3990384615384617 0.96875 0.46634615384615397 0.96875
0 0.6274038461538461 0.10336538461538468 0.5432692307692307 0.10336538461538468 0.5432692307692307 0.24038461538461545 0.6274038461538461 0.24038461538461545
0 0.54781190625 0.2390936225961538 0.5371764125559815 0.13398196388766154 0.488136860735604 0.1389439238695658 0.49877235442962253 0.2440555825780581
0 0.5000917211538461 0.08803517307692316 0.4505520520500006 0.0854389092800928 0.4425939126269237 0.23728926985701587 0.49213358173076927 0.23988553365384624
0 0.4448008125 0.2330939110576923 0.4441795885524786 0.06778239738955437 0.3965906014743163 0.06796123198948788 0.3972118254218377 0.23327274565762582
0 0.3942307692307692 0.08413461538461542 0.3293269230769231 0.08413461538461542 0.3293269230769231 0.23317307692307698 0.3942307692307692 0.23317307692307698
0 0.33653846153846156 0.15144230769230774 0.2548076923076923 0.15144230769230774 0.2548076923076923 0.22355769230769235 0.33653846153846156 0.22355769230769237
0 0.2668269230769231 0.06971153846153849 0.17067307692307693 0.06971153846153848 0.17067307692307693 0.24759615384615385 0.2668269230769231 0.24759615384615385