2 0.9666526754807692 0.03045279326923086 0.05361762997822387 0.003886186858538144 0.025621045133854256 0.9660664037117779 0.9386560906363995 0.9926330101224706
0 0.42662806490384614 0.036837391826923124 0.33783977105306157 0.010368995320987921 0.29405296456267194 0.15725193326490067 0.3828412584134565 0.18372032977083588
0 0.4797176459323663 0.07981299881747807 0.4232298621284736 0.06920273583204105 0.4010495721153847 0.1872879735576924 0.45753735591927747 0.1978982365431294
0 0.5312484951923077 0.11198984375000007 0.48421734889952767 0.10347828991135073 0.4670718578004361 0.1982168200821114 0.5141030040932161 0.20672837392076077
0 0.5858329471153846 0.0949694927884616 0.5312320210314991 0.08432722326915648 0.5105989082932143 0.19018688614087154 0.5651998343770998 0.2008291556601767
0 0.2506819903846156 0.7842029759615385 0.18059667577559912 0.7697647325744068 0.1468574350961539 0.9335398701923078 0.21694274970517036 0.9479781135794395
0 0.31456412500000014 0.7988551682692309 0.23761131684845752 0.7939890332275834 0.23252703365384628 0.8743916250000002 0.3094798418053889 0.8792577600416477
0 0.36456925961538467 0.8061253533653847 0.2985338119484563 0.7942602065657822 0.27317173502537934 0.9354127882965516 0.3392071826923078 0.9472779350961541
0 0.543269230769231 0.8173076923076923 0.4927884615384617 0.8173076923076923 0.4927884615384617 0.9543269230769231 0.543269230769231 0.9543269230769231
0 0.41275813942307704 0.8052014326923078 0.3697914605946316 0.7956113068608057 0.3328657163461539 0.9610498653846155 0.3758323951745994 0.9706399912161175
0 0.46704502403846165 0.8009658341346154 0.41238330689807473 0.7885667834696426 0.37653567440398805 0.9466025235025354 0.43119739154437503 0.9590015741675082
0 0.5029567451923079 0.8101520192307693 0.4559770617284169 0.8025795900743257 0.43837505769230783 0.9117831971153847 0.4853547411561988 0.9193556262718284