2 0.9882861370192304 0.9682839735576922 0.976913454326923 0.010501995192307694 -0.0011340485263404 0.022115310288230904 0.010238634165967136 0.9798972886536154
0 0.9078552227888004 0.24469988255473202 0.8871298145843999 0.15275316848050238 0.5843013177571378 0.22101274986807812 0.6050267259615384 0.3129594639423078
0 0.9338251893329393 0.3254027275864117 0.9245991129807692 0.25204788942307693 0.606036063070907 0.2921145993366653 0.615262139423077 0.3654694375000001
0 0.9104088910695605 0.3862735593529282 0.9041282836538461 0.33186305528846155 0.6294523613342856 0.363568911800918 0.63573296875 0.4179794158653846
0 0.8568999635678352 0.44735231217690186 0.8540884783653847 0.4011762235576923 0.6465687022975495 0.4138113080154059 0.6493801875 0.4599873966346154
0 0.9278846153846154 0.4759615384615386 0.6418269230769231 0.4759615384615386 0.6418269230769231 0.5216346153846155 0.9278846153846154 0.5216346153846155
0 0.9350961538461539 0.5240384615384617 0.6514423076923077 0.5240384615384617 0.6514423076923077 0.5769230769230771 0.9350961538461539 0.5769230769230771
0 0.8557692307692307 0.5817307692307694 0.6394230769230769 0.5817307692307694 0.6394230769230769 0.6346153846153846 0.8557692307692307 0.6346153846153846
0 0.8942307692307693 0.6370192307692307 0.65625 0.6370192307692307 0.65625 0.6947115384615384 0.8942307692307693 0.6947115384615384
0 0.7596153846153846 0.7956730769230769 0.6682692307692307 0.7956730769230769 0.6682692307692307 0.8557692307692307 0.7596153846153846 0.8557692307692307
0 0.9759615384615384 0.7427884615384616 0.6586538461538461 0.7427884615384616 0.6586538461538461 0.8052884615384616 0.9759615384615384 0.8052884615384616
0 0.9230769230769231 0.6971153846153846 0.6514423076923077 0.6971153846153846 0.6514423076923077 0.7451923076923077 0.9230769230769231 0.7451923076923077