0 0.3173076923076924 0.33413461538461536 0.1850961538461539 0.33413461538461536 0.1850961538461539 0.7163461538461539 0.31730769230769246 0.7163461538461539
0 0.44471153846153855 0.5456730769230769 0.3389423076923077 0.5456730769230769 0.33894230769230776 0.6899038461538461 0.4447115384615386 0.6899038461538461
0 0.2764423076923077 0.03605769230769234 0.19230769230769232 0.03605769230769233 0.19230769230769232 0.22115384615384615 0.2764423076923077 0.22115384615384615
0 0.34375 0.12019230769230772 0.27163461538461536 0.12019230769230772 0.27163461538461536 0.1947115384615385 0.34375 0.19471153846153852
0 0.4014423076923077 0.04567307692307697 0.34375 0.045673076923076955 0.34375 0.20192307692307698 0.4014423076923077 0.20192307692307698
0 0.45913461538461536 0.009615384615384668 0.40384615384615385 0.009615384615384666 0.40384615384615385 0.18990384615384623 0.45913461538461536 0.18990384615384623
0 0.49759615384615385 0.04326923076923083 0.4519230769230769 0.043269230769230824 0.4519230769230769 0.19951923076923084 0.49759615384615385 0.19951923076923084
0 0.5432692307692307 0.07932692307692314 0.4951923076923077 0.07932692307692314 0.4951923076923077 0.19471153846153852 0.5432692307692307 0.19471153846153852
0 0.625 0.0504807692307693 0.5408653846153846 0.0504807692307693 0.5408653846153846 0.18750000000000006 0.625 0.18750000000000006
1 0.9375 0.6658653846153846 0.25000000000000006 0.6658653846153846 0.2500000000000001 0.9423076923076923 0.9375 0.9423076923076923
2 0.952067233173077 1.1529239101876627e-16 0.04631552564533233 -0.02765767894802028 0.01658491346153858 0.9459797980769231 0.9223366209892833 0.9736374770249434