0 0.15865384615384623 0.38461538461538464 0.08894230769230772 0.38461538461538464 0.08894230769230774 0.5769230769230769 0.15865384615384623 0.5769230769230769
0 0.31971153846153844 0.0384615384615385 0.24278846153846154 0.0384615384615385 0.24278846153846156 0.3942307692307692 0.31971153846153844 0.3942307692307692
0 0.21634615384615394 0.6706730769230769 0.11057692307692314 0.6706730769230769 0.11057692307692316 0.9014423076923077 0.216346153846154 0.9014423076923077
0 0.5416278063786829 0.46676943969413404 0.523925408237744 0.02042243532546467 0.4520327451923078 0.02327374278846154 0.46973514333324673 0.46962074715713087
0 0.24649578192528043 0.6478142842152145 0.2422723485576923 0.25022687499999996 0.1524181699977965 0.251181364823247 0.15664160336538463 0.6487687740384614
0 0.373851295673077 0.049089252403846206 0.2882205504807693 0.0490892524038462 0.2882205504807694 0.8768363966346153 0.37385129567307707 0.8768363966346153
0 0.4847913116340151 0.9031575414362346 0.4344193822115385 0.012060709134615386 0.3234793662506003 0.018331927313765296 0.37385129567307696 0.9094287596153845
0 0.5985576923076923 0.040865384615384685 0.53125 0.040865384615384685 0.53125 0.3774038461538462 0.5985576923076923 0.3774038461538463
0 0.764411028846154 0.8068866802884614 0.6867828210599727 0.04691214978182855 0.596974967694588 0.056085644974136345 0.6746031754807694 0.8160601754807693
0 0.839983483440608 0.769241371085238 0.7539315272770158 0.030874302473898083 0.6804476255671771 0.03943838090789075 0.7664995817307693 0.7778054495192307
0 0.8959899759615385 0.5961039927884616 0.8437761081730769 0.02876749038461538 0.7600503757397988 0.03647304838280571 0.8122642435282604 0.603809550786652
2 0.994152048076923 6.291655784125003e-17 0.006265663461538522 2.425962899225954e-18 0.006265663461538584 0.9958967403846154 0.994152048076923 0.9958967403846154