2 0.9784239044023628 0.9506066806394943 0.9764498055957728 0.04605966382421704 0.02561639423076923 0.048134778846153845 0.027590493037359186 0.9526817956614312
0 0.20913461538461545 0.2956730769230769 0.06730769230769235 0.2956730769230769 0.06730769230769235 0.37740384615384615 0.20913461538461545 0.37740384615384615
0 0.2163461538461539 0.38221153846153844 0.06730769230769236 0.38221153846153844 0.06730769230769236 0.44711538461538464 0.2163461538461539 0.44711538461538464
0 0.22355769230769237 0.4519230769230769 0.06971153846153852 0.4519230769230769 0.06971153846153852 0.5168269230769231 0.22355769230769237 0.5168269230769231
0 0.22596153846153852 0.5120192307692307 0.06730769230769237 0.5120192307692307 0.06730769230769237 0.5793269230769231 0.22596153846153852 0.5793269230769231
0 0.6826923076923077 0.2548076923076924 0.3076923076923077 0.2548076923076924 0.3076923076923077 0.3774038461538462 0.6826923076923077 0.3774038461538463
0 0.4639423076923077 0.41586538461538464 0.31971153846153844 0.41586538461538464 0.31971153846153844 0.5336538461538461 0.4639423076923077 0.5336538461538461
0 0.5120192307692308 0.5432692307692307 0.3076923076923077 0.5432692307692307 0.30769230769230776 0.6394230769230769 0.512019230769231 0.6394230769230769
0 0.5216346153846155 0.6706730769230769 0.3028846153846155 0.6706730769230769 0.3028846153846155 0.7740384615384616 0.5216346153846155 0.7740384615384616
0 0.3750000000000001 0.7836538461538461 0.29326923076923084 0.7836538461538461 0.2932692307692309 0.875 0.3750000000000001 0.875
0 0.7644230769230769 0.3990384615384617 0.5721153846153846 0.3990384615384617 0.5721153846153846 0.46634615384615397 0.7644230769230769 0.46634615384615397
0 0.7692307692307693 0.48317307692307704 0.5600961538461539 0.48317307692307704 0.560096153846154 0.5673076923076924 0.7692307692307693 0.5673076923076924
0 0.6394230769230769 0.5625000000000001 0.574519230769231 0.5625000000000001 0.574519230769231 0.6201923076923077 0.6394230769230769 0.6201923076923077
0 0.8076923076923077 0.6370192307692307 0.5697115384615385 0.6370192307692307 0.5697115384615385 0.7091346153846154 0.8076923076923077 0.7091346153846154
0 0.7067307692307693 0.7067307692307693 0.5697115384615385 0.7067307692307693 0.5697115384615385 0.7692307692307693 0.7067307692307693 0.7692307692307693
0 0.9399038461538461 0.26442307692307704 0.7932692307692307 0.264423076923077 0.7932692307692307 0.32932692307692324 0.9399038461538461 0.32932692307692324
0 0.8774038461538461 0.33413461538461553 0.8076923076923077 0.33413461538461553 0.8076923076923077 0.39663461538461553 0.8774038461538461 0.39663461538461553
0 0.9375 0.3942307692307694 0.8076923076923077 0.3942307692307694 0.8076923076923077 0.45432692307692324 0.9375 0.45432692307692324
0 0.9543269230769231 0.45432692307692324 0.8052884615384616 0.45432692307692324 0.8052884615384616 0.5048076923076924 0.9543269230769231 0.5048076923076924
0 0.9350961538461539 0.5024038461538463 0.7956730769230769 0.5024038461538463 0.7956730769230769 0.5528846153846155 0.9350961538461539 0.5528846153846155
0 0.9038461538461539 0.5552884615384617 0.7932692307692307 0.5552884615384617 0.7932692307692307 0.591346153846154 0.9038461538461539 0.591346153846154
0 0.9230769230769231 0.5937500000000001 0.8052884615384616 0.5937500000000001 0.8052884615384616 0.6466346153846154 0.9230769230769231 0.6466346153846154