2 1 0.020354550480769347 0.002140538461538465 0.020354550480769288 0.002140538461538525 1 1 1
0 0.5697115384615384 0.29326923076923084 0.4879807692307692 0.29326923076923084 0.4879807692307692 0.4711538461538462 0.5697115384615384 0.4711538461538463
0 0.7620192307692307 0.5192307692307694 0.6634615384615384 0.5192307692307694 0.6634615384615384 0.7379807692307693 0.7620192307692307 0.7379807692307693
0 0.6802884615384616 0.5144230769230771 0.59375 0.5144230769230771 0.5937500000000001 0.7379807692307693 0.6802884615384616 0.7379807692307693
0 0.608173076923077 0.5336538461538463 0.5384615384615384 0.5336538461538461 0.5384615384615385 0.7403846153846154 0.6081730769230771 0.7403846153846154
0 0.5384615384615385 0.4951923076923077 0.4639423076923077 0.4951923076923077 0.46394230769230776 0.7403846153846154 0.5384615384615385 0.7403846153846154
0 0.47596153846153855 0.5240384615384616 0.4014423076923077 0.5240384615384616 0.40144230769230776 0.7451923076923077 0.4759615384615386 0.7451923076923077
0 0.40144230769230776 0.5048076923076923 0.3269230769230769 0.5048076923076923 0.326923076923077 0.7403846153846154 0.4014423076923078 0.7403846153846154
0 0.37980769230769246 0.78125 0.3076923076923078 0.78125 0.3076923076923078 0.9639423076923077 0.37980769230769246 0.9639423076923077
0 0.4447115384615386 0.7788461538461539 0.37980769230769246 0.7788461538461539 0.37980769230769246 0.9711538461538461 0.4447115384615386 0.9711538461538461
0 0.5072115384615385 0.8701923076923077 0.44230769230769246 0.8701923076923077 0.44230769230769246 0.9759615384615384 0.5072115384615385 0.9759615384615384
0 0.6490384615384616 0.7956730769230769 0.5817307692307694 0.7956730769230769 0.5817307692307694 0.9639423076923077 0.6490384615384616 0.9639423076923077
0 0.16346153846153846 0.19471153846153846 0.07692307692307696 0.19471153846153846 0.07692307692307696 0.2764423076923077 0.16346153846153846 0.2764423076923077
0 0.3125 0.38221153846153844 0.24278846153846162 0.38221153846153844 0.24278846153846162 0.4254807692307692 0.3125 0.4254807692307692
0 0.28605769230769235 0.24759615384615388 0.21394230769230768 0.24759615384615385 0.21394230769230774 0.30528846153846156 0.2860576923076924 0.3052884615384616
0 0.41586538461538464 0.3798076923076923 0.3389423076923077 0.3798076923076923 0.3389423076923077 0.4182692307692308 0.41586538461538464 0.4182692307692308
0 0.38221153846153844 0.2548076923076924 0.3173076923076923 0.2548076923076924 0.3173076923076923 0.3076923076923077 0.38221153846153844 0.3076923076923077
0 0.49038461538461536 0.3701923076923077 0.42788461538461536 0.3701923076923077 0.42788461538461536 0.43509615384615385 0.49038461538461536 0.43509615384615385
0 0.46875 0.26201923076923084 0.40384615384615385 0.26201923076923084 0.40384615384615385 0.31009615384615385 0.46875 0.31009615384615385
0 0.6442307692307693 0.20432692307692316 0.5721153846153846 0.20432692307692316 0.5721153846153846 0.3052884615384616 0.6442307692307693 0.3052884615384616
0 0.6274038461538461 0.37259615384615397 0.5649038461538461 0.37259615384615397 0.5649038461538461 0.42067307692307704 0.6274038461538461 0.42067307692307704
0 0.7205043749999999 1.0000000000000002 0.6962659927783096 0.7659856321081742 0.6348836662605812 0.7723433968266252 0.6591220484822716 1.0063577647184512
0 0.7875320384615385 0.7642530937500001 0.7129115649038463 0.762337545673077 0.7069655819432936 0.9939642375988356 0.7815860555009858 0.9958797856757585
0 0.8674647362637492 0.7759609850936214 0.7976250673076924 0.7598675576923077 0.7525178769766957 0.9556164905763931 0.8223575459327525 0.9717099179777068
0 0.9503174014423077 0.7874214254807695 0.8609873620641242 0.7744557970713681 0.8370543317307694 0.9393485793269232 0.9263843711089529 0.9523142077363246