2 0.9567307692307693 5.858286370921233e-17 0 0 6.123233995736766e-17 1 0.9567307692307693 1
1 0.9663461538461539 0.389423076923077 0.29326923076923084 0.3894230769230769 0.29326923076923084 0.6634615384615384 0.9663461538461539 0.6634615384615384
0 0.3197115384615386 0.8004807692307693 0.22596153846153852 0.8004807692307693 0.22596153846153857 0.9519230769230769 0.3197115384615386 0.9519230769230769
0 0.3942307692307694 0.7716346153846154 0.3245192307692309 0.7716346153846154 0.3245192307692309 0.9519230769230769 0.3942307692307694 0.9519230769230769
0 0.4567307692307694 0.7716346153846154 0.3822115384615386 0.7716346153846154 0.3822115384615386 0.9447115384615384 0.4567307692307694 0.9447115384615384
0 0.512019230769231 0.7764423076923077 0.4399038461538463 0.7764423076923077 0.4399038461538463 0.9495192307692307 0.512019230769231 0.9495192307692307
0 0.5721153846153848 0.7475961538461539 0.4951923076923078 0.7475961538461539 0.4951923076923078 0.9399038461538461 0.5721153846153848 0.9399038461538461
0 0.2668269230769231 2.7525114355835942e-17 0.18269230769230768 2.23733549844228e-17 0.18269230769230768 0.1274038461538462 0.2668269230769231 0.1274038461538462
0 0.33653846153846156 0.02644230769230773 0.2620192307692308 0.026442307692307727 0.2620192307692308 0.09615384615384619 0.33653846153846156 0.09615384615384619
0 0.4519230769230769 5.137040058923393e-17 0.3870192307692308 4.739618621700093e-17 0.3870192307692308 0.0961538461538462 0.4519230769230769 0.09615384615384623
0 0.5072115384615384 5.858286370921233e-17 0.4495192307692308 5.5050228711671884e-17 0.4495192307692308 0.10096153846153853 0.5072115384615384 0.10096153846153853
0 0.5504807692307693 6.358742995572795e-17 0.4879807692307692 5.976040870839248e-17 0.4879807692307692 0.11057692307692314 0.5504807692307693 0.11057692307692314
0 0.6129807692307693 7.109427932550139e-17 0.5480769230769231 6.712006495326839e-17 0.5480769230769231 0.10096153846153853 0.6129807692307693 0.10096153846153853
0 0.3942307692307692 4.445232371905056e-17 0.3317307692307692 4.0625302471715086e-17 0.3317307692307692 0.10096153846153849 0.3942307692307692 0.10096153846153849