1 0.44471153846153855 0.40625 0.21875000000000006 0.40625 0.2187500000000001 1 0.4447115384615386 1
2 0.9811726730769235 0.045766591346153976 0.016919394315102674 0.029790798048366523 0.0018575337381795676 0.9388817067022125 0.9661108125000003 0.9548575
0 0.18947636477067414 0.3901457909019451 0.18719741826923078 0.29540253846153847 0.06119604147932589 0.2984333653480549 0.06347498798076924 0.3931766177884616
0 0.20170030455366328 0.44506918214253466 0.20010353406353898 0.39304466206575167 0.060247444711538464 0.3973372163461538 0.06184421520166276 0.4493617364229368
0 0.21283473654326152 0.5158398641413375 0.21194190384615386 0.4535053052884615 0.05911356219704353 0.4556943019378341 0.06000639489415121 0.5180288607907102
0 0.2054868221153847 0.5179945913461539 0.05917159855769238 0.5179945913461539 0.05917159855769238 0.5741626802884615 0.2054868221153847 0.5741626802884615
0 0.9611025854406923 0.2519641809240036 0.9375101014083663 0.16539458843841176 0.7628518404869049 0.21299354453363892 0.7864443245192307 0.29956313701923076
0 0.8718098395558893 0.36492078403403827 0.8703604086538461 0.2808404423076923 0.798013251416987 0.2820876090439476 0.7994626823190301 0.36616795077029357
0 0.9484527509197386 0.40483393435546655 0.9424421730769231 0.34532972836538467 0.7901163716764151 0.36071630602914895 0.7961269495192306 0.42022051201923083
0 0.9689660862603913 0.4548570630257972 0.9639591177884616 0.40565841346153836 0.7932716757588396 0.42302935043574114 0.7982786442307692 0.472228
0 0.9453271587509428 0.5115931594021975 0.9424421730769232 0.45974620432692315 0.7900144229798267 0.4682279343478027 0.7928994086538463 0.520074889423077
0 0.9024055890240457 0.5616198723601229 0.9015599783653846 0.5200748894230769 0.7963571874182619 0.5222161973514156 0.797202798076923 0.5637611802884616
0 0.9230769230769232 0.5700020793269233 0.7923708819301584 0.5612800259535915 0.7880674925070814 0.6257693120112837 0.9187735336538463 0.6344913653846155