0 0.9579357115384617 0.6703655528846155 0.9533561682692309 0.4738033677884616 0.8571616811863877 0.47604452529107 0.8617412244556186 0.672606710387224
0 0.8726306440127374 0.39162264308361866 0.8090327596153847 0.39005779567307697 0.7988299978141857 0.8047142415317661 0.8624278822115384 0.8062790889423077
0 0.9366006632605135 0.14114805080290727 0.8027677692307693 0.1254947259615386 0.7753355805591002 0.36003462318495993 0.9091684745888444 0.3756879480263286
0 0.8252698245192308 0.9818529735576923 0.7992023805423647 0.6412230467041053 0.7311145047002123 0.6464336190851457 0.7571819486770786 0.9870635459387327
0 0.7437046730769232 0.9737530264423077 0.7093895594610953 0.14462758175351872 0.63465296875 0.1477207139423077 0.6689680823658279 0.9768461586310966
0 0.7011345236876214 0.9917128695091961 0.6333391272339189 0.09702482770671272 0.5528155528846154 0.10312653846153849 0.6206109493383178 0.9978145802640219
0 0.6084430817307693 0.9711820961538463 0.5803162897378922 0.5322695726742315 0.49751978846153855 0.5375754134615385 0.5256465804544157 0.9764879369411533
0 0.5296213485576923 0.9412137764423076 0.5004456823095265 0.5881401574132198 0.4262530075005806 0.5942709488448679 0.45542867374874635 0.9473445678739557
0 0.45512993503493937 0.9202706663674334 0.3291920191816222 0.13519937876807886 0.25632845192307696 0.14688785336538462 0.38226636777639406 0.9319591409647392
0 0.3662814206730769 0.9221178581730769 0.2548769748165454 0.17018602974404104 0.18367462499999998 0.1807352019230769 0.2950790708565315 0.9326670303521127
0 0.29078441105769226 0.9115979254807692 0.20492983600234196 0.3358912933004686 0.12372745913461539 0.3480009254807692 0.20958203418996568 0.9237075576610698
2 1 0.04417438221153853 0.0028308221153846205 0.044174382211538465 0.0028308221153846794 1 1 1