2 0.9989600272016681 0.0150431917771284 0.02290480528846154 0.011245050480769235 0.019110328531361007 0.9863585505358112 0.9951655504445676 0.9901566918321704
0 0.4751813424067025 0.7469483181872257 0.4501816802884615 0.6449900985576923 0.1144151407663744 0.7273184294089281 0.13941480288461536 0.8292766490384615
0 0.43409680708972864 0.642540218473443 0.4226255673076923 0.5902744110576924 0.08256725300642526 0.6649100219111728 0.09403849278846156 0.7171758293269234
0 0.43025029786301455 0.5855046753425904 0.42184321634615374 0.5436029663461539 0.26166019973313914 0.5757417910035637 0.27006728125 0.6176435000000002
0 0.4154008838109702 0.5422496185862851 0.4058402047573507 0.4936280204814754 0.19557153729253432 0.5349740749721135 0.20513221634615378 0.5835956730769231
0 0.4206730769230769 0.44711538461538464 0.1754807692307693 0.44711538461538464 0.1754807692307693 0.5168269230769231 0.4206730769230769 0.5168269230769231
0 0.41346153846153844 0.39903846153846156 0.17788461538461545 0.39903846153846156 0.17788461538461545 0.46875 0.41346153846153844 0.46875
0 0.41586538461538464 0.34375 0.18028846153846162 0.34375 0.18028846153846162 0.4182692307692308 0.41586538461538464 0.4182692307692308
0 0.408543264423077 0.3449535192307692 0.4084607722842629 0.29794547533874577 0.14950286122657058 0.29839990803105343 0.14958535336538464 0.34540795192307694
0 0.4140197163461539 0.2626795817307693 0.12611484855769237 0.2364541105769231 0.12157562298504036 0.2862860137175734 0.4094804907735019 0.31251148487141955
0 0.4054138629807692 0.2108501153846154 0.11985604807692307 0.18441930769230772 0.1155149126003323 0.23132083167629147 0.40107272750417844 0.2577516393685992
1 0.19711538461538464 0.007211538461538473 8.831587493851104e-19 0.007211538461538462 4.356916496966545e-17 0.7043269230769231 0.1971153846153847 0.7043269230769231