0 0.29086538461538464 0.1634615384615385 0.15384615384615385 0.16346153846153846 0.15384615384615385 0.24038461538461542 0.29086538461538464 0.24038461538461545
0 0.7475961538461539 0.7908653846153846 0.39663461538461553 0.7908653846153846 0.39663461538461553 0.8557692307692307 0.7475961538461539 0.8557692307692307
0 0.6418269230769231 0.7307692307692307 0.41105769230769246 0.7307692307692307 0.41105769230769246 0.7980769230769231 0.6418269230769231 0.7980769230769231
0 0.5961538461538463 0.6754807692307693 0.39663461538461553 0.6754807692307693 0.39663461538461553 0.7331730769230769 0.5961538461538463 0.7331730769230769
0 0.5576923076923078 0.6033653846153846 0.4062500000000001 0.6033653846153846 0.4062500000000001 0.6586538461538461 0.5576923076923078 0.6586538461538461
0 0.5817307692307693 0.5432692307692308 0.38461538461538464 0.5432692307692307 0.3846153846153847 0.6105769230769231 0.5817307692307694 0.6105769230769232
0 0.6080525889423077 0.21966527163461538 0.5970455480529259 0.16670575870553428 0.1944161297836951 0.25038776832091886 0.20542317067307694 0.30334728125
0 0.4011438652775214 0.3151330816665262 0.39347608500586656 0.2683446792746563 0.20542317067307697 0.2991631802884616 0.21309095094473188 0.3459515826803315
0 0.3197769417710028 0.39958125387839366 0.3060805264423077 0.3368200841346154 0.21021484188284337 0.3577409216023756 0.22391125721153843 0.4205020913461539
0 0.6329838596366268 0.4323862351185773 0.6223540656022924 0.36256204253503416 0.2194441578887426 0.4238996559741492 0.23007395192307695 0.49372384855769236
0 0.6791714286311963 0.5480556166700876 0.6758422355769232 0.47907949759615387 0.23799820870097724 0.50021242465411 0.24132740175525028 0.5691885437280437
2 1 1.2276504599220482e-16 0.05654923009097197 -0.005426585950154943 0.05079738153327966 0.9945734140498449 0.9942481514423077 1