2 0.9829506886436234 0.0517476458735142 0.025940336538461544 0.044934639423076926 0.019455909710350057 0.9557900227425719 0.976466261815512 0.9626030291930091
0 0.20432692307692316 0.30288461538461536 0.06730769230769235 0.30288461538461536 0.06730769230769235 0.38221153846153844 0.20432692307692316 0.38221153846153844
0 0.21394230769230776 0.3870192307692308 0.06250000000000006 0.3870192307692308 0.06250000000000006 0.4567307692307692 0.21394230769230776 0.4567307692307692
0 0.2283653846153847 0.4639423076923077 0.06250000000000006 0.4639423076923077 0.06250000000000006 0.5168269230769231 0.2283653846153847 0.5168269230769231
0 0.22355769230769237 0.5240384615384616 0.06250000000000007 0.5240384615384616 0.06250000000000007 0.5793269230769231 0.22355769230769237 0.5793269230769231
0 0.6899038461538461 0.2548076923076924 0.3125 0.2548076923076924 0.3125 0.37500000000000006 0.6899038461538461 0.3750000000000001
0 0.4639423076923077 0.41586538461538464 0.3245192307692308 0.41586538461538464 0.3245192307692308 0.5288461538461539 0.4639423076923077 0.5288461538461539
0 0.5120192307692308 0.5408653846153846 0.3125 0.5408653846153846 0.31250000000000006 0.6490384615384616 0.512019230769231 0.6490384615384616
0 0.5168269230769232 0.6706730769230769 0.3004807692307693 0.6706730769230769 0.3004807692307693 0.78125 0.5168269230769232 0.78125
0 0.37980769230769246 0.7932692307692307 0.29807692307692313 0.7932692307692307 0.2980769230769232 0.8990384615384616 0.37980769230769246 0.8990384615384616
0 0.7788461538461539 0.4014423076923078 0.5769230769230769 0.4014423076923078 0.5769230769230769 0.4759615384615386 0.7788461538461539 0.4759615384615386
0 0.7764423076923077 0.49759615384615397 0.5673076923076923 0.49759615384615397 0.5673076923076924 0.5673076923076924 0.7764423076923077 0.5673076923076924
0 0.6490384615384616 0.5697115384615385 0.5793269230769232 0.5697115384615385 0.5793269230769232 0.6201923076923077 0.6490384615384616 0.6201923076923077
0 0.8125 0.6346153846153846 0.5721153846153848 0.6346153846153846 0.5721153846153848 0.7091346153846154 0.8125 0.7091346153846154
0 0.7067307692307693 0.7139423076923077 0.5697115384615385 0.7139423076923077 0.5697115384615385 0.7836538461538461 0.7067307692307693 0.7836538461538461
0 0.9495192307692307 0.2500000000000001 0.8028846153846154 0.25000000000000006 0.8028846153846154 0.32692307692307704 0.9495192307692307 0.32692307692307704
0 0.8918269230769231 0.3317307692307694 0.8100961538461539 0.3317307692307694 0.8100961538461539 0.3942307692307694 0.8918269230769231 0.3942307692307694
0 0.9519230769230769 0.39663461538461553 0.8028846153846154 0.39663461538461553 0.8028846153846154 0.44711538461538475 0.9519230769230769 0.44711538461538475
0 0.9615384615384616 0.44711538461538475 0.8076923076923077 0.44711538461538475 0.8076923076923077 0.49759615384615397 0.9615384615384616 0.49759615384615397
0 0.9447115384615384 0.5072115384615385 0.8028846153846154 0.5072115384615385 0.8028846153846154 0.5480769230769232 0.9447115384615384 0.5480769230769232
0 0.9110576923076923 0.5480769230769232 0.8076923076923077 0.5480769230769232 0.8076923076923077 0.5889423076923078 0.9110576923076923 0.5889423076923078
0 0.9302884615384616 0.5889423076923078 0.8028846153846154 0.5889423076923078 0.8028846153846154 0.6346153846153846 0.9302884615384616 0.6346153846153846