2 0.9899265039819425 0.010784958589059842 0.05325273557692307 6.4051328343759035e-18 0.041741684761598404 0.9997348859947593 0.9784154531666178 1.0105198445838193
0 0.8285053409782084 0.11739251773708456 0.6755679567307691 0.09416195913461545 0.6661140292140991 0.15640148466676174 0.8190514134615383 0.17963204326923085
0 0.8927859711538461 0.2317832836538462 0.8835558834728705 0.14530359923400502 0.8454392178180158 0.1493718398671776 0.8546693054989914 0.23585152428701878
0 0.8512907638490735 0.19206094774042187 0.5599840576923077 0.14196725961538467 0.550277154686376 0.198415208398535 0.8415838608431419 0.24850889652357216
0 0.6784602278426951 0.22143437133254978 0.2859705072115385 0.15065913461538466 0.27154958789831524 0.23063149295747587 0.6640393085294718 0.301406729674641
0 0.8041052211538461 0.24916702884615394 0.28995615865384616 0.24916702884615394 0.2899561586538462 0.3302911778846154 0.8041052211538461 0.33029117788461543
0 0.8705791124320529 0.3809362309817343 0.8677956633911295 0.2983564989453012 0.22120366826923077 0.3201506586538461 0.22398711731015425 0.4027303906902792
0 0.7483060985576923 0.4635665649038463 0.7444132116758908 0.3852855447046786 0.24810681490384612 0.4099666826923076 0.25199970178564757 0.4882477028914754
0 0.6887146666922018 0.5340759834303177 0.6702057532358724 0.4363028883530192 0.2774257211590552 0.5106580227111632 0.29593463461538466 0.6084311177884616
0 0.7154244711538461 0.5997392427884618 0.6991277113569663 0.5262560561081335 0.2876091801069661 0.6175207243773642 0.3039059399038462 0.6910039110576924
0 0.8392401029846978 0.6297091104057361 0.8164858811763742 0.5550056741441213 0.2442844392493688 0.7292948257576158 0.26703866105769225 0.8039982620192306
0 0.7665813603136419 0.7172603184815391 0.7380385363846703 0.6423142772419793 0.25543485635949 0.8261114683758249 0.2839776802884615 0.9010575096153848