0 0.20432692307692316 0.3004807692307692 0.07211538461538465 0.3004807692307692 0.07211538461538466 0.3870192307692308 0.20432692307692316 0.3870192307692308
0 0.22115384615384623 0.39903846153846156 0.06250000000000006 0.39903846153846156 0.06250000000000006 0.4543269230769231 0.22115384615384623 0.4543269230769231
0 0.2283653846153847 0.46634615384615385 0.07211538461538466 0.46634615384615385 0.07211538461538468 0.5216346153846154 0.2283653846153847 0.5216346153846154
0 0.22115384615384623 0.5264423076923077 0.06730769230769237 0.5264423076923077 0.06730769230769237 0.5865384615384616 0.22115384615384623 0.5865384615384616
0 0.6971153846153846 0.264423076923077 0.30528846153846156 0.264423076923077 0.30528846153846156 0.38701923076923084 0.6971153846153846 0.3870192307692309
0 0.4879807692307692 0.4230769230769231 0.3269230769230769 0.4230769230769231 0.3269230769230769 0.5216346153846154 0.4879807692307692 0.5216346153846154
0 0.514423076923077 0.5384615384615384 0.31490384615384615 0.5384615384615384 0.3149038461538462 0.6418269230769231 0.5144230769230771 0.6418269230769231
0 0.5360576923076924 0.6778846153846154 0.3004807692307693 0.6778846153846154 0.3004807692307693 0.7740384615384616 0.5360576923076924 0.7740384615384616
0 0.3774038461538463 0.7932692307692307 0.29326923076923084 0.7932692307692307 0.2932692307692309 0.8966346153846154 0.3774038461538463 0.8966346153846154
0 0.9278846153846154 0.591346153846154 0.8076923076923077 0.591346153846154 0.8076923076923077 0.6634615384615384 0.9278846153846154 0.6634615384615384
0 0.9038461538461539 0.5456730769230771 0.8028846153846154 0.5456730769230771 0.8028846153846154 0.5865384615384617 0.9038461538461539 0.5865384615384617
0 0.9423076923076923 0.5000000000000001 0.7980769230769231 0.5000000000000001 0.7980769230769231 0.5480769230769232 0.9423076923076923 0.5480769230769232
0 0.9567307692307693 0.45192307692307704 0.8125 0.45192307692307704 0.8125 0.5024038461538463 0.9567307692307693 0.5024038461538463
0 0.9399038461538461 0.3990384615384617 0.8100961538461539 0.3990384615384617 0.8100961538461539 0.4495192307692309 0.9399038461538461 0.4495192307692309
0 0.8798076923076923 0.33413461538461553 0.8149038461538461 0.33413461538461553 0.8149038461538461 0.3942307692307694 0.8798076923076923 0.3942307692307694
0 0.9375 0.25721153846153855 0.7860576923076923 0.25721153846153855 0.7860576923076923 0.3317307692307694 0.9375 0.3317307692307694
1 0.8076923076923077 0.39182692307692324 0.6274038461538461 0.39182692307692324 0.6274038461538461 0.9975961538461539 0.8076923076923077 0.9975961538461539
2 0.973570871685474 0.06349333329308837 0.02492352884615386 0.05689900480769232 0.018552836502164535 0.973374484844293 0.9672001793414847 0.9799688133296891