2 1 0.025616302884615506 0.052093959134615446 0.02561630288461545 0.0520939591346155 1 1 1
0 0.25000000000000006 0.6538461538461539 0.18028846153846162 0.6538461538461539 0.18028846153846162 0.7668269230769231 0.25000000000000006 0.7668269230769231
0 0.23317307692307693 0.08173076923076926 0.16826923076923078 0.08173076923076926 0.16826923076923078 0.13461538461538464 0.23317307692307693 0.13461538461538464
0 0.2740384615384616 0.3125 0.23557692307692316 0.3125 0.23557692307692316 0.36778846153846156 0.2740384615384616 0.36778846153846156
0 0.3317307692307693 0.46153846153846156 0.2716346153846155 0.46153846153846156 0.2716346153846155 0.6538461538461539 0.3317307692307694 0.6538461538461539
0 0.38701923076923084 0.4639423076923077 0.33413461538461536 0.4639423076923077 0.3341346153846155 0.5841346153846154 0.3870192307692309 0.5841346153846154
0 0.4423076923076923 0.2283653846153847 0.40865384615384615 0.2283653846153847 0.40865384615384615 0.29807692307692313 0.4423076923076923 0.29807692307692313
0 0.5336538461538463 0.08413461538461545 0.45913461538461536 0.08413461538461545 0.4591346153846155 0.6850961538461539 0.5336538461538463 0.6850961538461539
0 0.5504807692307693 0.06971153846153853 0.5072115384615384 0.06971153846153853 0.5072115384615384 0.12019230769230776 0.5504807692307693 0.12019230769230776
0 0.608173076923077 0.28846153846153855 0.53125 0.28846153846153855 0.5312500000000001 0.6538461538461539 0.6081730769230771 0.6538461538461539
0 0.7379807692307693 0.3990384615384617 0.6586538461538461 0.3990384615384617 0.6586538461538461 0.7379807692307693 0.7379807692307693 0.7379807692307693
0 0.7980769230769231 0.44230769230769246 0.7259615384615384 0.44230769230769246 0.7259615384615384 0.7211538461538461 0.7980769230769231 0.7211538461538461
0 0.6884043725961538 0.3264045504807693 0.6499440636886207 0.16373505112195538 0.6042043533653845 0.17454939182692317 0.6426646622729177 0.337218891185737
0 0.7203835288461539 0.1914735552884615 0.6980637358535051 0.09583165888490841 0.6527011826923075 0.10641784374999999 0.6750209756849562 0.20205974015355307
0 0.7781391586538462 0.40645753125000006 0.7262685972214947 0.25807835156479925 0.6873952908653845 0.27166772596153843 0.7392658522977361 0.4200469056467392
0 0.881869670673077 0.487447108173077 0.7629199290039639 0.06620227393459445 0.7072046466346154 0.08193497355769233 0.8261543883037284 0.5031798077961749
0 0.9094120480769232 0.40978676923076923 0.824697099971696 0.07905416967836457 0.7719167283653845 0.09257350961538459 0.8566316764706117 0.42330610916778927