2 1 6.123233995736766e-17 0 0 6.123233995736766e-17 1 1 1
0 0.23317307692307693 0.13942307692307696 0.15625 0.13942307692307696 0.15625 0.23557692307692307 0.23317307692307693 0.23557692307692307
0 0.39903846153846156 0.18028846153846162 0.34615384615384615 0.18028846153846162 0.34615384615384615 0.2716346153846155 0.39903846153846156 0.2716346153846155
0 0.9278846153846154 0.3629807692307694 0.8269230769230769 0.3629807692307694 0.8269230769230769 0.6754807692307693 0.9278846153846154 0.6754807692307693
0 0.8485576923076923 0.3750000000000001 0.7668269230769231 0.3750000000000001 0.7668269230769231 0.5961538461538463 0.8485576923076923 0.5961538461538463
0 0.7740384615384616 0.35817307692307704 0.6947115384615384 0.35817307692307704 0.6947115384615384 0.5360576923076924 0.7740384615384616 0.5360576923076924
0 0.6971153846153846 0.36057692307692324 0.6201923076923077 0.36057692307692324 0.6201923076923077 0.5024038461538463 0.6971153846153846 0.5024038461538463
0 0.6370192307692307 0.3437500000000001 0.5673076923076923 0.3437500000000001 0.5673076923076923 0.5000000000000001 0.6370192307692307 0.5000000000000001
0 0.5817307692307693 0.19951923076923084 0.49759615384615385 0.19951923076923084 0.4975961538461539 0.5745192307692308 0.5817307692307694 0.574519230769231
0 0.5 0.17788461538461545 0.4014423076923077 0.17788461538461545 0.4014423076923077 0.5432692307692307 0.5 0.5432692307692307
0 0.2940578990384616 0.17477265144230772 0.2166921431799818 0.16597634176404577 0.17825730048076924 0.5040204495192308 0.255623056339249 0.5128167591974927
0 0.33910378642038896 0.17939627272672917 0.29168344139567287 0.17622208602655443 0.28138409375000006 0.33008783653846163 0.3288044387747161 0.33326202323863635