2 1 0.05979281971153852 0.025013810096153853 0.05979281971153846 0.02501381009615391 1 1 1
0 0.9495192307692307 0.3437500000000001 0.8173076923076923 0.3437500000000001 0.8173076923076923 0.4326923076923078 0.9495192307692307 0.4326923076923078
0 0.9471153846153846 0.4326923076923078 0.8149038461538461 0.4326923076923078 0.8149038461538461 0.5096153846153848 0.9471153846153846 0.5096153846153848
0 0.9591346153846154 0.5096153846153848 0.8605769230769231 0.5096153846153848 0.8605769230769231 0.5697115384615385 0.9591346153846154 0.5697115384615385
0 0.9615384615384616 0.5673076923076924 0.8846153846153846 0.5673076923076924 0.8846153846153846 0.6298076923076923 0.9615384615384616 0.6298076923076923
0 0.7283653846153846 0.25721153846153855 0.3485576923076923 0.25721153846153855 0.3485576923076923 0.4038461538461539 0.7283653846153846 0.40384615384615397
0 0.7211538461538461 0.44711538461538475 0.5649038461538461 0.44711538461538475 0.5649038461538461 0.5528846153846155 0.7211538461538461 0.5528846153846155
0 0.7355769230769231 0.560096153846154 0.5336538461538463 0.5600961538461539 0.5336538461538463 0.6802884615384616 0.7355769230769231 0.6802884615384616
0 0.75 0.7115384615384616 0.5360576923076924 0.7115384615384616 0.5360576923076924 0.8317307692307693 0.75 0.8317307692307693
0 0.23317307692307698 0.5865384615384616 0.09375000000000007 0.5865384615384616 0.09375000000000007 0.6538461538461539 0.23317307692307698 0.6538461538461539
0 0.23076923076923084 0.5288461538461539 0.12500000000000006 0.5288461538461539 0.12500000000000006 0.5865384615384616 0.23076923076923084 0.5865384615384616
0 0.23076923076923084 0.4855769230769231 0.0865384615384616 0.4855769230769231 0.0865384615384616 0.5432692307692307 0.23076923076923084 0.5432692307692307
0 0.22355769230769237 0.42788461538461536 0.06250000000000006 0.42788461538461536 0.06250000000000006 0.4855769230769231 0.22355769230769237 0.4855769230769231
0 0.22596153846153852 0.36538461538461536 0.07932692307692311 0.36538461538461536 0.07932692307692313 0.4326923076923077 0.22596153846153852 0.4326923076923077
0 0.2163461538461539 0.30528846153846156 0.1418269230769231 0.30528846153846156 0.1418269230769231 0.3605769230769231 0.2163461538461539 0.3605769230769231
0 0.2307692307692308 0.21634615384615385 0.06490384615384619 0.21634615384615385 0.06490384615384619 0.30288461538461536 0.23076923076923084 0.30288461538461536
1 0.9711538461538461 0.47355769230769246 0.7427884615384616 0.47355769230769246 0.7427884615384616 1 0.9711538461538461 1