0 0.7115384615384616 0.48557692307692313 0.5216346153846154 0.4855769230769231 0.5216346153846154 0.5504807692307693 0.7115384615384616 0.5504807692307694
2 0.6850961538461539 0.26201923076923084 0.6850961538461539 0.26201923076923084 0.6850961538461539 0.26682692307692313 0.6850961538461539 0.26682692307692313
0 0.625 0.2283653846153847 0.5817307692307693 0.2283653846153847 0.5817307692307693 0.32211538461538475 0.625 0.32211538461538475
0 0.7403846153846154 0.20432692307692316 0.6995192307692307 0.20432692307692316 0.6995192307692307 0.2908653846153847 0.7403846153846154 0.2908653846153847
0 0.7331730769230769 0.5697115384615385 0.6971153846153846 0.5697115384615385 0.6971153846153846 0.6370192307692307 0.7331730769230769 0.6370192307692307
0 0.6177884615384616 0.560096153846154 0.5817307692307694 0.560096153846154 0.5817307692307694 0.6177884615384616 0.6177884615384616 0.6177884615384616
0 0.78125 0.574519230769231 0.7572115384615384 0.574519230769231 0.7572115384615384 0.6418269230769231 0.78125 0.6418269230769231
0 0.6153846153846154 0.6514423076923077 0.5793269230769232 0.6514423076923077 0.5793269230769232 0.7139423076923077 0.6153846153846154 0.7139423076923077
0 0.7019230769230769 0.6466346153846154 0.6586538461538461 0.6466346153846154 0.6586538461538461 0.7283653846153846 0.7019230769230769 0.7283653846153846
0 0.8004807692307693 0.6730769230769231 0.7644230769230769 0.6730769230769231 0.7644230769230769 0.7211538461538461 0.8004807692307693 0.7211538461538461
0 0.8605769230769231 0.6754807692307693 0.8317307692307693 0.6754807692307693 0.8317307692307693 0.7427884615384616 0.8605769230769231 0.7427884615384616
0 0.8293269230769231 0.8365384615384616 0.7980769230769231 0.8365384615384616 0.7980769230769231 0.9134615384615384 0.8293269230769231 0.9134615384615384
0 0.75 0.8221153846153846 0.71875 0.8221153846153846 0.71875 0.8918269230769231 0.75 0.8918269230769231
0 0.6923076923076923 0.8076923076923077 0.6634615384615384 0.8076923076923077 0.6634615384615384 0.8894230769230769 0.6923076923076923 0.8894230769230769
0 0.6081730769230771 0.8197115384615384 0.5793269230769232 0.8197115384615384 0.5793269230769232 0.8846153846153846 0.6081730769230771 0.8846153846153846
0 0.5961538461538463 0.7307692307692307 0.5673076923076924 0.7307692307692307 0.5673076923076924 0.7908653846153846 0.5961538461538463 0.7908653846153846
0 0.7307692307692307 0.39663461538461553 0.6995192307692307 0.39663461538461553 0.6995192307692307 0.4687500000000001 0.7307692307692307 0.4687500000000001
0 0.6105769230769231 0.4134615384615386 0.5769230769230769 0.4134615384615386 0.5769230769230769 0.47355769230769246 0.6105769230769231 0.47355769230769246
0 0.6153846153846154 0.33413461538461553 0.5841346153846154 0.33413461538461553 0.5841346153846154 0.38942307692307704 0.6153846153846154 0.38942307692307704
0 0.7403846153846154 0.31009615384615397 0.6995192307692307 0.31009615384615397 0.6995192307692307 0.3774038461538463 0.7403846153846154 0.3774038461538463
0 0.7331730769230769 0.6610576923076923 0.7091346153846154 0.6610576923076923 0.7091346153846154 0.7259615384615384 0.7331730769230769 0.7259615384615384
0 0.7019230769230769 0.7139423076923077 0.6875 0.7139423076923077 0.6875 0.7211538461538461 0.7019230769230769 0.7211538461538461
0 0.37259615384615385 0.14903846153846156 0.2764423076923077 0.14903846153846156 0.2764423076923077 0.22355769230769235 0.37259615384615385 0.22355769230769237
0 0.47596153846153844 0.12980769230769235 0.3798076923076923 0.12980769230769235 0.3798076923076923 0.21394230769230776 0.47596153846153844 0.21394230769230776
0 0.41346153846153844 0.2259615384615385 0.2764423076923077 0.22596153846153846 0.2764423076923077 0.3125 0.41346153846153844 0.3125
0 0.4855769230769231 0.22596153846153852 0.43028846153846156 0.22596153846153852 0.43028846153846156 0.28846153846153855 0.4855769230769231 0.28846153846153855
0 0.4831730769230769 0.3004807692307693 0.2692307692307693 0.3004807692307692 0.2692307692307693 0.38461538461538464 0.4831730769230769 0.38461538461538464
0 0.4663461538461539 0.5024038461538461 0.33413461538461536 0.5024038461538461 0.3341346153846155 0.5889423076923077 0.46634615384615397 0.5889423076923077
0 0.4951923076923077 0.4423076923076923 0.43028846153846156 0.4423076923076923 0.43028846153846156 0.5 0.4951923076923077 0.5
0 0.48557692307692324 0.5865384615384616 0.26682692307692313 0.5865384615384616 0.26682692307692313 0.6490384615384616 0.48557692307692324 0.6490384615384616
0 0.4951923076923078 0.65625 0.264423076923077 0.65625 0.264423076923077 0.7524038461538461 0.4951923076923078 0.7524038461538461
0 0.04567307692307695 0.20673076923076922 2.5317217482373165e-17 0.20673076923076922 2.988020435419623e-17 0.28125 0.045673076923076955 0.28125
0 0.18990384615384615 0.17548076923076922 0.05528846153846156 0.17548076923076922 0.055288461538461564 0.27884615384615385 0.18990384615384615 0.27884615384615385
0 0.22836538461538464 0.27884615384615385 0.02884615384615388 0.27884615384615385 0.028846153846153886 0.33653846153846156 0.2283653846153847 0.33653846153846156
0 0.07451923076923082 0.47115384615384615 5.769970495982722e-17 0.47115384615384615 6.211549870675278e-17 0.5432692307692307 0.07451923076923084 0.5432692307692307
0 0.2163461538461539 0.5504807692307693 6.741445120306344e-17 0.5504807692307693 7.138866557529643e-17 0.6153846153846154 0.2163461538461539 0.6153846153846154
0 0.09134615384615391 0.6201923076923077 0.06971153846153853 0.6201923076923077 0.06971153846153853 0.6658653846153846 0.09134615384615391 0.6658653846153846
0 0.23076923076923084 0.6153846153846154 0.11057692307692314 0.6153846153846154 0.11057692307692314 0.6730769230769231 0.23076923076923084 0.6730769230769231
0 0.05769230769230777 0.625 7.654042494670958e-17 0.625 7.963148056955747e-17 0.6754807692307693 0.05769230769230778 0.6754807692307693
0 0.23317307692307698 0.6754807692307693 0.01682692307692316 0.6754807692307693 0.016826923076923163 0.7403846153846154 0.23317307692307698 0.7403846153846154
0 0.11298076923076933 0.71875 0.0024038461538462416 0.71875 0.002403846153846247 0.8004807692307693 0.11298076923076933 0.8004807692307693
0 0.22355769230769237 0.7548076923076923 0.1754807692307693 0.7548076923076923 0.1754807692307693 0.8173076923076923 0.22355769230769237 0.8173076923076923
0 0.2139423076923078 0.8076923076923077 0.09855769230769242 0.8076923076923077 0.09855769230769242 0.8870192307692307 0.21394230769230782 0.8870192307692307
0 0.05528846153846164 0.7932692307692307 9.714746243236215e-17 0.7932692307692307 1.0171044930418524e-16 0.8677884615384616 0.05528846153846164 0.8677884615384616
0 0.14182692307692318 0.7475961538461539 0.12259615384615395 0.7475961538461539 0.12259615384615395 0.8052884615384616 0.14182692307692318 0.8052884615384616
0 0.5817307692307693 0.11057692307692314 0.5456730769230769 0.11057692307692314 0.5456730769230769 0.17788461538461545 0.5817307692307693 0.17788461538461545
0 0.7980769230769231 0.07932692307692318 0.7211538461538461 0.07932692307692318 0.7211538461538461 0.1754807692307693 0.7980769230769231 0.1754807692307693
0 0.07932692307692318 0.8076923076923077 0.06730769230769242 0.8076923076923077 0.06730769230769242 0.8798076923076923 0.07932692307692318 0.8798076923076923
0 0.22596153846153852 0.34134615384615385 0.0384615384615385 0.34134615384615385 0.038461538461538505 0.39903846153846156 0.22596153846153852 0.39903846153846156
0 0.12980769230769235 0.4182692307692308 0.02403846153846159 0.4182692307692308 0.024038461538461595 0.46875 0.12980769230769237 0.46875
2 0.9936606225961538 0.008221995192307811 1.044662740570103e-17 0.00822199519230775 7.117551535832546e-17 1 0.9936606225961538 1