0 0.20192307692307698 0.2980769230769231 0.06971153846153849 0.2980769230769231 0.0697115384615385 0.38221153846153844 0.20192307692307698 0.38221153846153844
0 0.2283653846153847 0.3942307692307692 0.06730769230769236 0.3942307692307692 0.06730769230769236 0.4567307692307692 0.2283653846153847 0.4567307692307692
0 0.24038461538461545 0.4567307692307692 0.06730769230769236 0.4567307692307692 0.06730769230769237 0.5192307692307693 0.24038461538461545 0.5192307692307693
0 0.2283653846153847 0.5216346153846154 0.06490384615384623 0.5216346153846154 0.06490384615384623 0.5721153846153846 0.2283653846153847 0.5721153846153846
0 0.6923076923076923 0.2524038461538462 0.31009615384615385 0.2524038461538462 0.31009615384615385 0.3653846153846155 0.6923076923076923 0.36538461538461553
0 0.47836538461538464 0.41586538461538464 0.3245192307692308 0.41586538461538464 0.3245192307692308 0.5240384615384616 0.47836538461538464 0.5240384615384616
0 0.5192307692307693 0.5408653846153846 0.3125 0.5408653846153846 0.31250000000000006 0.6394230769230769 0.5192307692307694 0.6394230769230769
0 0.5192307692307694 0.6658653846153846 0.3004807692307693 0.6658653846153846 0.3004807692307693 0.7740384615384616 0.5192307692307694 0.7740384615384616
0 0.38461538461538475 0.7884615384615384 0.295673076923077 0.7884615384615384 0.29567307692307704 0.8774038461538461 0.38461538461538475 0.8774038461538461
0 0.7788461538461539 0.39182692307692324 0.5769230769230769 0.39182692307692324 0.5769230769230769 0.45913461538461553 0.7788461538461539 0.45913461538461553
0 0.7860576923076923 0.48317307692307704 0.5625 0.48317307692307704 0.5625 0.5552884615384617 0.7860576923076923 0.5552884615384617
0 0.6490384615384616 0.5576923076923078 0.5793269230769231 0.5576923076923078 0.5793269230769231 0.6081730769230771 0.6490384615384616 0.6081730769230771
0 0.8173076923076923 0.6298076923076923 0.5721153846153848 0.6298076923076923 0.5721153846153848 0.6947115384615384 0.8173076923076923 0.6947115384615384
0 0.7259615384615384 0.6995192307692307 0.5817307692307694 0.6995192307692307 0.5817307692307694 0.7644230769230769 0.7259615384615384 0.7644230769230769
0 0.9519230769230769 0.23798076923076933 0.7956730769230769 0.2379807692307693 0.7956730769230769 0.3076923076923078 0.9519230769230769 0.3076923076923078
0 0.8822115384615384 0.3149038461538463 0.8149038461538461 0.3149038461538463 0.8149038461538461 0.37980769230769246 0.8822115384615384 0.37980769230769246
0 0.9519230769230769 0.3822115384615386 0.8221153846153846 0.3822115384615386 0.8221153846153846 0.43509615384615397 0.9519230769230769 0.43509615384615397
0 0.9663461538461539 0.4326923076923078 0.8149038461538461 0.4326923076923078 0.8149038461538461 0.48317307692307704 0.9663461538461539 0.48317307692307704
0 0.9447115384615384 0.49038461538461553 0.8100961538461539 0.49038461538461553 0.8100961538461539 0.5336538461538463 0.9447115384615384 0.5336538461538463
0 0.9134615384615384 0.5384615384615385 0.8004807692307693 0.5384615384615385 0.8004807692307693 0.5721153846153848 0.9134615384615384 0.5721153846153848
0 0.9326923076923077 0.5769230769230771 0.8149038461538461 0.5769230769230771 0.8149038461538461 0.6274038461538461 0.9326923076923077 0.6274038461538461
2 0.9776616557491697 0.06487079074081344 0.026067122596153854 0.06138735336538462 0.02280882049821898 0.9514801351752614 0.9744033536512349 0.9549635725506902