1 1 0.4663461538461539 0.4254807692307692 0.46634615384615385 0.4254807692307693 0.7596153846153846 1 0.7596153846153846
2 1 0.004807692307692372 0.055288461538461536 0.004807692307692314 0.0552884615384616 1 1 1
0 0.4615384615384617 0.8221153846153846 0.3701923076923078 0.8221153846153846 0.3701923076923078 0.9615384615384616 0.4615384615384617 0.9615384615384616
0 0.5408653846153848 0.8100961538461539 0.4615384615384617 0.8100961538461539 0.4615384615384617 0.9663461538461539 0.5408653846153848 0.9663461538461539
0 0.605769230769231 0.7980769230769231 0.528846153846154 0.7980769230769231 0.528846153846154 0.9639423076923077 0.605769230769231 0.9639423076923077
0 0.7043269230769231 0.8100961538461539 0.5961538461538463 0.8100961538461539 0.5961538461538463 0.9783653846153846 0.7043269230769231 0.9783653846153846
0 0.2860576923076923 0.040865384615384644 0.18509615384615385 0.04086538461538463 0.18509615384615385 0.21875000000000003 0.2860576923076923 0.21875000000000006
0 0.3581730769230769 0.12259615384615388 0.28365384615384615 0.12259615384615388 0.28365384615384615 0.20192307692307698 0.3581730769230769 0.20192307692307698
0 0.41586538461538464 0.04567307692307697 0.33653846153846156 0.045673076923076955 0.33653846153846156 0.21153846153846162 0.41586538461538464 0.21153846153846162
0 0.46634615384615385 0.03365384615384621 0.39903846153846156 0.03365384615384621 0.39903846153846156 0.20432692307692316 0.46634615384615385 0.20432692307692316
0 0.5144230769230769 0.04567307692307698 0.4519230769230769 0.045673076923076976 0.4519230769230769 0.22115384615384623 0.5144230769230769 0.22115384615384623
0 0.5697115384615384 0.09134615384615391 0.5072115384615384 0.09134615384615391 0.5072115384615384 0.21153846153846162 0.5697115384615384 0.21153846153846162
0 0.6298076923076923 0.0817307692307693 0.5552884615384616 0.0817307692307693 0.5552884615384616 0.21875000000000006 0.6298076923076923 0.21875000000000006