0 0.6298076923076923 0.24278846153846156 0.21634615384615385 0.24278846153846154 0.21634615384615388 0.35096153846153855 0.6298076923076923 0.3509615384615386
0 0.7307692307692307 0.36057692307692313 0.5024038461538461 0.3605769230769231 0.5024038461538461 0.44471153846153855 0.7307692307692307 0.4447115384615386
0 0.12019230769230772 0.29086538461538464 0.05528846153846157 0.29086538461538464 0.05528846153846158 0.3557692307692308 0.12019230769230772 0.3557692307692308
0 0.1225961538461539 0.37259615384615385 0.026442307692307734 0.37259615384615385 0.02644230769230774 0.4326923076923077 0.12259615384615391 0.4326923076923077
0 0.1346153846153847 0.4375 0.04807692307692313 0.4375 0.048076923076923135 0.5048076923076923 0.1346153846153847 0.5048076923076923
0 0.12500000000000006 0.5 0.02644230769230775 0.5 0.026442307692307758 0.5528846153846154 0.12500000000000006 0.5528846153846154
0 0.9302884615384616 0.5769230769230771 0.78125 0.5769230769230771 0.78125 0.65625 0.9302884615384616 0.65625
0 0.9086538461538461 0.5240384615384617 0.7884615384615384 0.5240384615384617 0.7884615384615384 0.5673076923076924 0.9086538461538461 0.5673076923076924
0 0.9519230769230769 0.4759615384615386 0.78125 0.4759615384615386 0.78125 0.5240384615384617 0.9519230769230769 0.5240384615384617
0 0.9855769230769231 0.41586538461538475 0.7884615384615384 0.41586538461538475 0.7884615384615384 0.4711538461538463 0.9855769230769231 0.4711538461538463
0 0.9543269230769231 0.3461538461538463 0.7884615384615384 0.3461538461538463 0.7884615384615384 0.4134615384615386 0.9543269230769231 0.4134615384615386
0 0.8677884615384616 0.2812500000000001 0.7980769230769231 0.28125000000000006 0.7980769230769231 0.3461538461538463 0.8677884615384616 0.3461538461538463
0 0.9639423076923077 0.18509615384615394 0.7572115384615384 0.1850961538461539 0.7572115384615384 0.2812500000000001 0.9639423076923077 0.2812500000000001
1 0.4783653846153847 0.31009615384615385 0.2524038461538462 0.31009615384615385 0.25240384615384626 0.9807692307692307 0.47836538461538475 0.9807692307692307
2 0.9927884615384616 0.0552884615384616 6.770883745285847e-18 0.055288461538461536 6.447058870511307e-17 0.9975961538461539 0.9927884615384616 0.9975961538461539
0 0.37259615384615385 0.40625 0.2283653846153847 0.40625 0.2283653846153847 0.4855769230769231 0.37259615384615385 0.4855769230769231
0 0.326923076923077 0.5216346153846154 0.20432692307692316 0.5216346153846154 0.20432692307692316 0.6057692307692307 0.32692307692307704 0.6057692307692307
0 0.2740384615384616 0.65625 0.19951923076923084 0.65625 0.19951923076923084 0.7427884615384616 0.2740384615384616 0.7427884615384616
0 0.2740384615384616 0.7692307692307693 0.18269230769230776 0.7692307692307693 0.1826923076923078 0.8605769230769231 0.2740384615384617 0.8605769230769231
0 0.5600961538461539 0.4567307692307693 0.4831730769230769 0.4567307692307692 0.4831730769230769 0.5432692307692308 0.5600961538461539 0.543269230769231