2 0.9533817355769231 0.00015452403846165523 4.056714219946746e-17 0.00015452403846159685 9.991442764403818e-17 0.9693692475961538 0.9533817355769231 0.9693692475961538
0 0.2908653846153847 0.8004807692307693 0.18990384615384623 0.8004807692307693 0.18990384615384626 0.9254807692307693 0.29086538461538475 0.9254807692307693
0 0.35336538461538475 0.7788461538461539 0.28846153846153855 0.7788461538461539 0.28846153846153855 0.9158653846153846 0.35336538461538475 0.9158653846153846
0 0.42067307692307704 0.7764423076923077 0.3437500000000001 0.7764423076923077 0.3437500000000001 0.9182692307692307 0.42067307692307704 0.9182692307692307
0 0.4711538461538463 0.78125 0.4062500000000001 0.78125 0.4062500000000001 0.9158653846153846 0.4711538461538463 0.9158653846153846
0 0.31250000000000006 0.34375 0.15865384615384623 0.34375 0.15865384615384623 0.7259615384615384 0.3125000000000001 0.7259615384615384
0 0.4423076923076924 0.5504807692307693 0.3245192307692308 0.5504807692307693 0.32451923076923084 0.6971153846153846 0.44230769230769246 0.6971153846153846
0 0.5576923076923077 0.5024038461538461 0.4519230769230769 0.5024038461538461 0.451923076923077 0.6995192307692307 0.5576923076923078 0.6995192307692307
0 0.6899038461538461 0.49759615384615397 0.5673076923076923 0.49759615384615397 0.5673076923076924 0.7019230769230769 0.6899038461538461 0.7019230769230769
0 0.7860576923076923 0.625 0.6802884615384616 0.625 0.6802884615384616 0.7067307692307693 0.7860576923076923 0.7067307692307693
0 0.40625 0.2379807692307693 0.31490384615384615 0.2379807692307693 0.31490384615384615 0.4543269230769231 0.40625 0.4543269230769231
0 0.5048076923076923 0.23557692307692316 0.41346153846153844 0.23557692307692316 0.41346153846153844 0.45913461538461536 0.5048076923076923 0.45913461538461536
0 0.5456730769230769 0.37259615384615385 0.49038461538461536 0.37259615384615385 0.49038461538461536 0.43990384615384615 0.5456730769230769 0.43990384615384615
0 0.6610576923076923 0.17788461538461545 0.5649038461538461 0.17788461538461545 0.5649038461538461 0.44711538461538475 0.6610576923076923 0.44711538461538475
0 0.7139423076923077 0.295673076923077 0.6370192307692307 0.295673076923077 0.6370192307692307 0.4326923076923078 0.7139423076923077 0.4326923076923078
0 0.6105769230769231 0.052884615384615453 0.5408653846153846 0.052884615384615453 0.5408653846153846 0.18750000000000006 0.6105769230769231 0.18750000000000006
0 0.5456730769230769 0.08413461538461545 0.49038461538461536 0.08413461538461545 0.49038461538461536 0.19230769230769237 0.5456730769230769 0.19230769230769237
0 0.5048076923076923 0.04567307692307698 0.4423076923076923 0.045673076923076976 0.4423076923076923 0.20192307692307698 0.5048076923076923 0.20192307692307698
0 0.4543269230769231 0.024038461538461595 0.3918269230769231 0.02403846153846159 0.3918269230769231 0.19471153846153852 0.4543269230769231 0.19471153846153852
0 0.39903846153846156 0.04807692307692312 0.3269230769230769 0.048076923076923114 0.3269230769230769 0.19951923076923084 0.39903846153846156 0.19951923076923084
0 0.3293269230769231 0.12980769230769235 0.25240384615384615 0.12980769230769235 0.25240384615384615 0.1947115384615385 0.3293269230769231 0.19471153846153852
0 0.27403846153846156 0.0480769230769231 0.1875 0.048076923076923093 0.1875 0.22355769230769232 0.27403846153846156 0.22355769230769232