2 0.9323964379677805 0.08149247052601079 0.03054123669391155 0.04943756737906098 -0.0027111105645031574 0.984982503892771 0.8991440907093657 1.0170374070397208
0 0.6634615384615384 0.8293269230769231 0.574519230769231 0.8293269230769231 0.574519230769231 0.9783653846153846 0.6634615384615384 0.9783653846153846
0 0.574519230769231 0.8197115384615384 0.5048076923076924 0.8197115384615384 0.5048076923076924 0.9735576923076923 0.574519230769231 0.9735576923076923
0 0.5096153846153848 0.8076923076923077 0.4326923076923078 0.8076923076923077 0.4326923076923078 0.9663461538461539 0.5096153846153848 0.9663461538461539
0 0.44711538461538475 0.8004807692307693 0.37259615384615397 0.8004807692307693 0.37259615384615397 0.9639423076923077 0.44711538461538475 0.9639423076923077
0 0.7283653846153846 0.35817307692307704 0.5865384615384616 0.35817307692307704 0.5865384615384616 0.7403846153846154 0.7283653846153846 0.7403846153846154
0 0.5552884615384617 0.5649038461538461 0.4326923076923078 0.5649038461538461 0.4326923076923078 0.71875 0.5552884615384617 0.71875
0 0.43269230769230776 0.5120192307692307 0.3245192307692308 0.5120192307692307 0.32451923076923084 0.7211538461538461 0.4326923076923078 0.7211538461538461
0 0.3052884615384616 0.49278846153846156 0.18750000000000006 0.49278846153846156 0.18750000000000006 0.71875 0.3052884615384616 0.71875
0 0.18269230769230776 0.6322115384615384 0.08894230769230776 0.6322115384615384 0.08894230769230778 0.7211538461538461 0.18269230769230776 0.7211538461538461
0 0.5889423076923077 0.2692307692307693 0.5120192307692307 0.2692307692307693 0.5120192307692307 0.4663461538461539 0.5889423076923077 0.46634615384615397
0 0.5048076923076923 0.2596153846153847 0.4110576923076923 0.2596153846153847 0.4110576923076923 0.47115384615384615 0.5048076923076923 0.47115384615384615
0 0.4206730769230769 0.38461538461538464 0.3581730769230769 0.38461538461538464 0.3581730769230769 0.4543269230769231 0.4206730769230769 0.4543269230769231
0 0.35336538461538464 0.20913461538461542 0.2692307692307692 0.2091346153846154 0.2692307692307693 0.4543269230769231 0.35336538461538464 0.4543269230769231
0 0.2788461538461539 0.3076923076923077 0.20913461538461545 0.3076923076923077 0.20913461538461545 0.4495192307692308 0.2788461538461539 0.4495192307692308
0 0.7307692307692307 0.1033653846153847 0.6610576923076923 0.10336538461538468 0.6610576923076923 0.2548076923076924 0.7307692307692307 0.2548076923076924
0 0.6610576923076923 0.16346153846153852 0.59375 0.16346153846153852 0.59375 0.23317307692307698 0.6610576923076923 0.23317307692307698
0 0.6033653846153846 0.09855769230769237 0.5360576923076923 0.09855769230769237 0.5360576923076923 0.23076923076923084 0.6033653846153846 0.23076923076923084
0 0.5456730769230769 0.076923076923077 0.4831730769230769 0.076923076923077 0.4831730769230769 0.23076923076923084 0.5456730769230769 0.23076923076923084
0 0.4951923076923077 0.09375000000000007 0.43509615384615385 0.09375000000000007 0.43509615384615385 0.23557692307692316 0.4951923076923077 0.23557692307692316
0 0.43990384615384615 0.1225961538461539 0.39903846153846156 0.12259615384615388 0.39903846153846156 0.23557692307692316 0.43990384615384615 0.23557692307692316
0 0.4014423076923077 0.09855769230769235 0.34375 0.09855769230769235 0.34375 0.22115384615384623 0.4014423076923077 0.22115384615384623