2 1.0000000000000002 0.017455064903846303 0.06271872076685603 -0.053567863246871454 -0.014165832265901051 0.9610685942487621 0.9231154469672431 1.03209152239948
0 0.26447594471153846 0.05776050480769235 0.20521810639773055 0.04009565476807601 0.1622835126524773 0.1841224202667604 0.22154135096628524 0.20178727030637675
0 0.20333670432692316 0.2958415841346155 0.13480077957001171 0.27807283172034125 0.0811863043938478 0.48486943459286536 0.14972222915075925 0.5026381870071396
0 0.2985120288461539 0.2856930841346154 0.22828937688668016 0.26811528410893387 0.16902693990384626 0.5048664975961539 0.23924959186331998 0.5224442976218354
0 0.3573531201923077 0.26752925000000005 0.28542332649722046 0.2561019454469995 0.24802889423076926 0.4914832451923078 0.3199586879258565 0.5029105497453084
0 0.4335234711538462 0.26443013942307697 0.36553107933933976 0.25213367971609635 0.3256423309207104 0.47269565251954143 0.3936347227352168 0.4849921122265221
0 0.49307359375000004 0.26399336298076925 0.4222339892825783 0.25565296687075273 0.39243337740384615 0.5087660721153846 0.4632729818712678 0.5171064682254011
0 0.5581852113966214 0.2714145702536011 0.49288619115372 0.2664665063583096 0.47709852163461536 0.4748145336538462 0.5423975418775167 0.4797625975491377
0 0.6378132235576925 0.2768533725961539 0.5617686793769738 0.26287999824112923 0.5181614494161366 0.5001950404852532 0.5942059935968553 0.5141684148402779
0 0.7204368891234314 0.28403835225756424 0.6424709927884618 0.26955355288461547 0.5990383595148173 0.5033340904108558 0.677004255849787 0.5178188897838045
0 0.3579368100961539 0.04315340865384621 0.28012957108873254 0.02539344423049713 0.23407538828614305 0.22715898402524567 0.3118826272935644 0.2449189484485948
0 0.40552447355769233 0.038079158653846194 0.3361442679201787 0.03282184137160703 0.32109184375 0.2314669350961539 0.3904720493875136 0.23672425237839306
0 0.46119882692307684 0.03462228605769235 0.4060830432692307 0.030707788461538512 0.3982350943208687 0.14120622299611316 0.45335087797471474 0.145120720592267
0 0.6015518050121625 0.04166368902993946 0.5379802062302399 0.03864188965798919 0.5295537548076923 0.21591474038461544 0.593125353589615 0.21893653975656574
0 0.6598253822115386 0.06761380288461546 0.6004923520003723 0.06454129606397861 0.5914545653428737 0.2390695559167247 0.65078759555404 0.24214206273736158
0 0.7291923376418599 0.23596674794663192 0.724888233173077 0.021510314903846153 0.6549717921658326 0.02291352609182968 0.6592758966346154 0.23736995913461545
0 0.8152689495192308 0.23714038221153844 0.7746393595975026 0.031022538765559195 0.7062410951573418 0.04450508539568632 0.7468706850790698 0.2506229288416656
0 0.8873401033653846 0.23396971634615385 0.8831804424054022 0.06948182983817665 0.8011360889423076 0.07155661298076924 0.8052957499022901 0.23604449948874645
0 0.26201923076923084 0.5841346153846154 0.18269230769230776 0.5841346153846154 0.18269230769230776 0.6274038461538461 0.26201923076923084 0.6274038461538461
0 0.09615384615384626 0.7211538461538461 0.024038461538461623 0.7211538461538461 0.024038461538461633 0.8028846153846154 0.09615384615384626 0.8028846153846154
0 0.23076923076923084 0.6971153846153846 0.1346153846153847 0.6971153846153846 0.1346153846153847 0.7572115384615384 0.23076923076923084 0.7572115384615384
0 0.35336538461538475 0.5817307692307693 0.26682692307692313 0.5817307692307693 0.26682692307692313 0.6418269230769231 0.35336538461538475 0.6418269230769231
0 0.3197115384615386 0.7115384615384616 0.2475961538461539 0.7115384615384616 0.2475961538461539 0.7548076923076923 0.3197115384615386 0.7548076923076923
0 0.4254807692307694 0.5769230769230769 0.35817307692307704 0.5769230769230769 0.35817307692307704 0.6370192307692307 0.4254807692307694 0.6370192307692307
0 0.4134615384615386 0.6971153846153846 0.3389423076923078 0.6971153846153846 0.3389423076923078 0.7596153846153846 0.4134615384615386 0.7596153846153846
0 0.5096153846153847 0.5360576923076923 0.42788461538461536 0.5360576923076923 0.4278846153846155 0.7331730769230769 0.5096153846153848 0.7331730769230769
0 0.5769230769230771 0.576923076923077 0.5144230769230771 0.5769230769230769 0.5144230769230771 0.6394230769230769 0.5769230769230771 0.6394230769230769
0 0.5769230769230771 0.7019230769230769 0.5000000000000001 0.7019230769230769 0.5000000000000001 0.8125 0.5769230769230771 0.8125