2 1.0051783894528898 0.9967261439953592 0.9770967668269233 0.03892727403846154 0.0005852596885646173 0.06755753086326585 0.028666882314531263 1.0253564008201637
0 0.9083937897258543 0.27185142739649343 0.8900006750104494 0.1785256960910689 0.5920963396115182 0.23723821340611392 0.610489454326923 0.33056394471153844
0 0.9382426947115385 0.35269657932692317 0.9289986250000001 0.2789509759615385 0.6135094327214088 0.318497795752414 0.6227535024329472 0.39224339911779865
0 0.9154232764423076 0.41291324038461547 0.9106819339316184 0.3581046739648253 0.6382874844123878 0.3816687893494407 0.643028826923077 0.43647735576923086
0 0.8641721514423076 0.47230262259615385 0.8626979175252811 0.42597652531996677 0.6542980357520386 0.4326084281151192 0.6557722696690652 0.47893452539130626
0 0.9350961538461539 0.4927884615384617 0.6514423076923077 0.4927884615384617 0.6514423076923077 0.5480769230769232 0.9350961538461539 0.5480769230769232
0 0.9447115384615384 0.5408653846153848 0.6610576923076923 0.5408653846153848 0.6610576923076923 0.6033653846153848 0.9447115384615384 0.6033653846153848
0 0.8677884615384616 0.6009615384615385 0.6490384615384616 0.6009615384615385 0.6490384615384616 0.6586538461538461 0.8677884615384616 0.6586538461538461
0 0.90625 0.65625 0.6658653846153846 0.65625 0.6658653846153846 0.7211538461538461 0.90625 0.7211538461538461
0 0.7740384615384616 0.8173076923076923 0.6826923076923077 0.8173076923076923 0.6826923076923077 0.8774038461538461 0.7740384615384616 0.8774038461538461
0 0.9903846153846154 0.7620192307692307 0.6706730769230769 0.7620192307692307 0.6706730769230769 0.8341346153846154 0.9903846153846154 0.8341346153846154
0 0.9350961538461539 0.7163461538461539 0.6658653846153846 0.7163461538461539 0.6658653846153846 0.7716346153846154 0.9350961538461539 0.7716346153846154