0 0.9810443197115386 0.4695216057692307 0.9399893660891648 0.2921619180245128 0.8696279423076925 0.3084490745192308 0.9106828959300662 0.4858087622639487
0 0.898042766826923 0.26118827163461544 0.8420777042110364 0.10656843630273996 0.7612037752344563 0.13584097102929846 0.8171688378503428 0.29046080636117394
0 0.9312547644230766 0.6084104927884616 0.8607275540602838 0.2539120155176201 0.7708261225961537 0.2717978389423077 0.8413533329589467 0.6262963162131493
0 0.9466808533653845 0.8939043221153847 0.8258446509582753 0.4680282787266626 0.7478139073918153 0.49016837998370294 0.8686501097989245 0.9160444233724251
0 0.8298228004807693 0.899691358173077 0.7169615508215178 0.13419397126965854 0.639775737024364 0.14557387608729858 0.7526369866836154 0.9110712629907171
0 0.7557123028846154 0.961419752403846 0.6526883855045084 0.12357116504015829 0.558146087328044 0.13519631791760725 0.661170004708151 0.9730449052812951
0 0.6424926249999999 0.93634259375 0.5948326791397057 0.39830934863557654 0.5077963320257394 0.40601918372289947 0.5554562778860336 0.9440524288373229
0 0.5312773245192308 0.9064429014423078 0.5172504879807692 0.46180555528846157 0.4066671383860347 0.4652940939414973 0.4206939749244962 0.9099314400953434
0 0.43062834855769255 0.16570216105769237 0.3451674054331251 0.1625367915268089 0.318042716346154 0.894868826923077 0.40350365947072153 0.8980341964539604
0 0.3495619302884617 0.18788580288461545 0.24809696495441613 0.1795650480895805 0.18698567067307703 0.9247685192307693 0.28845063600712256 0.9330892740258042
0 0.261706997596154 0.2997685192307693 0.18089450365796317 0.2878644624770661 0.0886384086538463 0.9141589495192307 0.16945090259203713 0.9260630062729339
2 1.001425769272676 0.9961876369602225 0.9979163393286667 0.09040394901918872 0.01394563495983688 0.09421631205896636 0.017455064903846153 1.0000000000000002