2 1 0.0075231490384616 0.0003503966346153856 0.0075231490384615385 0.00035039663461544635 1 1 1
0 0.17788461538461545 0.39903846153846156 0.08173076923076926 0.39903846153846156 0.08173076923076929 0.6033653846153846 0.17788461538461545 0.6033653846153846
0 0.2043269230769231 0.25 0.09375000000000003 0.25 0.09375000000000003 0.3173076923076923 0.20432692307692316 0.3173076923076923
0 0.18990384615384615 0.09375000000000001 0.09615384615384616 0.09375 0.09615384615384617 0.17307692307692307 0.18990384615384615 0.17307692307692307
0 0.25721153846153855 0.35336538461538464 0.16826923076923084 0.35336538461538464 0.16826923076923084 0.75 0.25721153846153855 0.75
0 0.3245192307692309 0.6057692307692307 0.24278846153846162 0.6057692307692307 0.24278846153846165 0.9495192307692307 0.3245192307692309 0.9495192307692307
0 0.3990384615384616 0.10817307692307696 0.28846153846153844 0.10817307692307696 0.28846153846153855 0.9567307692307693 0.3990384615384617 0.9567307692307693
0 0.48076923076923084 0.08413461538461543 0.35336538461538464 0.08413461538461542 0.3533653846153847 0.9759615384615384 0.4807692307692309 0.9759615384615384
0 0.5464388513277693 0.5320715885853271 0.4750176562500001 0.5286781129807693 0.4546118333045971 0.9581517356432057 0.5260330283823663 0.9615452112477634
0 0.6177884615384616 0.608173076923077 0.5360576923076924 0.6081730769230769 0.5360576923076924 0.9375 0.6177884615384616 0.9375
0 0.7052079014423077 0.5463459086538462 0.6261172929714853 0.5430823453358026 0.6104448410484082 0.9228953405281105 0.6895354495192307 0.9261589038461542
0 0.7414065192307694 0.159546201923077 0.6608837882384478 0.15156401965205613 0.6274593437500002 0.48874343509615403 0.7079820747423218 0.49672561736717485
0 0.8168868317307694 0.21321771875000012 0.7482333993943556 0.20755253514918243 0.6877117145791265 0.9409835562988538 0.7563651469155401 0.9466487398996715
0 0.8766027740384619 0.37611359855769244 0.7851933566135373 0.3727615688393359 0.7647683437500004 0.9297490312500004 0.8561777611749247 0.9331010609683569