0 0.6658653846153846 0.2379807692307693 0.2956730769230769 0.2379807692307693 0.295673076923077 0.35576923076923084 0.6658653846153846 0.3557692307692309
0 0.4639423076923077 0.39903846153846156 0.31490384615384615 0.39903846153846156 0.31490384615384615 0.5096153846153846 0.4639423076923077 0.5096153846153846
0 0.4975961538461539 0.5168269230769231 0.3028846153846155 0.5168269230769231 0.3028846153846155 0.6057692307692307 0.49759615384615397 0.6057692307692307
0 0.5000000000000001 0.6490384615384616 0.2908653846153847 0.6490384615384616 0.2908653846153847 0.7475961538461539 0.5000000000000001 0.7475961538461539
0 0.3701923076923078 0.7524038461538461 0.28125000000000006 0.7524038461538461 0.2812500000000001 0.8581730769230769 0.3701923076923078 0.8581730769230769
0 0.7572115384615384 0.3725961538461539 0.5504807692307693 0.37259615384615385 0.5504807692307693 0.44951923076923084 0.7572115384615384 0.4495192307692309
0 0.7644230769230769 0.46394230769230776 0.5432692307692307 0.4639423076923077 0.5432692307692308 0.5889423076923077 0.7644230769230769 0.5889423076923078
0 0.7980769230769231 0.6057692307692308 0.5552884615384617 0.6057692307692307 0.5552884615384617 0.6802884615384616 0.7980769230769231 0.6802884615384616
0 0.7139423076923077 0.6826923076923077 0.560096153846154 0.6826923076923077 0.560096153846154 0.7620192307692307 0.7139423076923077 0.7620192307692307
0 0.9399038461538461 0.23076923076923087 0.78125 0.23076923076923084 0.78125 0.3028846153846155 0.9399038461538461 0.30288461538461553
0 0.8701923076923077 0.3052884615384616 0.8052884615384616 0.3052884615384616 0.8052884615384616 0.37259615384615397 0.8701923076923077 0.37259615384615397
2 0.9793199847201014 0.09053546362020248 0.03376906250000001 0.06378600721153846 0.009786767683744932 0.9115221493605669 0.9553376899038463 0.9382716057692309
0 0.19951923076923084 0.29086538461538464 0.07451923076923081 0.29086538461538464 0.07451923076923081 0.3557692307692308 0.19951923076923084 0.3557692307692308
0 0.22596153846153852 0.375 0.06971153846153852 0.375 0.06971153846153852 0.42788461538461536 0.22596153846153852 0.42788461538461536
0 0.23076923076923084 0.43509615384615385 0.07211538461538466 0.43509615384615385 0.07211538461538468 0.49278846153846156 0.23076923076923084 0.49278846153846156
0 0.22596153846153852 0.4951923076923077 0.06730769230769237 0.4951923076923077 0.06730769230769237 0.5600961538461539 0.22596153846153852 0.5600961538461539
0 0.9423076923076923 0.37259615384615397 0.7956730769230769 0.37259615384615397 0.7956730769230769 0.4254807692307694 0.9423076923076923 0.4254807692307694
0 0.9519230769230769 0.42788461538461553 0.7884615384615384 0.42788461538461553 0.7884615384615384 0.4759615384615386 0.9519230769230769 0.4759615384615386
0 0.9350961538461539 0.47355769230769246 0.7860576923076923 0.47355769230769246 0.7860576923076923 0.5168269230769232 0.9350961538461539 0.5168269230769232
0 0.9014423076923077 0.5192307692307694 0.7860576923076923 0.5192307692307694 0.7860576923076923 0.5649038461538463 0.9014423076923077 0.5649038461538463
0 0.9158653846153846 0.560096153846154 0.7932692307692307 0.560096153846154 0.7932692307692307 0.625 0.9158653846153846 0.625