0 0.1850961538461539 0.28365384615384615 0.06490384615384619 0.28365384615384615 0.06490384615384619 0.3485576923076923 0.1850961538461539 0.3485576923076923
0 0.19230769230769237 0.3581730769230769 0.057692307692307744 0.3581730769230769 0.057692307692307744 0.41586538461538464 0.19230769230769237 0.41586538461538464
0 0.1971153846153847 0.41346153846153844 0.060096153846153896 0.41346153846153844 0.060096153846153896 0.46875 0.1971153846153847 0.46875
0 0.19951923076923084 0.47115384615384615 0.060096153846153896 0.47115384615384615 0.0600961538461539 0.5336538461538461 0.19951923076923084 0.5336538461538461
0 0.6394230769230769 0.2211538461538462 0.27403846153846156 0.22115384615384615 0.27403846153846156 0.3365384615384616 0.6394230769230769 0.3365384615384617
0 0.41586538461538464 0.37740384615384615 0.2788461538461539 0.37740384615384615 0.2788461538461539 0.4807692307692308 0.41586538461538464 0.4807692307692308
0 0.4591346153846155 0.49759615384615385 0.2692307692307693 0.49759615384615385 0.2692307692307693 0.5985576923076923 0.45913461538461553 0.5985576923076923
0 0.38461538461538475 0.6153846153846154 0.2524038461538462 0.6153846153846154 0.2524038461538462 0.7043269230769231 0.38461538461538475 0.7043269230769231
0 0.32932692307692324 0.71875 0.2548076923076924 0.71875 0.2548076923076924 0.8413461538461539 0.32932692307692324 0.8413461538461539
0 0.9326923076923077 0.1923076923076924 0.7644230769230769 0.19230769230769237 0.7644230769230769 0.26923076923076933 0.9326923076923077 0.2692307692307694
0 0.8557692307692307 0.2740384615384616 0.7908653846153846 0.2740384615384616 0.7908653846153846 0.34134615384615397 0.8557692307692307 0.34134615384615397
0 0.9326923076923077 0.34134615384615397 0.7908653846153846 0.34134615384615397 0.7908653846153846 0.4014423076923078 0.9326923076923077 0.4014423076923078
0 0.9495192307692307 0.40384615384615397 0.78125 0.40384615384615397 0.78125 0.45192307692307704 0.9495192307692307 0.45192307692307704
0 0.9302884615384616 0.45192307692307704 0.7716346153846154 0.45192307692307704 0.7716346153846154 0.5048076923076924 0.9302884615384616 0.5048076923076924
0 0.8942307692307693 0.5048076923076924 0.7836538461538461 0.5048076923076924 0.7836538461538461 0.5480769230769232 0.8942307692307693 0.5480769230769232
0 0.9158653846153846 0.5552884615384617 0.7788461538461539 0.5552884615384617 0.7788461538461539 0.6081730769230771 0.9158653846153846 0.6081730769230771
1 0.7043269230769231 0.2836538461538462 0.39903846153846156 0.2836538461538462 0.3990384615384616 0.9591346153846154 0.7043269230769231 0.9591346153846154
2 0.9692307692307693 0.030241935096153968 0.030176436601546563 0.024750130983784095 0.02468193179385421 0.9642662607914764 0.9637362644230769 0.9697580649038462
0 0.7451923076923077 0.34855769230769246 0.5889423076923077 0.34855769230769246 0.5889423076923077 0.4134615384615386 0.7451923076923077 0.4134615384615386
0 0.7067307692307693 0.44711538461538475 0.5913461538461539 0.44711538461538475 0.5913461538461539 0.5168269230769232 0.7067307692307693 0.5168269230769232