2 0.9996979759615385 1.0000000000000002 0.9770462091346156 0.018552875000000003 -0.022114771157061557 0.04161347701473085 0.0005369956698613731 1.023060602014731
0 0.20607563570390114 0.24102544213619354 0.19732205769230773 0.16995350480769228 0.03235518400763736 0.19027165642149874 0.04110876201923076 0.26134359375
0 0.22641328205018973 0.3182125655019835 0.21788710371954823 0.25034022710970794 0.019662687053973876 0.2752413394923398 0.028188865384615385 0.3431136778846154
0 0.21489249603088456 0.3975688437410694 0.21376556249999995 0.3302869975961539 0.01884017944988464 0.3335518894320076 0.019967112980769235 0.4008337355769231
0 0.12098227116334252 0.45511774603834687 0.1173399371719729 0.39908508937970133 0.015150242931707296 0.40572780487981597 0.018792576923076926 0.46176046153846156
0 0.1961475216346155 0.540323872596154 0.024484892985536116 0.5370994405182945 0.0233103569278438 0.5996295054221406 0.19497298557692316 0.6028539375
0 0.2235199911315776 0.6221658498792653 0.10335917307692316 0.5980439302884615 0.09243020838765331 0.6524854241591964 0.2125910264423078 0.67660734375
0 0.2196382427884616 0.6862273533653844 0.0035236081730770216 0.6589706586538461 -0.00529295365912962 0.7288759813313125 0.21082168095625498 0.756132676042851
0 0.49776287026035065 0.1982121996936674 0.4897815360576923 0.12345679086538465 0.27390731964349546 0.14650481232556342 0.2818886538461538 0.2212602211538462
0 0.5124522645729731 0.27499596917613833 0.5016320550955276 0.20469196048932742 0.25697401167640055 0.2423463038131891 0.2677942211538461 0.3126503125000001
0 0.5057252361092232 0.3604937456552341 0.5015268966346154 0.29180695913461535 0.2541325839651668 0.30692843098221495 0.25833092343977465 0.3756152175028337
0 0.5066322219244397 0.49813473642881767 0.5015268966346154 0.4104537427884616 0.24507085499863715 0.42538618664810546 0.2501761802884615 0.5130671802884615
0 0.4863477146416955 0.4076830893646143 0.48074061216891323 0.3564759000376002 0.2504417581041408 0.3816932433652936 0.2560488605769231 0.4329004326923077
0 0.46746535096153846 0.5194805192307692 0.3182992716346154 0.5194805192307692 0.31829927163461547 0.5755972427884616 0.4674653509615385 0.5755972427884616
0 0.4947999144104068 0.6339489270927532 0.4854067901200349 0.5513768163961316 0.2513538805173203 0.5780018844956859 0.2607470048076923 0.6605739951923076
0 0.49378032697570745 0.7134740662502475 0.492130608173077 0.6349206346153847 0.2626208941781388 0.6397406212497528 0.26427061298076926 0.7182940528846155
0 0.7235576923076923 0.4711538461538462 0.5288461538461539 0.47115384615384615 0.5288461538461539 0.545673076923077 0.7235576923076923 0.5456730769230771
0 0.8052884615384616 0.06971153846153856 0.7283653846153846 0.06971153846153855 0.7283653846153846 0.1514423076923078 0.8052884615384616 0.1514423076923078
0 0.6370192307692307 0.22355769230769237 0.5793269230769231 0.22355769230769237 0.5793269230769231 0.3076923076923078 0.6370192307692307 0.3076923076923078
0 0.7427884615384616 0.20432692307692316 0.7019230769230769 0.20432692307692316 0.7019230769230769 0.2788461538461539 0.7427884615384616 0.2788461538461539
0 0.6322115384615384 0.3149038461538463 0.5673076923076923 0.3149038461538463 0.5673076923076923 0.38461538461538475 0.6322115384615384 0.38461538461538475
0 0.7596153846153846 0.3052884615384616 0.7067307692307693 0.3052884615384616 0.7067307692307693 0.3701923076923078 0.7596153846153846 0.3701923076923078
0 0.6274038461538461 0.40384615384615397 0.5721153846153846 0.40384615384615397 0.5721153846153846 0.4711538461538463 0.6274038461538461 0.4711538461538463
0 0.7548076923076923 0.3990384615384617 0.6899038461538461 0.3990384615384617 0.6899038461538461 0.4615384615384617 0.7548076923076923 0.4615384615384617
0 0.7980769230769231 0.5625000000000001 0.6971153846153846 0.5625000000000001 0.6971153846153846 0.6322115384615384 0.7980769230769231 0.6322115384615384
0 0.6346153846153846 0.5552884615384617 0.5769230769230769 0.5552884615384617 0.576923076923077 0.6105769230769232 0.6346153846153846 0.6105769230769232