2 0.9735576923076923 0.03605769230769237 0.014423076923076927 0.036057692307692304 0.014423076923076983 0.9254807692307693 0.9735576923076923 0.9254807692307693
0 0.17548076923076927 0.2668269230769231 0.05288461538461542 0.2668269230769231 0.05288461538461542 0.34375 0.1754807692307693 0.34375
0 0.2067307692307693 0.3605769230769231 0.05528846153846159 0.3605769230769231 0.05528846153846159 0.41346153846153844 0.2067307692307693 0.41346153846153844
0 0.19951923076923084 0.4230769230769231 0.05528846153846159 0.4230769230769231 0.05528846153846159 0.4831730769230769 0.19951923076923084 0.4831730769230769
0 0.20192307692307698 0.4855769230769231 0.05288461538461543 0.4855769230769231 0.05288461538461545 0.5360576923076923 0.20192307692307698 0.5360576923076923
0 0.22355769230769237 0.5336538461538461 0.0504807692307693 0.5336538461538461 0.0504807692307693 0.5793269230769231 0.22355769230769237 0.5793269230769231
0 0.9375 0.20673076923076933 0.7740384615384616 0.2067307692307693 0.7740384615384616 0.2740384615384616 0.9375 0.2740384615384617
0 0.8653846153846154 0.2812500000000001 0.7908653846153846 0.28125000000000006 0.7908653846153846 0.36057692307692324 0.8653846153846154 0.36057692307692324
0 0.9399038461538461 0.3629807692307694 0.7788461538461539 0.3629807692307694 0.7788461538461539 0.4134615384615386 0.9399038461538461 0.4134615384615386
0 0.9543269230769231 0.4134615384615386 0.7860576923076923 0.4134615384615386 0.7860576923076923 0.4639423076923078 0.9543269230769231 0.4639423076923078
0 0.9350961538461539 0.4687500000000001 0.7764423076923077 0.4687500000000001 0.7764423076923077 0.5192307692307694 0.9350961538461539 0.5192307692307694
0 0.8894230769230769 0.5168269230769232 0.7836538461538461 0.5168269230769232 0.7836538461538461 0.560096153846154 0.8894230769230769 0.560096153846154
0 0.9110576923076923 0.5697115384615385 0.7836538461538461 0.5697115384615385 0.7836538461538461 0.6225961538461539 0.9110576923076923 0.6225961538461539
1 0.4471153846153847 0.35336538461538464 0.2163461538461539 0.35336538461538464 0.21634615384615394 0.9855769230769231 0.44711538461538475 0.9855769230769231