2 0.9749868389423076 5.970072557607466e-17 0 0 5.910829267785463e-17 0.9653116754807692 0.9749868389423076 0.9653116754807692
0 0.8643702908653845 0.6948205000000001 0.8247164949973393 0.6900084350684216 0.8030139927884616 0.8688477908653846 0.8426677886565069 0.8736598557969629
0 0.801023935588622 0.8436539826488254 0.7976318629807693 0.6863294086538462 0.750106312007532 0.6873541062934824 0.7534983846153847 0.8446786802884616
0 0.757804091346154 0.675956543269231 0.7099909415565648 0.6735393712901269 0.7010310223931824 0.850772088186085 0.7488441721827717 0.8531892601651891
0 0.7128723229780938 0.860133196249979 0.708288483173077 0.7609979591346152 0.6757175592334447 0.7625039816346363 0.6803013990384614 0.8616392187499999
0 0.6770721201923078 0.9066018725961538 0.662002153846154 0.8168661947115384 0.6202637421440582 0.8238756303621084 0.635333708490212 0.9136113082467238
0 0.6254036586538461 0.906267516826923 0.6178686754807692 0.7120575721153847 0.5789176780540054 0.7135687980756267 0.5864526612270823 0.907778742787165
0 0.5937434898869642 0.9074209513006626 0.5694294951923076 0.6970237163461539 0.5301295616641754 0.7015653082330909 0.554443556358832 0.9119625431875995
0 0.5557563553483101 0.9161945329298964 0.5274488701923078 0.7039066562500002 0.4823361302471756 0.7099222056837017 0.510643615403178 0.9222100823635978
0 0.529629154139999 0.9123948560568889 0.4790096875 0.7007149062500001 0.4389075674694481 0.7103046096155368 0.48952703410944703 0.9219845594224255
0 0.4908503774038463 0.9130448197115386 0.43702906250000007 0.7260188990384617 0.3949961588808103 0.7381149022762477 0.44881747378465653 0.9251408229493244
0 0.899892358173077 0.40681023798076943 0.8478219760889425 0.4013887247063229 0.826122018920525 0.6098037932988121 0.8781924010046596 0.6152253065732585
0 0.8374596346153846 0.4032812235576924 0.7805301174063806 0.3962853270021114 0.7522707297416917 0.6262477461990325 0.8092002469506958 0.6332436427546135
0 0.7717976322115386 0.4315569663461539 0.7236712726472098 0.4303513699730187 0.7179763197115385 0.6576889423076924 0.7661026792758674 0.6588945386808275
0 0.7241592098468145 0.6588720684986152 0.7212055985576923 0.5719368125 0.6745948841741366 0.5735204039970966 0.6775484954632588 0.6604556599957117
0 0.6727664158653845 0.6634819038461538 0.6705895875965932 0.43878933298122147 0.6243272331730769 0.4392375240384616 0.6265040614418683 0.6639300949033939
0 0.623013811066959 0.665795867319814 0.6167922499999998 0.4766065264423076 0.5769592391616173 0.47791644965606994 0.5831808002285762 0.6671057905335763
0 0.5835810107167679 0.6771748274817806 0.5780409038461538 0.4622110216346154 0.5273235597541889 0.4635181231038877 0.5328636666248031 0.6784819289510529
0 0.5319258556305365 0.6777486898804705 0.5199138870192308 0.46101250000000005 0.47092698086651896 0.4637274558151589 0.48293894947782473 0.6804636456956293
0 0.622503334801656 0.41583353966883563 0.6146393966346154 0.1925465408653846 0.5638004637647426 0.1943370357294359 0.571664401931783 0.417624034532887
0 0.9423076923076923 0.009615384615384727 0.875 0.009615384615384722 0.875 0.11538461538461549 0.9423076923076923 0.11538461538461549
0 0.8173076923076923 0.25000000000000006 0.7572115384615384 0.25000000000000006 0.7572115384615384 0.32692307692307704 0.8173076923076923 0.32692307692307704
0 0.8317307692307693 0.11778846153846165 0.7692307692307693 0.11778846153846165 0.7692307692307693 0.18269230769230776 0.8317307692307693 0.18269230769230776
0 0.7475961538461539 0.2716346153846155 0.6899038461538461 0.2716346153846155 0.6899038461538461 0.35336538461538475 0.7475961538461539 0.35336538461538475
0 0.7572115384615384 0.12019230769230779 0.7043269230769231 0.12019230769230779 0.7043269230769231 0.1850961538461539 0.7572115384615384 0.1850961538461539
0 0.6802884615384616 0.13221153846153852 0.6274038461538461 0.13221153846153852 0.6274038461538461 0.20432692307692316 0.6802884615384616 0.20432692307692316
0 0.5552884615384616 0.11057692307692314 0.49038461538461536 0.11057692307692314 0.49038461538461536 0.23557692307692316 0.5552884615384616 0.23557692307692316
0 0.5817307692307693 0.3052884615384616 0.5240384615384616 0.3052884615384616 0.5240384615384616 0.37500000000000006 0.5817307692307693 0.3750000000000001