0 0.767142729722435 0.02585008951813276 0.5651442115384615 0.007485031250000081 0.5552451500852574 0.11636547778955973 0.757243668269231 0.13473053605769242
0 0.9672496423144866 0.1644947567457651 0.803099668269231 0.08483033894230767 0.7644057159680124 0.16455992764806637 0.928555690013268 0.24422434545152383
0 0.7990611160879196 0.12678954336356876 0.42431787499999996 0.0689223052884616 0.4116453887197728 0.15098823307873907 0.7863886298076925 0.20885547115384626
0 0.5773781091950526 0.1729462887028123 0.11411972115384618 0.07309941586538464 0.09609876835961963 0.156711023371741 0.5593571564008261 0.25655789620916863
0 0.9382831207673743 0.27860487374552945 0.11515717307692311 0.19005847836538464 0.10611030668714924 0.27415801103118664 0.9292362543776004 0.36270440641133145
0 0.946970349162664 0.34327934337771915 0.05705986057692311 0.26942355769230775 0.04878254341038087 0.36915943207908253 0.9386930319961218 0.443015217764494
0 0.6469790622355772 0.401230314738393 0.07054673798076928 0.373851295673077 0.06609274774272039 0.4676247043916963 0.6425250719975284 0.4950037234570124
0 0.5716360625 0.5701754375000001 0.5696149708761072 0.48243100335942135 0.11515717307692307 0.4928989134615386 0.11717826470081592 0.5806433476021173
0 0.9043621625065874 0.6346077986810161 0.8974429467239553 0.5493702964112738 0.12172483469813719 0.6123397741725654 0.12864405048076927 0.6975772764423076
0 0.8838928871613695 0.7072499507674899 0.8695236848990265 0.6107643137052451 0.07900148042996466 0.7284934783223707 0.0933706826923077 0.8249791153846154
0 0.7798603657348623 0.8172665241559524 0.766958365732197 0.7367162428689047 0.09291810576656537 0.8446794590975677 0.10582010576923076 0.9252297403846155
2 0.9825374014423076 0.016708437499999954 0 0 -0.017000479643918816 0.999710900113132 0.9655369217983888 1.0164193376131319