2 1.101623052861957 0.2023297443969091 0.16679732010482334 0.006167953979519709 -0.02335124777523049 0.9123371621773322 0.9114744849819032 1.1084989525947218
0 0.87115090625 1 0.8102365635940385 0.5632649640338371 0.7703720320628424 0.5688251356104972 0.831286374718804 1.00556017157666
0 0.7975267485970655 0.9298583924101614 0.7381660024581428 0.430564158834084 0.6831681346153846 0.4371028173076923 0.7425288807543075 0.9363970508837698
0 0.7154804591346154 0.7679110625000002 0.6792512982497646 0.47119138222496537 0.6435581534900662 0.4755494776596422 0.679787314374917 0.772269157934677
0 0.6690105937499999 0.6669314086538461 0.643889375 0.4206322139423077 0.6114004249409274 0.42394591548464383 0.6365216436909275 0.6702451101961823
0 0.6583050096153846 0.9719895576923077 0.6112256448841095 0.4440000463161376 0.5517064868030915 0.44930720505967237 0.5987858515343667 0.9772967164358424
0 0.7897942338709966 0.2645688534120333 0.7776953577006791 0.16079630677752335 0.7460482572115384 0.16448605288461537 0.7581471333818559 0.26825859951912534
0 0.6860817043269231 0.30088186538461537 0.6620868387399886 0.12881978937794536 0.627365707726773 0.13366181436697408 0.6513605733137074 0.30572389037364406
0 0.7579108163868634 0.2809646006368349 0.7421486441879941 0.14946205761979053 0.712847826923077 0.15297411538461542 0.7286099991219464 0.2844766584016598
0 0.3118143001388922 0.329371812200704 0.2665299001882647 0.32608196988962346 0.2547128861070649 0.488742164900458 0.29999728605769244 0.49203200721153856
0 0.43289624278846167 0.09277730288461544 0.37943318102537 0.08473716819471132 0.34376226756383144 0.32193173309855744 0.3972253293269231 0.3299718677884616