2 0.9785647716346156 0.05042016826923089 0.011378968695731918 0.034740266210452835 -0.003266218804268178 0.9381016123642989 0.9639195841346155 0.953781514423077
1 0.6201923076923077 0.38221153846153855 0.3269230769230769 0.38221153846153844 0.326923076923077 0.9951923076923077 0.6201923076923077 0.9951923076923077
0 0.13461538461538464 0.33653846153846156 0.04086538461538465 0.33653846153846156 0.04086538461538466 0.39663461538461536 0.13461538461538464 0.39663461538461536
0 0.1490384615384616 0.39663461538461536 0.03605769230769236 0.39663461538461536 0.03605769230769236 0.44711538461538464 0.14903846153846162 0.44711538461538464
0 0.15144230769230776 0.45913461538461536 0.03125000000000006 0.45913461538461536 0.03125000000000006 0.49759615384615385 0.15144230769230776 0.49759615384615385
0 0.1442307692307693 0.5 0.033653846153846215 0.5 0.033653846153846215 0.5456730769230769 0.1442307692307693 0.5456730769230769
0 0.5769230769230769 0.2692307692307693 0.20432692307692307 0.2692307692307692 0.2043269230769231 0.37019230769230776 0.5769230769230769 0.3701923076923078
0 0.35336538461538464 0.4206730769230769 0.23076923076923084 0.4206730769230769 0.23076923076923084 0.5048076923076923 0.35336538461538464 0.5048076923076923
0 0.40144230769230776 0.5240384615384616 0.21875000000000006 0.5240384615384616 0.21875000000000006 0.5913461538461539 0.4014423076923078 0.5913461538461539
0 0.32692307692307704 0.6129807692307693 0.20913461538461545 0.6129807692307693 0.20913461538461545 0.7115384615384616 0.32692307692307704 0.7115384615384616
0 0.2740384615384616 0.71875 0.20192307692307698 0.71875 0.20192307692307698 0.8076923076923077 0.2740384615384616 0.8076923076923077
0 0.6947115384615384 0.38221153846153855 0.47115384615384615 0.38221153846153844 0.47115384615384615 0.44471153846153855 0.6947115384615384 0.4447115384615386
0 0.6875 0.46875000000000006 0.5288461538461539 0.46875 0.5288461538461539 0.5384615384615385 0.6875 0.5384615384615385
0 0.7355769230769231 0.5961538461538463 0.5576923076923078 0.5961538461538461 0.5576923076923078 0.6802884615384616 0.7355769230769231 0.6802884615384616
0 0.8966346153846154 0.5625000000000001 0.7403846153846154 0.5625000000000001 0.7403846153846154 0.6129807692307694 0.8966346153846154 0.6129807692307694
0 0.8725961538461539 0.5144230769230771 0.7427884615384616 0.5144230769230771 0.7427884615384616 0.5528846153846155 0.8725961538461539 0.5528846153846155
0 0.9278846153846154 0.46634615384615397 0.7331730769230769 0.46634615384615397 0.7331730769230769 0.5144230769230771 0.9278846153846154 0.5144230769230771
0 0.9495192307692307 0.41586538461538475 0.75 0.41586538461538475 0.75 0.46634615384615397 0.9495192307692307 0.46634615384615397
0 0.9302884615384616 0.3509615384615386 0.7235576923076923 0.3509615384615386 0.7235576923076923 0.4062500000000001 0.9302884615384616 0.4062500000000001
0 0.8245192307692307 0.2908653846153847 0.7451923076923077 0.2908653846153847 0.7451923076923077 0.3461538461538463 0.8245192307692307 0.3461538461538463
0 0.9230769230769231 0.21634615384615394 0.71875 0.2163461538461539 0.71875 0.2908653846153847 0.9230769230769231 0.29086538461538475