0 0.8533653846153846 0.2235576923076924 0.29086538461538464 0.22355769230769237 0.29086538461538464 0.32451923076923084 0.8533653846153846 0.3245192307692309
0 0.8485576923076923 0.31250000000000006 0.12019230769230772 0.3125 0.12019230769230772 0.4038461538461539 0.8485576923076923 0.40384615384615397
0 0.8221153846153846 0.3846153846153847 0.09375000000000003 0.38461538461538464 0.09375000000000006 0.483173076923077 0.8221153846153846 0.48317307692307704
0 0.8293269230769231 0.4711538461538462 0.5048076923076923 0.47115384615384615 0.5048076923076923 0.5552884615384616 0.8293269230769231 0.5552884615384617
0 0.8485576923076923 0.5360576923076924 0.4110576923076923 0.5360576923076923 0.4110576923076924 0.6153846153846154 0.8485576923076923 0.6153846153846154
0 0.4927884615384617 0.8725961538461539 0.31730769230769246 0.8725961538461539 0.31730769230769246 0.9519230769230769 0.4927884615384617 0.9519230769230769
0 0.25240384615384626 0.8269230769230769 0.045673076923077024 0.8269230769230769 0.04567307692307703 0.9447115384615384 0.2524038461538463 0.9447115384615384
0 0.6370192307692307 0.8052884615384616 0.26201923076923084 0.8052884615384616 0.2620192307692309 0.8725961538461539 0.6370192307692307 0.8725961538461539
0 0.8378632653747435 0.7911973769223581 0.8361048100961537 0.7307631874999998 0.49857816491371787 0.740584209616103 0.5003366201923076 0.8010183990384614
0 0.8365787089876124 0.7187904314691912 0.8318106525031244 0.6528551183684255 0.05847111659243508 0.7087785138223114 0.06323917307692307 0.7747138269230771
0 0.840464541193004 0.6601604451625717 0.8371816001192129 0.6018405308033852 0.03933467671467069 0.6467528813138905 0.04261761778846155 0.705072795673077
2 0.9939102639951767 0.9600305262505451 0.9566692379807692 0.0014308749999999981 -0.037241026014407395 0.04004369730714755 8.540177112501205e-18 0.9986433485576925