2 1 1.2246467991473532e-16 0.010326310096153856 6.186464408768055e-17 0.010326310096153916 0.993923610576923 1 0.993923610576923
0 0.10336538461538465 0.17307692307692307 0.04326923076923079 0.17307692307692307 0.043269230769230796 0.25 0.10336538461538465 0.25
0 0.5625 0.3149038461538462 0.43990384615384615 0.31490384615384615 0.43990384615384615 0.3677884615384616 0.5625 0.3677884615384617
0 0.6298076923076923 0.25000000000000006 0.4423076923076923 0.25000000000000006 0.4423076923076923 0.3100961538461539 0.6298076923076923 0.31009615384615397
0 0.75 0.14663461538461547 0.6201923076923077 0.14663461538461545 0.6201923076923077 0.2163461538461539 0.75 0.2163461538461539
0 0.7620192307692307 0.6346153846153846 0.38461538461538475 0.6346153846153846 0.38461538461538475 0.6971153846153846 0.7620192307692307 0.6971153846153846
0 0.7091346153846154 0.6923076923076923 0.42788461538461553 0.6923076923076923 0.42788461538461553 0.7572115384615384 0.7091346153846154 0.7572115384615384
0 0.18750000000000006 0.6610576923076923 0.0721153846153847 0.6610576923076923 0.0721153846153847 0.7067307692307693 0.18750000000000006 0.7067307692307693
0 0.6466346153846154 0.5216346153846154 0.26682692307692313 0.5216346153846154 0.26682692307692313 0.5793269230769231 0.6466346153846154 0.5793269230769232
0 0.6634615384615384 0.44951923076923084 0.05048076923076928 0.4495192307692308 0.05048076923076929 0.5120192307692308 0.6634615384615384 0.512019230769231
0 0.40154295633899684 0.7073466471495016 0.2503097884615385 0.671875 0.23786224798792638 0.7249450187158829 0.38909541586538465 0.7604166658653847
0 0.5018487676594999 0.7831493179104752 0.057001237980769344 0.7096354158653846 0.044619633782807894 0.784559013820294 0.48946716346153846 0.8580729158653846
0 0.41570312055432435 0.8381220984548446 0.06815365625000011 0.7734375 0.05765499715365769 0.8298466519775717 0.4052044614579819 0.8945312504324163