2 0.9720414350961538 0.9201266442307696 0.8945055150981562 -0.05171423723587628 -0.07753591999799768 0.02583768343720041 0 0.9976785649038462
0 0.8967698149038463 0.7199442115384616 0.7942566301212702 0.34102508453303904 0.7076966177884615 0.3644431225961539 0.8102098025710376 0.7433622496015766
0 0.8065970168269231 0.8034310865384615 0.7015309957315998 0.3758581295506048 0.6225286952508307 0.39527109108906644 0.7275947163461538 0.8228440480769231
0 0.714267596153846 0.7782756081730771 0.6352024193766722 0.38815681466553886 0.5792567979159157 0.39949528521430033 0.6583219746930896 0.7896140787218384
0 0.6337320721153846 0.7133116105769233 0.5961431490384617 0.40600312259615384 0.5389533518054139 0.412998382971495 0.576542274882337 0.7203068709522642
0 0.5436982970188544 0.79238122540989 0.5361795769230769 0.41075986057692315 0.4709887510580687 0.41204425295549474 0.4785074711538462 0.7936656177884617
0 0.48812784375000007 0.41734463701923075 0.4243683142218624 0.4154894244708036 0.41177083894230776 0.8484366346153845 0.4755303684704455 0.8502918471638117
0 0.43584716105769244 0.43219866346153846 0.38050588370018296 0.4279242861157577 0.35858030528846163 0.7117994375 0.4139215826459711 0.7160738148457807
0 0.38130878365384624 0.43326422596153863 0.3345895366577976 0.4258132621039567 0.2797970432692309 0.7693747235576923 0.3265162902652795 0.7768256874152744
0 0.3320271153846155 0.4364290048076924 0.2615567287194359 0.42395496468515614 0.19199986778846168 0.8169069543269233 0.26247025445364125 0.8293809944494596
0 0.2864352572115386 0.4498537764423079 0.22882912089148524 0.4337024917909217 0.08743851682692323 0.9379946634615386 0.14504465314697662 0.9541459481129249
0 0.22251230288461538 0.45361514182692314 0.1656277485160038 0.4412491222139931 0.13348521153846155 0.5891070384615384 0.19036976590707314 0.6014730580744685