2 0.9892823076923078 0.9939883629807694 0.9401268678615419 -0.011499044591358818 0.025442110576923083 0.03321731009615385 0.07459755040768909 1.038704717668282
0 0.7451923076923077 0.8173076923076923 0.6610576923076923 0.8173076923076923 0.6610576923076923 0.9495192307692307 0.7451923076923077 0.9495192307692307
0 0.65625 0.8100961538461539 0.5841346153846155 0.8100961538461539 0.5841346153846155 0.9399038461538461 0.65625 0.9399038461538461
0 0.5817307692307694 0.8533653846153846 0.5264423076923078 0.8533653846153846 0.5264423076923078 0.9495192307692307 0.5817307692307694 0.9495192307692307
0 0.5264423076923078 0.875 0.46634615384615397 0.875 0.46634615384615397 0.9495192307692307 0.5264423076923078 0.9495192307692307
0 0.7932692307692307 0.3509615384615386 0.65625 0.3509615384615386 0.65625 0.7283653846153846 0.7932692307692307 0.7283653846153846
0 0.6153846153846154 0.560096153846154 0.5144230769230771 0.5600961538461539 0.5144230769230771 0.7139423076923077 0.6153846153846154 0.7139423076923077
0 0.5024038461538463 0.5216346153846154 0.3870192307692308 0.5216346153846154 0.38701923076923084 0.7211538461538461 0.5024038461538463 0.7211538461538461
0 0.35096153846153855 0.5144230769230769 0.23557692307692316 0.5144230769230769 0.23557692307692316 0.7307692307692307 0.3509615384615386 0.7307692307692307
0 0.4254807692307692 0.07932692307692313 0.3629807692307692 0.07932692307692311 0.3629807692307692 0.21875000000000006 0.4254807692307692 0.21875000000000006
0 0.4855769230769231 0.1129807692307693 0.43028846153846156 0.1129807692307693 0.43028846153846156 0.21875000000000006 0.4855769230769231 0.21875000000000006
0 0.5288461538461539 0.07932692307692314 0.4735576923076923 0.07932692307692314 0.4735576923076923 0.22115384615384623 0.5288461538461539 0.22115384615384623
0 0.5841346153846154 0.05769230769230776 0.5288461538461539 0.05769230769230776 0.5288461538461539 0.2163461538461539 0.5841346153846154 0.2163461538461539
0 0.6490384615384616 0.076923076923077 0.5841346153846154 0.076923076923077 0.5841346153846154 0.22355769230769237 0.6490384615384616 0.22355769230769237
0 0.7115384615384616 0.14423076923076933 0.65625 0.1442307692307693 0.65625 0.2163461538461539 0.7115384615384616 0.2163461538461539
0 0.7956730769230769 0.06971153846153856 0.7115384615384616 0.06971153846153855 0.7115384615384616 0.23557692307692316 0.7956730769230769 0.23557692307692316
1 0.6105769230769232 0.7283653846153846 0.05288461538461547 0.7283653846153846 0.05288461538461549 0.9471153846153846 0.6105769230769232 0.9471153846153846