2 1 0.998263889423077 0.9956709951923077 -5.337610695313253e-19 0.013446083346575597 0.0042594512439717395 0.017775088154267767 1.0025233406670486
0 0.1370192307692308 0.16346153846153846 0.07211538461538464 0.16346153846153846 0.07211538461538464 0.23076923076923078 0.1370192307692308 0.23076923076923078
0 0.37259615384615385 0.21394230769230776 0.28846153846153844 0.21394230769230776 0.28846153846153844 0.26201923076923084 0.37259615384615385 0.26201923076923084
0 0.6466346153846154 0.2475961538461539 0.45913461538461536 0.2475961538461539 0.45913461538461536 0.29807692307692313 0.6466346153846154 0.29807692307692313
0 0.5697115384615384 0.31250000000000006 0.4567307692307692 0.3125 0.4567307692307692 0.35096153846153855 0.5697115384615384 0.3509615384615386
0 0.2908653846153847 0.39663461538461536 0.22355769230769237 0.39663461538461536 0.22355769230769237 0.43028846153846156 0.2908653846153847 0.43028846153846156
0 0.6610576923076923 0.451923076923077 0.07932692307692314 0.4519230769230769 0.07932692307692314 0.5048076923076924 0.6610576923076923 0.5048076923076924
0 0.1177884615384616 0.5072115384615384 0.06250000000000007 0.5072115384615384 0.06250000000000007 0.5432692307692307 0.1177884615384616 0.5432692307692307
0 0.6466346153846154 0.5216346153846154 0.29326923076923084 0.5216346153846154 0.29326923076923084 0.5721153846153847 0.6466346153846154 0.5721153846153848
0 0.7163461538461539 0.6394230769230769 0.38942307692307704 0.6394230769230769 0.38942307692307704 0.6947115384615384 0.7163461538461539 0.6947115384615384
0 0.7091346153846154 0.6995192307692307 0.4134615384615386 0.6995192307692307 0.4134615384615386 0.7524038461538461 0.7091346153846154 0.7524038461538461
0 0.3181144521531837 0.624315281554051 0.16843762259615394 0.599826389423077 0.1612243891929703 0.643913884311334 0.31090121875000004 0.6684027764423079
0 0.19805989148877196 0.654591428675327 0.10310901201923084 0.6510416658653846 0.10103495226122822 0.7065196819015961 0.1959858317307693 0.7100694447115387
0 0.41047834024035473 0.7144733524805582 0.2660369927884617 0.6753472235576923 0.2538270515865686 0.7204224816540571 0.3982683990384616 0.759548610576923
0 0.4880911132385304 0.8080163420250298 0.08107044471153854 0.7074652764423076 0.06679008038593565 0.7652707646380951 0.47381074891292746 0.8658218302208174
0 0.4163429331153647 0.8476320611241513 0.07949626201923089 0.7690972235576923 0.06485968018585603 0.8318755270414968 0.40170635128198984 0.9104103646079559
0 0.7579693028846154 0.16927083413461547 0.7366289906311703 0.12106583512939026 0.624861968996555 0.17054500099477482 0.64620228125 0.21875000000000003