1 0.3942307692307693 0.39903846153846156 0.11538461538461542 0.39903846153846156 0.11538461538461547 0.9951923076923077 0.3942307692307694 0.9951923076923077
0 0.1971153846153847 0.31009615384615385 0.06730769230769235 0.31009615384615385 0.06730769230769235 0.3918269230769231 0.1971153846153847 0.3918269230769231
0 0.20913461538461545 0.4014423076923077 0.060096153846153896 0.4014423076923077 0.060096153846153896 0.4519230769230769 0.20913461538461545 0.4519230769230769
0 0.13942307692307698 0.4567307692307692 0.06730769230769236 0.4567307692307692 0.06730769230769237 0.5240384615384616 0.13942307692307698 0.5240384615384616
0 0.20432692307692316 0.5192307692307693 0.06250000000000007 0.5192307692307693 0.06250000000000007 0.5697115384615384 0.20432692307692316 0.5697115384615384
0 0.9735576923076923 0.1875000000000001 0.8076923076923077 0.18750000000000006 0.8076923076923077 0.2812500000000001 0.9735576923076923 0.2812500000000001
0 0.9086538461538461 0.28365384615384626 0.8245192307692307 0.2836538461538462 0.8245192307692307 0.34855769230769246 0.9086538461538461 0.34855769230769246
0 0.9817526851613222 0.3916781583234593 0.9749156826923076 0.3291536057692308 0.8300095408002159 0.3449989594650024 0.8368465432692306 0.4075235120192309
0 0.9950510714844574 0.4503080219582584 0.9928330528846154 0.4055642644230769 0.8283047458232352 0.4137201919840493 0.8305227644230772 0.4584639495192308
0 0.9779259542422742 0.4950386695386389 0.9732370119991283 0.45058168476011323 0.8184560841991616 0.46690665224070504 0.8231450264423076 0.5113636370192307
0 0.9359190552884614 0.5485893413461539 0.9327571658653846 0.509404389423077 0.8284615408546606 0.5178201515309897 0.8316234302777376 0.5570051034540666
0 0.9559443509615385 0.5505485889423078 0.829643388408694 0.5486612905260122 0.8285894244663864 0.6191942063913968 0.9548903870192309 0.6210815048076923
2 1.0144040049764689 0.932335482051919 1.0000000000000002 0.050940439903846155 0.0245926224273774 0.06688082083269652 0.03899662740384616 0.9482758629807694