2 0.9534642139423078 0.9204404134615386 0.9509372475314097 0.003974475619027551 0.04799054320448655 0.006464165522873534 0.050517509615384606 0.9229301033653846
0 0.7091346153846154 0.7043269230769231 0.6394230769230769 0.7043269230769231 0.6394230769230769 0.8725961538461539 0.7091346153846154 0.8725961538461539
0 0.6274038461538461 0.6754807692307693 0.5673076923076924 0.6754807692307693 0.5673076923076924 0.8701923076923077 0.6274038461538461 0.8701923076923077
0 0.7620192307692307 0.21153846153846162 0.6610576923076923 0.21153846153846162 0.6610576923076923 0.5961538461538463 0.7620192307692307 0.5961538461538463
0 0.6105769230769231 0.4086538461538462 0.5288461538461539 0.40865384615384615 0.528846153846154 0.5649038461538463 0.6105769230769232 0.5649038461538463
0 0.5168269230769231 0.3581730769230769 0.42788461538461536 0.3581730769230769 0.4278846153846155 0.5697115384615384 0.5168269230769232 0.5697115384615384
0 0.389423076923077 0.44471153846153844 0.3269230769230769 0.44471153846153844 0.326923076923077 0.5865384615384616 0.38942307692307704 0.5865384615384616
0 0.28846153846153855 0.4951923076923077 0.2067307692307693 0.4951923076923077 0.2067307692307693 0.5913461538461539 0.28846153846153855 0.5913461538461539
0 0.5602361201923078 0.6524657740384617 0.5099666840304267 0.6505924453519588 0.5016223571073497 0.8745064934288818 0.5518917932692309 0.8763798221153846
0 0.5120783822115386 0.6657642427884617 0.46408307207078536 0.6616585715186651 0.44577077644230784 0.8757293653846154 0.49376608658306104 0.879835036654412
1 0.65625 0.14423076923076927 0.08894230769230772 0.14423076923076922 0.08894230769230774 0.4399038461538462 0.65625 0.4399038461538463
0 0.5246349615384615 0.0383110552884616 0.4878968939477618 0.03470934891110799 0.4788454471153845 0.12703577163461544 0.5155835147060842 0.13063747801196907
0 0.5594281346153845 0.04929365144230777 0.5272856480936527 0.04647521045089065 0.5205019759615385 0.12383857932692313 0.5526444624832703 0.12665702031834025
0 0.5917189807692308 0.028127115384615455 0.5618439731496359 0.02515037270656413 0.5517722475961538 0.12623162500000007 0.5816472552157489 0.12920836767805138
0 0.6275530024038461 0.01903445192307699 0.5980649261198266 0.015305219819657191 0.5844195999259909 0.12320261224936724 0.6139076762100104 0.12693184435278704
0 0.6704378894230769 0.02799196153846162 0.6305607631139585 0.02175259659929825 0.6146835349558978 0.12322738431744934 0.6545606612650162 0.12946674925661272
0 0.7135052187500001 0.06830835817307701 0.6708870108880179 0.06342897823084172 0.6640458341346154 0.12318220432692316 0.7066640419965975 0.12806158426915845
0 0.7642233629807692 0.03081569951923085 0.7236684951923077 0.024390593750000085 0.7062024524984947 0.13463516834165173 0.7467573202869562 0.1410602741108825