0 0.5745192307692308 0.5336538461538463 0.49278846153846156 0.5336538461538461 0.4927884615384616 0.7283653846153846 0.574519230769231 0.7283653846153846
0 0.8245192307692307 0.6009615384615385 0.7259615384615384 0.6009615384615385 0.7259615384615384 0.6466346153846154 0.8245192307692307 0.6466346153846154
0 0.8557692307692307 0.7211538461538461 0.7668269230769231 0.7211538461538461 0.7668269230769231 0.7644230769230769 0.8557692307692307 0.7644230769230769
0 0.49038461538461553 0.7091346153846154 0.42067307692307704 0.7091346153846154 0.42067307692307704 0.7451923076923077 0.49038461538461553 0.7451923076923077
0 0.49038461538461553 0.59375 0.4302884615384617 0.59375 0.4302884615384617 0.6298076923076923 0.49038461538461553 0.6298076923076923
0 0.49038461538461553 0.7668269230769231 0.42067307692307704 0.7668269230769231 0.42067307692307704 0.7932692307692307 0.49038461538461553 0.7932692307692307
0 0.3990384615384617 0.5865384615384616 0.33413461538461553 0.5865384615384616 0.33413461538461553 0.6274038461538461 0.3990384615384617 0.6274038461538461
0 0.41105769230769246 0.6658653846153846 0.32692307692307704 0.6658653846153846 0.32692307692307704 0.7115384615384616 0.41105769230769246 0.7115384615384616
0 0.3942307692307694 0.7716346153846154 0.34134615384615397 0.7716346153846154 0.34134615384615397 0.8100961538461539 0.3942307692307694 0.8100961538461539
0 0.39663461538461553 0.8413461538461539 0.32692307692307704 0.8413461538461539 0.32692307692307704 0.8677884615384616 0.39663461538461553 0.8677884615384616
0 0.23076923076923084 0.8004807692307693 0.1514423076923078 0.8004807692307693 0.1514423076923078 0.8341346153846154 0.23076923076923084 0.8341346153846154
0 0.2379807692307693 0.7211538461538461 0.1658653846153847 0.7211538461538461 0.1658653846153847 0.7548076923076923 0.2379807692307693 0.7548076923076923
0 0.2475961538461539 0.6658653846153846 0.16346153846153852 0.6658653846153846 0.16346153846153852 0.6971153846153846 0.2475961538461539 0.6971153846153846
0 0.23076923076923084 0.5817307692307693 0.16346153846153852 0.5817307692307693 0.16346153846153852 0.6129807692307693 0.23076923076923084 0.6129807692307693
0 0.31730769230769246 0.5745192307692307 0.2548076923076924 0.5745192307692307 0.2548076923076924 0.6033653846153846 0.31730769230769246 0.6033653846153846
0 0.6634615384615384 0.7139423076923077 0.5889423076923078 0.7139423076923077 0.5889423076923078 0.75 0.6634615384615384 0.75
0 0.6370192307692307 0.591346153846154 0.574519230769231 0.591346153846154 0.574519230769231 0.6274038461538461 0.6370192307692307 0.6274038461538461
0 0.7163461538461539 0.6009615384615385 0.6586538461538461 0.6009615384615385 0.6586538461538461 0.6370192307692307 0.7163461538461539 0.6370192307692307
0 0.7524038461538461 0.71875 0.6802884615384616 0.71875 0.6802884615384616 0.7596153846153846 0.7524038461538461 0.7596153846153846
0 0.3990384615384617 0.7163461538461539 0.33413461538461553 0.7163461538461539 0.33413461538461553 0.7427884615384616 0.3990384615384617 0.7427884615384616
0 0.3437500000000001 0.6947115384615384 0.3365384615384617 0.6947115384615384 0.3365384615384617 0.7091346153846154 0.3437500000000001 0.7091346153846154
0 0.8822115384615384 0.2980769230769232 0.7980769230769231 0.29807692307692313 0.7980769230769231 0.39663461538461553 0.8822115384615384 0.39663461538461553
0 0.9086538461538461 0.40384615384615397 0.8173076923076923 0.40384615384615397 0.8173076923076923 0.5024038461538463 0.9086538461538461 0.5024038461538463
0 0.8076923076923077 0.295673076923077 0.7115384615384616 0.295673076923077 0.7115384615384616 0.43509615384615397 0.8076923076923077 0.43509615384615397
0 0.8149038461538461 0.4495192307692309 0.7475961538461539 0.4495192307692309 0.7475961538461539 0.5096153846153848 0.8149038461538461 0.5096153846153848
0 0.7403846153846154 0.28846153846153855 0.6394230769230769 0.28846153846153855 0.6394230769230769 0.5024038461538463 0.7403846153846154 0.5024038461538463
0 0.5360576923076923 0.34615384615384615 0.43990384615384615 0.34615384615384615 0.43990384615384615 0.4807692307692308 0.5360576923076923 0.4807692307692308
0 0.5985576923076923 0.44471153846153855 0.5360576923076923 0.44471153846153844 0.5360576923076923 0.5120192307692308 0.5985576923076923 0.512019230769231
0 0.4543269230769231 0.27644230769230776 0.375 0.27644230769230776 0.375 0.5 0.4543269230769231 0.5
0 0.38461538461538464 0.2716346153846154 0.2692307692307692 0.27163461538461536 0.2692307692307693 0.5048076923076923 0.38461538461538464 0.5048076923076923
0 0.7980769230769231 0.021634615384615474 0.71875 0.02163461538461547 0.71875 0.0673076923076924 0.7980769230769231 0.06730769230769242
0 0.8389423076923077 0.07692307692307702 0.7259615384615384 0.07692307692307702 0.7259615384615384 0.2139423076923078 0.8389423076923077 0.21394230769230782
0 0.7403846153846154 0.04807692307692316 0.6658653846153846 0.04807692307692316 0.6658653846153846 0.25000000000000006 0.7403846153846154 0.25000000000000006
0 0.5360576923076923 0.014423076923076983 0.4567307692307692 0.01442307692307698 0.4567307692307692 0.08894230769230776 0.5360576923076923 0.08894230769230776
0 0.46875 0.01201923076923082 0.3870192307692308 0.012019230769230817 0.3870192307692308 0.2283653846153847 0.46875 0.2283653846153847
0 0.3894230769230769 0.07932692307692311 0.34134615384615385 0.07932692307692311 0.34134615384615385 0.10336538461538465 0.3894230769230769 0.10336538461538465
0 0.40384615384615385 0.12019230769230772 0.33653846153846156 0.12019230769230772 0.33653846153846156 0.24278846153846162 0.40384615384615385 0.24278846153846162
0 0.3798076923076923 0.009615384615384658 0.3269230769230769 0.009615384615384654 0.3269230769230769 0.0697115384615385 0.3798076923076923 0.06971153846153852
0 0.34375 0.024038461538461578 0.2620192307692308 0.02403846153846157 0.2620192307692308 0.24038461538461542 0.34375 0.24038461538461545
0 0.29086538461538464 0.007211538461538491 0.19951923076923078 0.007211538461538485 0.19951923076923078 0.12019230769230772 0.29086538461538464 0.12019230769230772
0 0.2644230769230769 0.18028846153846154 0.1971153846153846 0.18028846153846154 0.1971153846153846 0.2283653846153846 0.2644230769230769 0.2283653846153846
0 0.2091346153846154 0.10096153846153848 0.1201923076923077 0.10096153846153846 0.12019230769230771 0.21875 0.2091346153846154 0.21875
0 0.21153846153846154 0.004807692307692329 0.13221153846153846 0.0048076923076923244 0.13221153846153846 0.06250000000000003 0.21153846153846154 0.06250000000000003
0 0.2644230769230769 0.1274038461538462 0.20432692307692307 0.1274038461538462 0.20432692307692307 0.14903846153846156 0.2644230769230769 0.14903846153846156
0 0.9375 0.5673076923076924 0.8653846153846154 0.5673076923076924 0.8653846153846154 0.6081730769230771 0.9375 0.6081730769230771
0 0.9855769230769231 0.7451923076923077 0.8822115384615384 0.7451923076923077 0.8822115384615384 0.8245192307692307 0.9855769230769231 0.8245192307692307
0 0.19951923076923078 0.06971153846153848 0.125 0.06971153846153848 0.125 0.08653846153846155 0.19951923076923078 0.08653846153846158
0 0.6778846153846154 0.05528846153846161 0.6057692307692307 0.055288461538461606 0.6057692307692307 0.24519230769230776 0.6778846153846154 0.24519230769230776
0 0.59375 0.03846153846153853 0.5336538461538461 0.03846153846153853 0.5336538461538461 0.14663461538461545 0.59375 0.14663461538461545
2 1 6.123233995736766e-17 0 0 6.089230485094127e-17 0.9944468052884615 1 0.9944468052884615