2 1 6.123233995736766e-17 0 0 5.4176269532592875e-17 0.884765625 1 0.884765625
0 0.4134615384615386 0.6802884615384616 0.3437500000000001 0.6802884615384616 0.3437500000000001 0.7355769230769231 0.4134615384615386 0.7355769230769231
0 0.264423076923077 0.6947115384615384 0.21394230769230776 0.6947115384615384 0.21394230769230776 0.7475961538461539 0.264423076923077 0.7475961538461539
0 0.42788461538461553 0.6201923076923077 0.3629807692307694 0.6201923076923077 0.3629807692307694 0.6682692307692307 0.42788461538461553 0.6682692307692307
0 0.27644230769230776 0.6274038461538461 0.20913461538461545 0.6274038461538461 0.20913461538461545 0.6754807692307693 0.27644230769230776 0.6754807692307693
0 0.28125000000000006 0.5625 0.22115384615384623 0.5625 0.22115384615384623 0.6081730769230769 0.28125000000000006 0.6081730769230769
0 0.4399038461538462 0.5528846153846154 0.3798076923076923 0.5528846153846154 0.3798076923076924 0.5961538461538461 0.4399038461538463 0.5961538461538461
0 0.49038461538461536 0.5096153846153846 0.24519230769230776 0.5096153846153846 0.24519230769230776 0.5552884615384616 0.49038461538461536 0.5552884615384616
0 0.4423076923076923 0.4639423076923077 0.38221153846153844 0.4639423076923077 0.38221153846153844 0.5072115384615384 0.4423076923076923 0.5072115384615384
0 0.3004807692307693 0.4375 0.17307692307692316 0.4375 0.17307692307692316 0.49038461538461536 0.3004807692307693 0.49038461538461536
0 0.9924763629807691 0.7459932524038462 0.98763485207672 0.710192034616054 0.8092289690374925 0.7343184214110722 0.8140704799415418 0.7701196391988644
0 0.7331123628364024 0.7876046475635694 0.7279595274190316 0.7365841645849213 0.5037406525633985 0.7592292453867368 0.5088934879807693 0.8102497283653848
0 0.947199489756794 0.7146693624742884 0.9442447716346154 0.6647174927884615 0.7880468467816677 0.6739568033910962 0.7910015649038462 0.7239086730769231
0 0.9491275841346156 0.6646606754807693 0.9466464011149092 0.6185512311381688 0.7728766030379859 0.6279019114266303 0.7753577860576922 0.6740113557692309
0 0.9608355194964286 0.6034756378043955 0.8594699524506155 0.6033881202765627 0.8594393896849561 0.6387868815106289 0.9608049567307693 0.6388743990384617
0 1.0036026823402335 0.5644236996035255 0.9091262307692307 0.5539744110576923 0.9055235484289972 0.5865477907810901 1 0.5969970793269231
0 1.0015769139536497 0.5239882881345533 0.7929548389423078 0.5125755216346154 0.7912463933023476 0.5438054144440876 0.9998684683136894 0.5552181809440255
0 0.9958600808794149 0.499758564745692 0.7750018103252222 0.4662266229135047 0.7695926105769231 0.5018543389423077 0.9904508811311158 0.535386280774495
0 1.005843927631316 0.4663779898919055 0.7742626163634946 0.4197907816502332 0.7658538533653847 0.4615900745192309 0.997435164633206 0.5081772827609032
0 0.9990110855830334 0.4350120773854632 0.7698824489465644 0.3760316114265345 0.7601036442307694 0.41402053125000005 0.9892322808672384 0.47300099720892885
0 1.006302943006189 0.3942042174106553 0.7821789038461536 0.33803391346153855 0.7730057997822725 0.37463533787780645 0.9971298389423077 0.4308056418269232
0 0.751781185096154 0.4727468533653846 0.7517154148422794 0.4067908763580865 0.5219616442307693 0.4070199831730769 0.5220274144846437 0.4729759601803751
0 0.7551643437499999 0.47515037980769237 0.5219051514423076 0.468093014423077 0.5204949013669553 0.5147044303837193 0.7537540936746475 0.5217617957683346
0 0.7472495864885941 0.5258032649623554 0.543044326955571 0.5042633872543264 0.5388923942307693 0.5436251009615385 0.7430976537637923 0.5651649786695675
0 0.752052048076923 0.6022171370192309 0.751959161807505 0.5496418884311292 0.5044353805575049 0.5500791961234369 0.504528266826923 0.6026544447115385
0 0.7457975288461538 0.607175704326923 0.5385800048076923 0.5998153197115385 0.5369698169777289 0.645147072438761 0.7441873410161904 0.6525074570541456
0 0.7466649230769234 0.6548020673076922 0.5122227970248642 0.6403712986708713 0.5091344182692309 0.6905450697115386 0.74357654432129 0.7049758383483595
0 0.7433100139769022 0.72652710131074 0.7397362048188155 0.6795258002646966 0.48728060189960554 0.6987216124154951 0.49085441105769223 0.7457229134615386
0 0.22596153846153857 0.7788461538461539 0.12259615384615395 0.7788461538461539 0.12259615384615395 0.8461538461538461 0.2259615384615386 0.8461538461538461