0 0.14522276140495685 0.40720104334430085 0.04879227938230068 0.4056280455810531 0.045450705477343915 0.6104786753136754 0.1418811875000001 0.6120516730769231
0 0.2042229188540395 0.7482207893508313 0.19289637499999995 0.3365297139423077 0.12953073110656746 0.3382730447728005 0.14085727496060702 0.7499641201813241
0 0.21865291586538466 0.3099511706730769 0.1976116850961539 0.07084019471153846 0.06503867865487632 0.08250632258828777 0.08607990942410712 0.32161729854982624
0 0.2688724596394454 0.6018888158427197 0.200092848464884 0.5977626141326993 0.1801247668269232 0.9306103485576925 0.2489043780014846 0.934736550267713
0 0.3660409521252357 0.10887609556348421 0.2909683990384616 0.10488716105769237 0.24711179110504078 0.9302773805529088 0.32218434419181485 0.9342663150587006
0 0.4475437860576924 0.07466197115384623 0.36634457761931316 0.0687797625639454 0.3021105860694876 0.9554788975858343 0.38330979450786684 0.961361106175735
0 0.5054135000000001 0.5178721225961539 0.4221521947115385 0.5106187620192308 0.38460360730747223 0.9416388892892136 0.4678649125959338 0.9488922498661366
0 0.572829091346154 0.5816667235576924 0.4978171779088728 0.5768367686980302 0.47566623317307705 0.9208533894230772 0.5506781466103582 0.9256833442827394
0 0.7444195144230771 0.14996388461538473 0.6703875550369198 0.13767959212357633 0.5426347952544321 0.9075885738572343 0.6166667546405894 0.9198728663490428
0 0.8173042644230772 0.19169638461538474 0.7451949949879657 0.17981778300352666 0.6238649200557695 0.916354233147129 0.6959741894908811 0.9282328347589872
0 0.878259608173077 0.3664091947115385 0.7960460096656271 0.352818130356812 0.7032164780086068 0.9143525066274072 0.7854300765160567 0.9279435709821338
2 0.9974271346153846 6.107479738947234e-17 0 0 6.123233995736766e-17 1 0.9974271346153846 1