0 0.23317307692307698 0.6153846153846154 0.16826923076923084 0.6153846153846154 0.16826923076923084 0.7259615384615384 0.23317307692307698 0.7259615384615384
0 0.28125000000000006 0.5216346153846154 0.24519230769230776 0.5216346153846154 0.24519230769230776 0.6177884615384616 0.28125000000000006 0.6177884615384616
0 0.3341346153846155 0.38461538461538464 0.28846153846153855 0.38461538461538464 0.28846153846153855 0.5600961538461539 0.33413461538461553 0.5600961538461539
0 0.2908653846153847 0.4326923076923077 0.2475961538461539 0.4326923076923077 0.2475961538461539 0.5096153846153846 0.2908653846153847 0.5096153846153846
0 0.45142006730769235 0.6295401778846154 0.43404016388045885 0.033152282797773665 0.38328453407276647 0.03463140058623525 0.40066443749999997 0.6310192956730769
0 0.49519230769230776 0.2596153846153847 0.4423076923076923 0.2596153846153847 0.4423076923076924 0.6009615384615384 0.4951923076923078 0.6009615384615384
0 0.6394230769230769 0.4134615384615386 0.5865384615384616 0.4134615384615386 0.5865384615384616 0.6730769230769231 0.6394230769230769 0.6730769230769231
0 0.5720896011774743 0.2895649682484817 0.5324118052884615 0.12238874278846157 0.49872135314944893 0.1303848730976722 0.5383991490384616 0.29756109855769236
0 0.594164860576923 0.6950043245192309 0.5792299654360816 0.3598254141612201 0.5346780275332749 0.36181055851349747 0.5496129226741163 0.6969894688715084
0 0.5913461538461539 0.06250000000000007 0.5432692307692307 0.06250000000000007 0.5432692307692307 0.16826923076923084 0.5913461538461539 0.16826923076923084
0 0.625 0.23317307692307698 0.5697115384615384 0.23317307692307698 0.5697115384615384 0.3701923076923078 0.625 0.3701923076923078
0 0.7171915353278941 0.44324238144808004 0.6250035981130073 0.027137252452312237 0.5807616300928056 0.03693904408115531 0.6729495673076923 0.45304417307692313
0 0.7380683028846153 0.3792677187500001 0.6823802399068637 0.032126270460952705 0.6325387259615385 0.04012179326923075 0.6882267889392902 0.3872632415582781
2 0.9175624759615384 0.9947633293269231 0.9117551421730219 -0.003432869517735523 0.033130007557637293 0.0016788203861106117 0.03893734134615385 0.9998750192307692