2 0.9731168903022108 0.9748663103145614 0.9497252100791236 -0.014825082910463748 0.0209702500653744 0.007126344755744198 0.04436193028846154 0.9968177379807693
0 0.7067307692307693 0.014423076923077004 0.625 0.014423076923077 0.625 0.17307692307692316 0.7067307692307693 0.17307692307692316
0 0.6177884615384616 0.021634615384615457 0.5504807692307693 0.021634615384615453 0.5504807692307693 0.18750000000000006 0.6177884615384616 0.18750000000000006
0 0.5408653846153846 0.024038461538461602 0.49038461538461536 0.0240384615384616 0.49038461538461536 0.20432692307692316 0.5408653846153846 0.20432692307692316
0 0.4855769230769231 0.026442307692307748 0.4230769230769231 0.026442307692307744 0.4230769230769231 0.19951923076923084 0.4855769230769231 0.19951923076923084
0 0.8317307692307693 0.8461538461538461 0.7403846153846154 0.8461538461538461 0.7403846153846154 0.9615384615384616 0.8317307692307693 0.9615384615384616
0 0.7379807692307693 0.8653846153846154 0.6658653846153846 0.8653846153846154 0.6658653846153846 0.9447115384615384 0.7379807692307693 0.9447115384615384
0 0.6634615384615384 0.8677884615384616 0.605769230769231 0.8677884615384616 0.605769230769231 0.9711538461538461 0.6634615384615384 0.9711538461538461
0 0.6009615384615385 0.8653846153846154 0.5504807692307694 0.8653846153846154 0.5504807692307694 0.9663461538461539 0.6009615384615385 0.9663461538461539
0 0.5480769230769232 0.8557692307692307 0.5000000000000001 0.8557692307692307 0.5000000000000001 0.9735576923076923 0.5480769230769232 0.9735576923076923
0 0.5048076923076924 0.8653846153846154 0.45432692307692324 0.8653846153846154 0.45432692307692324 0.9783653846153846 0.5048076923076924 0.9783653846153846
0 0.4447115384615386 0.875 0.38942307692307704 0.875 0.38942307692307704 0.9735576923076923 0.4447115384615386 0.9735576923076923
1 0.6490384615384616 0.29807692307692313 0.02403846153846157 0.2980769230769231 0.024038461538461595 0.6153846153846154 0.6490384615384616 0.6153846153846154