2 1 0.03492076923076935 0.010926963942307752 0.03492076923076929 0.010926963942307811 1 1 1
0 0.8933512694757108 0.2900032650550912 0.8727055178706566 0.17893851371735994 0.5162074142603306 0.24520770539303804 0.5368531658653847 0.35627245673076935
0 0.940764202987758 0.3942918766530589 0.9353372235576921 0.32624964423076924 0.5517478979737802 0.35684433969309476 0.5571748774038461 0.4248865721153845
0 0.9190573236789616 0.45547207393396955 0.9166429326923077 0.397495670673077 0.5510360548188913 0.4127211400183216 0.5534504458055451 0.4706975432792141
0 0.8590998988239716 0.4711417429710018 0.5732461470984371 0.46650012058677304 0.5723347675052348 0.5226273223273097 0.8581885192307692 0.5272689447115385
0 0.9206730769230769 0.5336538461538463 0.5721153846153846 0.5336538461538463 0.5721153846153847 0.6081730769230771 0.9206730769230769 0.6081730769230771
0 0.9615384615384616 0.5937500000000001 0.574519230769231 0.5937500000000001 0.574519230769231 0.6610576923076923 0.9615384615384616 0.6610576923076923
0 0.8581730769230769 0.6442307692307693 0.574519230769231 0.6442307692307693 0.574519230769231 0.7115384615384616 0.8581730769230769 0.7115384615384616
0 0.8835651558971804 0.7421797572586877 0.5870061586538462 0.7115264903846155 0.5814859402566657 0.7649325576451587 0.8780449374999998 0.7955858245192309
0 0.9208508134532019 0.8037951746265285 0.579263341346154 0.7651802403846154 0.5721484077006446 0.8281188998927024 0.9137358798076924 0.8667338341346155
0 1.0032092097886547 0.8996490392955501 0.5952137932692309 0.8176641875 0.5848186676151916 0.8693952515698347 0.9928140841346155 0.9513801033653847
0 0.7230855065596224 0.9011292736723066 0.5971668557692307 0.8656649495192307 0.581827229795003 0.9201294022454921 0.7077458805853947 0.9555937263985681
0 0.3149038461538462 0.3245192307692308 0.026442307692307734 0.3245192307692308 0.026442307692307772 0.9831730769230769 0.3149038461538463 0.9831730769230769