2 0.986263735576923 0.06896627884615397 4.136648288867771e-18 0.030426776442307683 -0.037652660562644456 0.9939953578886934 0.9486110750142787 1.0325348602925397
0 0.7956730769230769 0.1658653846153847 0.7091346153846154 0.1658653846153847 0.7091346153846154 0.5480769230769232 0.7956730769230769 0.5480769230769232
0 0.6947115384615384 0.12500000000000006 0.625 0.12500000000000006 0.625 0.5192307692307694 0.6947115384615384 0.5192307692307694
0 0.6274038461538461 0.1442307692307693 0.5793269230769231 0.1442307692307693 0.5793269230769231 0.5072115384615385 0.6274038461538461 0.5072115384615385
0 0.5769230769230769 0.20432692307692316 0.5144230769230769 0.20432692307692316 0.5144230769230769 0.4975961538461539 0.5769230769230769 0.49759615384615397
0 0.5043334844898346 0.1351255033761861 0.4257873173076923 0.1342115360576924 0.4216049680279615 0.49364179039245953 0.5001511352101038 0.4945557577109533
0 0.45901312740384625 0.4855910192307693 0.42549741384959666 0.11046869769217685 0.3729831514423077 0.1151606418269231 0.4064988649965572 0.4902829633655155
0 0.40215444951923085 0.4774264014423077 0.37569029807692317 0.22006677403846153 0.3270205288513567 0.22507146011312093 0.35348468029366437 0.4824310875169671
0 0.34516590384615375 0.4804224951923078 0.2984903214489145 0.1542213032947769 0.2506860024038461 0.1610615432692308 0.2973615848010853 0.48726273516676166
0 0.29022084855769226 0.4765803629807692 0.2360303835977698 0.1333063929861969 0.18610789663461536 0.14118733653846152 0.24029836159453782 0.4844613065330338
0 0.24515234375000006 0.46784396874999995 0.15774494745365433 0.0465751479623839 0.1006585 0.058419788461538454 0.1880658962963457 0.4796886092491545
0 0.18234176442307692 0.4648480504807693 0.1521852505743297 0.3243016368779298 0.10727215144230769 0.33393847115384623 0.1374286652910549 0.47448488475668577
1 0.7259615384615384 0.4879807692307693 5.976040870839248e-17 0.4879807692307692 7.948428744465993e-17 0.8100961538461539 0.7259615384615384 0.8100961538461539