2 0.9855769230769231 0.028846153846153907 0.01682692307692308 0.028846153846153848 0.01682692307692314 0.9831730769230769 0.9855769230769231 0.9831730769230769
0 0.9038461538461539 0.17067307692307704 0.6394230769230769 0.17067307692307698 0.6394230769230769 0.2764423076923078 0.9038461538461539 0.2764423076923078
0 0.9422977374023203 0.3350013942290311 0.9363039796646131 0.2723914090080441 0.6518738432238315 0.29962037775978223 0.6578676009615385 0.36223036298076927
0 0.9290357801356125 0.38845223311072125 0.9259523035183803 0.34782970426824367 0.6547841243443064 0.36841288221521473 0.6578676009615385 0.40903541105769226
0 0.8816250769230769 0.4538054543269231 0.8805939374999999 0.3927553918269231 0.6743903042673642 0.39623818425498786 0.6754214436904413 0.45728824675498786
0 0.9249329759615382 0.4782254783653847 0.6661167259615385 0.4700854711538462 0.6643274410835899 0.5269768215246298 0.9231436910835898 0.5351168287361683
0 0.9517426274038462 0.5352055336538463 0.6743658485576923 0.529100528846154 0.6732451436547044 0.580019000791697 0.9506219225008583 0.5861240055993893
0 0.8766114264050058 0.5870667962297381 0.6784904110576926 0.5779405769230771 0.6760561468872516 0.6307859965723005 0.8741771622345648 0.6399122158789615
0 0.9104970096153846 0.6430606418269231 0.6805526923076923 0.6369556370192309 0.6789315066854757 0.6980174105758893 0.9088758239931681 0.7041224153835816
0 0.9232833469750061 0.705980892341717 0.6743658485576925 0.6817256826923077 0.6684729157568149 0.742201519114176 0.9173904141741287 0.7664567287635851
0 0.9739773923678462 0.769488817936036 0.6795215504807692 0.7407407403846155 0.6737850331129233 0.7994977493716567 0.9682408750000001 0.8282458269230771
0 0.7883823891354322 0.8082698469485277 0.6846772524038461 0.7936507932692309 0.6758370363453371 0.856361816513011 0.7795421730769232 0.8709808701923077