0 0.26201923076923084 0.6538461538461539 0.20192307692307698 0.6538461538461539 0.20192307692307698 0.7692307692307693 0.26201923076923084 0.7692307692307693
0 0.31971153846153855 0.46634615384615385 0.26682692307692313 0.46634615384615385 0.26682692307692313 0.6538461538461539 0.3197115384615386 0.6538461538461539
0 0.358173076923077 0.47115384615384615 0.3125 0.47115384615384615 0.31250000000000006 0.5865384615384616 0.35817307692307704 0.5865384615384616
0 0.2524038461538462 0.3076923076923077 0.2163461538461539 0.3076923076923077 0.2163461538461539 0.36778846153846156 0.2524038461538462 0.36778846153846156
0 0.48928239358424686 0.6782954420514173 0.42176173076923074 0.06978559134615385 0.37112996458883 0.07540372621781337 0.43865062740384614 0.6839135769230769
0 0.46153846153846156 0.07211538461538466 0.4254807692307692 0.07211538461538466 0.4254807692307692 0.12019230769230776 0.46153846153846156 0.12019230769230776
0 0.5312500000000001 0.3052884615384616 0.45913461538461536 0.3052884615384616 0.4591346153846155 0.6538461538461539 0.5312500000000001 0.6538461538461539
0 0.5763820576923077 0.32478034375 0.5445398870717946 0.17398385007651773 0.5131056274038461 0.18062150480769232 0.5449477980243592 0.3314179984811746
0 0.6298076923076923 0.4038461538461539 0.5552884615384616 0.40384615384615385 0.5552884615384616 0.7307692307692307 0.6298076923076923 0.7307692307692307
0 0.6730769230769231 0.4615384615384617 0.6129807692307693 0.4615384615384617 0.6129807692307693 0.7163461538461539 0.6730769230769231 0.7163461538461539
0 0.59375 0.10576923076923084 0.5480769230769231 0.10576923076923084 0.5480769230769231 0.2067307692307693 0.59375 0.2067307692307693
0 0.6466346153846154 0.27644230769230776 0.5793269230769231 0.27644230769230776 0.5793269230769231 0.41586538461538475 0.6466346153846154 0.41586538461538475
0 0.7423843509615384 0.4941411634615386 0.6208235165432984 0.07319015183336346 0.5776364728719738 0.08566156280452976 0.699197307290214 0.5066125744327048
0 0.7623765697115387 0.42296295432692305 0.6872393736981487 0.07951408332787883 0.6317320889423078 0.09165755528846152 0.7068692849556977 0.4351064262875057
2 1 0.021871415865384727 0.08841656730769237 0.021871415865384672 0.08841656730769244 1 1 1