0 0.1586538461538462 0.2764423076923077 0.05288461538461542 0.2764423076923077 0.05288461538461542 0.34375 0.15865384615384623 0.34375
0 0.17067307692307698 0.35336538461538464 0.05048076923076928 0.35336538461538464 0.05048076923076928 0.40384615384615385 0.17067307692307698 0.40384615384615385
0 0.1754807692307693 0.4110576923076923 0.04807692307692313 0.4110576923076923 0.04807692307692313 0.4639423076923077 0.1754807692307693 0.4639423076923077
0 0.17067307692307698 0.47115384615384615 0.040865384615384664 0.47115384615384615 0.04086538461538468 0.5240384615384616 0.17067307692307698 0.5240384615384616
0 0.6225961538461539 0.22836538461538464 0.2548076923076923 0.2283653846153846 0.25480769230769235 0.3317307692307693 0.6225961538461539 0.3317307692307694
0 0.3894230769230769 0.38221153846153844 0.2548076923076924 0.38221153846153844 0.2548076923076924 0.4831730769230769 0.3894230769230769 0.4831730769230769
0 0.3413461538461539 0.49759615384615385 0.24278846153846162 0.49759615384615385 0.24278846153846162 0.5745192307692307 0.34134615384615397 0.5745192307692307
0 0.2788461538461539 0.7115384615384616 0.2067307692307693 0.7115384615384616 0.2067307692307693 0.8149038461538461 0.2788461538461539 0.8149038461538461
0 0.7067307692307693 0.358173076923077 0.5024038461538461 0.3581730769230769 0.5024038461538461 0.4278846153846155 0.7067307692307693 0.42788461538461553
0 0.7019230769230769 0.44471153846153855 0.4807692307692308 0.44471153846153844 0.4807692307692308 0.5264423076923077 0.7019230769230769 0.5264423076923078
0 0.8822115384615384 0.5625000000000001 0.7355769230769231 0.5625000000000001 0.7355769230769231 0.625 0.8822115384615384 0.625
0 0.8461538461538461 0.5096153846153848 0.7403846153846154 0.5096153846153848 0.7403846153846154 0.5528846153846155 0.8461538461538461 0.5528846153846155
0 0.8990384615384616 0.4615384615384617 0.7379807692307693 0.4615384615384617 0.7379807692307693 0.512019230769231 0.8990384615384616 0.512019230769231
0 0.9254807692307693 0.41105769230769246 0.7475961538461539 0.41105769230769246 0.7475961538461539 0.4615384615384617 0.9254807692307693 0.4615384615384617
0 0.90625 0.3557692307692309 0.7475961538461539 0.3557692307692309 0.7475961538461539 0.4134615384615386 0.90625 0.4134615384615386
0 0.8317307692307693 0.2908653846153847 0.7572115384615384 0.2908653846153847 0.7572115384615384 0.35336538461538475 0.8317307692307693 0.35336538461538475
0 0.9110576923076923 0.21153846153846165 0.7403846153846154 0.21153846153846162 0.7403846153846154 0.2860576923076924 0.9110576923076923 0.28605769230769246
1 0.5649038461538463 0.3149038461538462 0.264423076923077 0.31490384615384615 0.26442307692307704 0.9903846153846154 0.5649038461538463 0.9903846153846154
2 0.9574558293269232 0.06589589663461552 0.027640913677451424 0.015568798276930374 -0.02058427622639482 0.9065500458730843 0.9092306394230769 0.9568771442307694
0 0.3052884615384616 0.6009615384615384 0.22355769230769237 0.6009615384615384 0.22355769230769237 0.6875 0.3052884615384616 0.6875