2 1 0.05824336778846163 0 0 -0.056685788710147594 0.9732574001563405 0.9433142112898524 1.0315007679448023
0 0.9298525749750692 0.7972864040893549 0.8853681250000001 0.7938319375000001 0.8713904562749311 0.9738275718721838 0.9158749062500001 0.9772820384615386
0 0.5626196923076923 0.9813629230769231 0.4881755088809151 0.7795795425676265 0.4458348511941415 0.7952003319472519 0.5202790346209187 0.9969837124565485
0 0.8749281629485467 0.936442804327349 0.8680351634615383 0.7798457451923078 0.8219272553206837 0.7818752966341893 0.8288202548076922 0.9384723557692307
0 0.8269230769230769 0.78125 0.7740384615384616 0.78125 0.7740384615384616 0.9423076923076923 0.8269230769230769 0.9423076923076923
0 0.7836538461538461 0.8605769230769231 0.7451923076923077 0.8605769230769231 0.7451923076923077 0.9519230769230769 0.7836538461538461 0.9519230769230769
0 0.7548076923076923 0.9038461538461539 0.6995192307692307 0.9038461538461539 0.6995192307692307 0.9951923076923077 0.7548076923076923 0.9951923076923077
0 0.6658653846153846 0.26201923076923084 0.5865384615384616 0.26201923076923084 0.5865384615384616 0.4807692307692309 0.6658653846153846 0.4807692307692309
0 0.9519230769230769 0.5072115384615385 0.8846153846153846 0.5072115384615385 0.8846153846153846 0.7235576923076923 0.9519230769230769 0.7235576923076923
0 0.8846153846153846 0.49038461538461553 0.8149038461538461 0.49038461538461553 0.8149038461538461 0.7235576923076923 0.8846153846153846 0.7235576923076923
0 0.8293269230769231 0.5000000000000001 0.7668269230769231 0.5000000000000001 0.7668269230769231 0.7355769230769231 0.8293269230769231 0.7355769230769231
0 0.78125 0.5168269230769232 0.7211538461538461 0.5168269230769232 0.7211538461538461 0.7403846153846154 0.78125 0.7403846153846154
0 0.7259615384615384 0.5000000000000001 0.6730769230769231 0.5000000000000001 0.6730769230769231 0.7451923076923077 0.7259615384615384 0.7451923076923077
0 0.6850961538461539 0.543269230769231 0.625 0.543269230769231 0.625 0.7427884615384616 0.6850961538461539 0.7427884615384616
0 0.6388940985576923 0.7405464711538462 0.6115260024262272 0.5223526075157701 0.5626716658653845 0.5284804158653847 0.5900397619968495 0.7466742795034609
0 0.5911133117528423 0.7407788676458912 0.557411764283195 0.5203098944347002 0.49557169951923075 0.529762951923077 0.529273246988878 0.7502319251342681
0 0.7013153461538462 0.9803573605769231 0.6707001346153846 0.7761382884615384 0.6290587620799957 0.782380895558502 0.6596739736184573 0.9865999676738867
0 0.6694228245192309 0.9810951658653847 0.6269463439071781 0.767584273550654 0.5935037427884615 0.7742374423076923 0.6359802234005142 0.9877483346224232
0 0.6355713053797566 0.9805813277678911 0.5798648846153847 0.7669547379807693 0.5396962517805626 0.7774293271433635 0.5954026725449345 0.9910559169304853
0 0.5992354567307693 0.9860908822115386 0.5270537259615385 0.7677718365384616 0.4922758752049877 0.7792702628544182 0.5644576059742185 0.9975893085274953
0 0.96875 0.11057692307692318 0.8894230769230769 0.11057692307692318 0.8894230769230769 0.2259615384615386 0.96875 0.2259615384615386
0 0.8605769230769231 0.34855769230769246 0.7884615384615384 0.34855769230769246 0.7884615384615384 0.42067307692307704 0.8605769230769231 0.42067307692307704
0 0.8605769230769231 0.20192307692307704 0.7980769230769231 0.20192307692307698 0.7980769230769231 0.2716346153846155 0.8605769230769231 0.27163461538461553
0 0.7788461538461539 0.34855769230769246 0.7235576923076923 0.34855769230769246 0.7235576923076923 0.42067307692307704 0.7788461538461539 0.42067307692307704
0 0.7788461538461539 0.19230769230769237 0.7115384615384616 0.19230769230769237 0.7115384615384616 0.2788461538461539 0.7788461538461539 0.2788461538461539
0 0.7019230769230769 0.2163461538461539 0.6466346153846154 0.2163461538461539 0.6466346153846154 0.2908653846153847 0.7019230769230769 0.2908653846153847
0 0.7115384615384616 0.3677884615384617 0.6610576923076923 0.3677884615384617 0.6610576923076923 0.4375000000000001 0.7115384615384616 0.4375000000000001
0 0.5745192307692307 0.16346153846153852 0.5 0.16346153846153852 0.5 0.29807692307692313 0.5745192307692307 0.29807692307692313
0 0.6057692307692307 0.3629807692307693 0.5528846153846154 0.3629807692307692 0.5528846153846154 0.45432692307692313 0.6057692307692307 0.45432692307692324