2 0.918361306195857 0.8992938607195404 0.8418257295759523 -0.04344764596648844 -0.07653557661990475 0.031108647160125038 0 0.9738501538461539
0 0.39663461538461536 0.024038461538461585 0.32211538461538464 0.02403846153846158 0.32211538461538464 0.13461538461538464 0.39663461538461536 0.13461538461538464
0 0.44711538461538464 0.02403846153846159 0.3918269230769231 0.02403846153846159 0.3918269230769231 0.14182692307692313 0.44711538461538464 0.14182692307692316
0 0.5024038461538461 0.014423076923076981 0.44471153846153844 0.01442307692307698 0.44471153846153844 0.14663461538461545 0.5024038461538461 0.14663461538461545
0 0.5480769230769231 0.016826923076923142 0.49759615384615385 0.016826923076923135 0.49759615384615385 0.14182692307692316 0.5480769230769231 0.14182692307692316
0 0.3533653846153847 0.21153846153846156 0.24519230769230768 0.21153846153846154 0.24519230769230774 0.5793269230769231 0.35336538461538475 0.5793269230769231
0 0.49278846153846156 0.2163461538461539 0.39903846153846156 0.2163461538461539 0.39903846153846156 0.3557692307692308 0.49278846153846156 0.3557692307692308
0 0.5961538461538461 0.19951923076923084 0.5096153846153846 0.19951923076923084 0.5096153846153846 0.3990384615384616 0.5961538461538461 0.3990384615384617
0 0.7091346153846154 0.18990384615384623 0.6177884615384616 0.18990384615384623 0.6177884615384616 0.3822115384615386 0.7091346153846154 0.3822115384615386
0 0.8076923076923077 0.17788461538461545 0.7235576923076923 0.17788461538461545 0.7235576923076923 0.2596153846153847 0.8076923076923077 0.2596153846153847
0 0.2451923076923078 0.7043269230769231 0.14663461538461547 0.7043269230769231 0.14663461538461547 0.9158653846153846 0.24519230769230782 0.9158653846153846
0 0.3125000000000001 0.7379807692307693 0.24519230769230776 0.7379807692307693 0.24519230769230776 0.8149038461538461 0.3125000000000001 0.8149038461538461
0 0.37259615384615397 0.7139423076923077 0.3052884615384616 0.7139423076923077 0.3052884615384616 0.9086538461538461 0.37259615384615397 0.9086538461538461
0 0.4376849879807694 0.7207557596153849 0.38647584139256924 0.7117528989941758 0.35061631934404996 0.915725347133535 0.40182546593225005 0.924728207754744
0 0.4905927812500001 0.7107037548076923 0.44044857661776693 0.7002321470558356 0.40092754932766905 0.8894820241207343 0.45107175395990223 0.8999536318725911
0 0.53061428125 0.7158855408653846 0.489500741176211 0.7038447693714542 0.45269455848390333 0.8295204761022235 0.4938080985576923 0.8415612475961538
0 0.581374360576923 0.7083725024038461 0.5292564861989939 0.7049399117218047 0.5189868629807693 0.8608661442307693 0.5711047373586985 0.8642987349128107
1 0.9038461538461539 0.3485576923076924 0.31971153846153844 0.3485576923076923 0.31971153846153855 0.65625 0.9038461538461539 0.65625