0 0.4605687908491654 0.9006232133501061 0.2656378365384616 0.8572087908653845 0.24906453296801823 0.9316229992359891 0.443995487278722 0.9750374217207107
0 0.6069526454835791 0.8510258393278506 0.23675424759615385 0.7886039110576923 0.22633558986412192 0.8503926206893933 0.5965339877515471 0.9128145489595514
0 0.23697714569849707 0.8049282517563461 0.07483595673076929 0.77586415625 0.05825512112842617 0.8683644165128849 0.22039631009615396 0.8974285120192309
0 0.9305355624225928 0.8281161249572625 0.4479164471153847 0.7527208894230769 0.4331305770004843 0.8473680312927375 0.9157496923076924 0.9227632668269231
0 0.9181216418292251 0.7122062116326962 0.08651094471153856 0.6462028437499998 0.08007586778615958 0.7272817186557654 0.911686564903846 0.7932850865384616
0 0.969076150538766 0.6129797004944921 0.0732738171631938 0.5899363005078568 0.07069421229750496 0.6902173379941341 0.9664965456730771 0.7132607379807694
0 0.9457481073964185 0.5213808334680313 0.35214284375000005 0.5156755937500002 0.3513805079881973 0.5949932987435075 0.9449857716346156 0.6006985384615386
0 0.9166905365663511 0.4923530915299508 0.912845204326923 0.3921604903846153 0.4426289922798026 0.4102071079892799 0.44647432451923075 0.5103997091346154
0 0.8936068318054491 0.3671083257014454 0.8870889903846153 0.2775585721153847 0.09792284127147383 0.3349977007408625 0.10444068269230768 0.4245474543269232
0 0.9419040485608521 0.25722827994626535 0.930337435096154 0.15170810576923077 0.11101038653530196 0.24151879216911934 0.12257700000000002 0.34703896634615394
0 0.9326909825076439 0.1523759056374449 0.9176092235576925 0.05575667548076925 0.22825948143466396 0.16336058234332448 0.2433412403846154 0.25997981250000013
2 1 1.1455454419767704e-16 0.030801610576923138 5.520825893038999e-17 0.030801610576923197 0.9876549086538462 1 0.9876549086538462