0 0.9543269230769231 0.574519230769231 0.8197115384615384 0.574519230769231 0.8197115384615384 0.6658653846153846 0.9543269230769231 0.6658653846153846
0 0.9543269230769231 0.5000000000000001 0.7908653846153846 0.5000000000000001 0.7908653846153846 0.5697115384615385 0.9543269230769231 0.5697115384615385
0 0.9519230769230769 0.4375000000000001 0.7764423076923077 0.4375000000000001 0.7764423076923077 0.5072115384615385 0.9519230769230769 0.5072115384615385
0 0.9519230769230769 0.38461538461538475 0.7860576923076923 0.38461538461538475 0.7860576923076923 0.44230769230769246 0.9519230769230769 0.44230769230769246
0 0.7163461538461539 0.6009615384615385 0.3317307692307694 0.6009615384615384 0.3317307692307694 0.7355769230769231 0.7163461538461539 0.7355769230769231
0 0.6971153846153846 0.44471153846153855 0.5384615384615384 0.44471153846153844 0.5384615384615385 0.560096153846154 0.6971153846153846 0.560096153846154
0 0.7043269230769231 0.326923076923077 0.49278846153846156 0.3269230769230769 0.49278846153846156 0.43750000000000006 0.7043269230769231 0.4375000000000001
0 0.7115384615384616 0.19471153846153852 0.4879807692307692 0.19471153846153852 0.4879807692307692 0.3100961538461539 0.7115384615384616 0.31009615384615397
0 0.7115384615384616 0.08894230769230778 0.6201923076923077 0.08894230769230776 0.6201923076923077 0.1850961538461539 0.7115384615384616 0.1850961538461539
0 0.44471153846153855 0.5216346153846154 0.24038461538461545 0.5216346153846154 0.24038461538461545 0.5985576923076923 0.4447115384615386 0.5985576923076923
0 0.4543269230769231 0.4254807692307692 0.23076923076923084 0.4254807692307692 0.23076923076923084 0.5072115384615384 0.4543269230769231 0.5072115384615384
0 0.43509615384615385 0.37259615384615385 0.36538461538461536 0.37259615384615385 0.36538461538461536 0.4254807692307692 0.43509615384615385 0.4254807692307692
0 0.4423076923076923 0.28605769230769235 0.19471153846153852 0.2860576923076923 0.19471153846153852 0.3605769230769231 0.4423076923076923 0.3605769230769231
0 0.43028846153846156 0.2163461538461539 0.28365384615384615 0.2163461538461539 0.2836538461538462 0.28846153846153855 0.43028846153846156 0.28846153846153855
0 0.23076923076923084 0.6850961538461539 0.07451923076923085 0.6850961538461539 0.07451923076923085 0.7620192307692307 0.23076923076923084 0.7620192307692307
0 0.20913461538461545 0.6129807692307693 0.14182692307692316 0.6129807692307693 0.14182692307692316 0.6778846153846154 0.20913461538461545 0.6778846153846154
0 0.19951923076923084 0.5576923076923077 0.06971153846153853 0.5576923076923077 0.06971153846153853 0.6153846153846154 0.19951923076923084 0.6153846153846154
0 0.2067307692307693 0.5096153846153846 0.0504807692307693 0.5096153846153846 0.0504807692307693 0.5649038461538461 0.2067307692307693 0.5649038461538461
0 0.2067307692307693 0.4567307692307692 0.07211538461538466 0.4567307692307692 0.07211538461538468 0.5072115384615384 0.2067307692307693 0.5072115384615384
0 0.21394230769230776 0.4182692307692308 0.10336538461538465 0.4182692307692308 0.10336538461538466 0.4567307692307692 0.21394230769230776 0.4567307692307692
0 0.19951923076923084 0.3629807692307692 0.08173076923076926 0.3629807692307692 0.08173076923076929 0.4206730769230769 0.19951923076923084 0.4206730769230769
2 1.0067003423513297 0.8930018992256166 0.9723680048076925 0.00328611778846153 0.020782539662108492 0.04000588164184107 0.05511487720574588 0.9297216630789961