2 0.9820707331730769 0.05261207451923079 2.168404344971009e-19 0.0017376802884615386 -0.051513526020669026 0.9961461058309856 0.9305572071524078 1.047020500061755
0 0.9158653846153846 0.8052884615384616 0.8485576923076923 0.8052884615384616 0.8485576923076923 0.875 0.9158653846153846 0.875
0 0.6971153846153846 0.7644230769230769 0.6153846153846154 0.7644230769230769 0.6153846153846154 0.8173076923076923 0.6971153846153846 0.8173076923076923
0 0.528846153846154 0.7163461538461539 0.34134615384615397 0.7163461538461539 0.34134615384615397 0.7740384615384616 0.528846153846154 0.7740384615384616
0 0.5312500000000001 0.6658653846153846 0.4182692307692309 0.6658653846153846 0.4182692307692309 0.7091346153846154 0.5312500000000001 0.7091346153846154
0 0.7668269230769231 0.5985576923076924 0.6995192307692307 0.5985576923076924 0.6995192307692307 0.6346153846153846 0.7668269230769231 0.6346153846153846
0 0.9110576923076923 0.5096153846153847 0.3293269230769231 0.5096153846153846 0.32932692307692313 0.5865384615384616 0.9110576923076923 0.5865384615384617
0 0.9302884615384616 0.4927884615384617 0.8725961538461539 0.4927884615384617 0.8725961538461539 0.5312500000000001 0.9302884615384616 0.5312500000000001
0 0.6995192307692307 0.44471153846153855 0.34615384615384615 0.44471153846153844 0.34615384615384615 0.5048076923076924 0.6995192307692307 0.5048076923076924
0 0.6057692307692307 0.3173076923076924 0.27644230769230776 0.3173076923076923 0.27644230769230776 0.3846153846153847 0.6057692307692307 0.38461538461538475
0 0.5817307692307693 0.2596153846153847 0.2860576923076923 0.2596153846153847 0.28605769230769235 0.32451923076923084 0.5817307692307693 0.3245192307692309
0 0.8337679110986448 0.3974628461176198 0.6833107307692308 0.35967584615384623 0.6725609514621897 0.402478436601658 0.8230181317916038 0.44026543656543154
0 0.8930306129264254 0.3262322666210471 0.7989534110576924 0.32269162259615397 0.7967226947658825 0.38196319732126083 0.8907998966346156 0.38550384134615395
0 0.741573591941192 0.3194651962248233 0.5975345072115386 0.2649700721153847 0.5813651780460339 0.30770812275299014 0.7254042627756874 0.3622032468624287
0 0.9294176741325029 0.27250216172482133 0.5221419975961539 0.16200067307692315 0.506547667213651 0.21947674452517882 0.91382334375 0.329978233173077
0 0.9293952583523488 0.20380910997114446 0.5911189903846155 0.13614506250000008 0.5781970469361128 0.20074638281731724 0.9164733149038462 0.2684104302884617
0 0.3594647492326105 0.8453358689501068 0.34016094951923076 0.7956661514423077 0.22714134695624819 0.8395904554454265 0.2464451466696279 0.8892601729532257