2 1.008040511625284 0.9713462565360924 0.9792066301053558 -0.0196099410886173 -0.005558624308389671 0.009043802375290365 0.023275257211538454 1
0 0.3500662836538463 0.5230991370192308 0.2402742230185946 0.5016015273824317 0.16907348514299586 0.8652361761729155 0.27886554577824757 0.8867337858097147
0 0.4184529471153847 0.5406537668269231 0.35078280091431335 0.5344961346706244 0.3153969639423077 0.9233736610576921 0.3830671101433791 0.9295312932139909
0 0.4643095793269231 0.5351313701923078 0.40651367830168456 0.5320604150319789 0.38687043990384623 0.9017495192307693 0.4446663409290848 0.9048204743910981
0 0.5173423173076922 0.8379237091346153 0.5086786255518904 0.5533311337732095 0.4528167755342723 0.5550317046642347 0.46148046729007414 0.8396242800256405
0 0.5961538461538463 0.5504807692307693 0.5264423076923077 0.5504807692307693 0.5264423076923077 0.8990384615384616 0.5961538461538463 0.8990384615384616
0 0.6490384615384616 0.5504807692307694 0.5889423076923077 0.5504807692307694 0.5889423076923077 0.9375 0.6490384615384616 0.9375
0 0.7019230769230769 0.5480769230769232 0.6370192307692307 0.5480769230769232 0.6370192307692307 0.8317307692307693 0.7019230769230769 0.8317307692307693
0 0.7854642379807691 0.8468745673076923 0.7502439877166286 0.5533914937579117 0.6967450956457786 0.5598117766887091 0.731965345909919 0.8532948502384896
0 0.8562060841346154 0.8797170432692306 0.8039764941050019 0.541881594969401 0.7414309554469182 0.5515511777758619 0.7936605454765318 0.8893866260756915
0 0.939942548076923 0.9554584711538462 0.8526038581730769 0.5531498774038461 0.8007604043941308 0.5644047683097001 0.8880990942979768 0.9667133620597002
0 0.9453064591346153 0.6705114399038461 0.9146071706665703 0.5486845279483797 0.8588251610576924 0.5627410937499999 0.8895244495257374 0.6845680057054663
0 0.9807692307692307 7.99258668193525e-17 0.3245192307692308 3.9742143722329966e-17 0.3245192307692308 0.2932692307692309 0.9807692307692307 0.2932692307692309