0 0.5193589348793763 0.9517385453695802 0.31380502884615397 0.8914026754807693 0.2928315497537973 0.9628557026515855 0.4983854557870198 1.0231915725403964
0 0.9240961544433367 0.21211214257859495 0.9134763557692308 0.10944039903846152 0.25300395218832866 0.17775602039625274 0.2636237508624346 0.2804277639363862
0 0.9417159158653846 0.3506776514423076 0.9378651442307693 0.23805900721153841 0.1345019576432831 0.26552842128889337 0.1383527292778985 0.3781470655196626
0 0.9214001498126504 0.3631721793914742 0.11941699519230772 0.3555932235576923 0.11852667711042673 0.44980410426237205 0.9205098317307694 0.4573830600961539
0 0.9987548533409671 0.9113494594902812 0.5033778581730771 0.7923095288461539 0.4802568019517993 0.8885263133656724 0.9756337971196894 1.0075662440097999
0 0.6777792162042997 0.9022795707142202 0.2677755552884616 0.7987205961538463 0.24569294010903608 0.886148586867309 0.6556966010248743 0.989707561427683
0 0.29460175977536257 0.8206395268202074 0.10888755048076935 0.7501602740384616 0.07245505753232996 0.8461606053913315 0.2581692668269232 0.9166398581730772
0 0.9844434895975817 0.8104901427844341 0.1105307403846155 0.6524896129807694 0.09753713077876565 0.7243582396680254 0.9714498799917318 0.8823587694716901
0 1.010878582563284 0.7187669462639772 0.0985676971153847 0.5975589350961539 0.08768911455210084 0.6794400681590999 1.0000000000000002 0.8006480793269232
0 0.9974859766362425 0.6094349600708476 0.39069292964924096 0.5422343489121123 0.38120321262838314 0.6279224729758801 0.9879962596153846 0.6951230841346153
0 0.9472237029253149 0.4900161928205551 0.46202932211538467 0.46901439903846165 0.4585085783246852 0.5503524562179066 0.9437029591346154 0.5713542500000001
2 1 0.015246146634615449 0.04248638461538461 0.015246146634615388 0.042486384615384676 1 1 1