2 1 0.016826923076923142 0.03125 0.01682692307692308 0.03125000000000006 1 1 1
0 0.8774038461538461 0.8798076923076923 0.2355769230769232 0.8798076923076923 0.2355769230769232 0.9735576923076923 0.8774038461538461 0.9735576923076923
0 0.9903846153846154 0.7307692307692307 0.8581730769230769 0.7307692307692307 0.8581730769230769 0.7860576923076923 0.9903846153846154 0.7860576923076923
0 0.9711538461538461 0.6850961538461539 0.8125 0.6850961538461539 0.8125 0.7283653846153846 0.9711538461538461 0.7283653846153846
0 0.96875 0.6514423076923077 0.8605769230769231 0.6514423076923077 0.8605769230769231 0.6923076923076923 0.96875 0.6923076923076923
0 0.9711538461538461 0.6225961538461539 0.8509615384615384 0.6225961538461539 0.8509615384615384 0.6610576923076923 0.9711538461538461 0.6610576923076923
0 0.9663461538461539 0.5937500000000001 0.8293269230769231 0.5937500000000001 0.8293269230769231 0.625 0.9663461538461539 0.625
0 0.9495192307692307 0.5649038461538463 0.8004807692307693 0.5649038461538463 0.8004807692307693 0.6033653846153848 0.9495192307692307 0.6033653846153848
0 0.9663461538461539 0.5312500000000001 0.7644230769230769 0.5312500000000001 0.7644230769230769 0.5793269230769232 0.9663461538461539 0.5793269230769232
0 0.9639423076923077 0.45432692307692324 0.7644230769230769 0.45432692307692324 0.7644230769230769 0.5360576923076924 0.9639423076923077 0.5360576923076924
0 0.9639423076923077 0.4062500000000001 0.8221153846153846 0.4062500000000001 0.8221153846153846 0.4615384615384617 0.9639423076923077 0.4615384615384617
0 0.9639423076923077 0.36057692307692324 0.7572115384615384 0.36057692307692324 0.7572115384615384 0.4182692307692309 0.9639423076923077 0.4182692307692309
0 0.9543269230769231 0.31730769230769246 0.7884615384615384 0.31730769230769246 0.7884615384615384 0.3701923076923078 0.9543269230769231 0.3701923076923078
0 0.9543269230769231 0.2764423076923078 0.8004807692307693 0.27644230769230776 0.8004807692307693 0.3317307692307694 0.9543269230769231 0.3317307692307694
0 0.9543269230769231 0.17548076923076933 0.7379807692307693 0.1754807692307693 0.7379807692307693 0.2812500000000001 0.9543269230769231 0.2812500000000001
0 0.9375 0.14182692307692318 0.7211538461538461 0.14182692307692318 0.7211538461538461 0.17788461538461547 0.9375 0.17788461538461553
0 0.7451923076923077 0.8389423076923077 0.5985576923076924 0.8389423076923077 0.5985576923076924 0.8966346153846154 0.7451923076923077 0.8966346153846154
0 0.7403846153846154 0.7836538461538461 0.5769230769230771 0.7836538461538461 0.5769230769230771 0.8389423076923077 0.7403846153846154 0.8389423076923077
0 0.7355769230769231 0.7427884615384616 0.5817307692307694 0.7427884615384616 0.5817307692307694 0.7860576923076923 0.7355769230769231 0.7860576923076923
0 0.7259615384615384 0.7019230769230769 0.5144230769230771 0.7019230769230769 0.5144230769230771 0.7475961538461539 0.7259615384615384 0.7475961538461539
0 0.7307692307692307 0.6538461538461539 0.528846153846154 0.6538461538461539 0.528846153846154 0.7163461538461539 0.7307692307692307 0.7163461538461539
0 0.7307692307692307 0.5985576923076924 0.45913461538461553 0.5985576923076923 0.45913461538461553 0.6634615384615384 0.7307692307692307 0.6634615384615384
0 0.7115384615384616 0.40144230769230776 0.49278846153846156 0.4014423076923077 0.49278846153846156 0.514423076923077 0.7115384615384616 0.5144230769230771
0 0.7019230769230769 0.2379807692307693 0.43990384615384615 0.2379807692307693 0.43990384615384615 0.33894230769230776 0.7019230769230769 0.3389423076923078
0 0.6995192307692307 0.16346153846153852 0.4855769230769231 0.16346153846153852 0.4855769230769231 0.24519230769230776 0.6995192307692307 0.24519230769230776
0 0.4182692307692309 0.7980769230769231 0.2379807692307693 0.7980769230769231 0.23798076923076933 0.8557692307692307 0.4182692307692309 0.8557692307692307
0 0.4134615384615386 0.7692307692307693 0.20432692307692316 0.7692307692307693 0.20432692307692316 0.8076923076923077 0.4134615384615386 0.8076923076923077
0 0.4182692307692309 0.7427884615384616 0.31009615384615397 0.7427884615384616 0.31009615384615397 0.7764423076923077 0.4182692307692309 0.7764423076923077
0 0.3990384615384617 0.7019230769230769 0.0937500000000001 0.7019230769230769 0.0937500000000001 0.7548076923076923 0.3990384615384617 0.7548076923076923
0 0.3942307692307694 0.6706730769230769 0.2860576923076924 0.6706730769230769 0.2860576923076924 0.7163461538461539 0.3942307692307694 0.7163461538461539
0 0.3942307692307694 0.6057692307692307 0.21394230769230776 0.6057692307692307 0.21394230769230776 0.6514423076923077 0.3942307692307694 0.6514423076923077
0 0.39182692307692313 0.5456730769230769 0.11538461538461545 0.5456730769230769 0.11538461538461545 0.6129807692307693 0.39182692307692324 0.6129807692307693
0 0.39903846153846156 0.44471153846153844 0.1754807692307693 0.44471153846153844 0.1754807692307693 0.5336538461538461 0.39903846153846156 0.5336538461538461
0 0.3918269230769231 0.4014423076923077 0.19471153846153852 0.4014423076923077 0.19471153846153852 0.44471153846153844 0.3918269230769231 0.44471153846153844
0 0.3894230769230769 0.34375 0.17788461538461545 0.34375 0.17788461538461545 0.40865384615384615 0.3894230769230769 0.40865384615384615
0 0.36538461538461536 0.27884615384615385 0.1322115384615385 0.27884615384615385 0.1322115384615385 0.33413461538461536 0.36538461538461536 0.33413461538461536
0 0.35096153846153844 0.23798076923076927 0.23076923076923078 0.23798076923076922 0.2307692307692308 0.2932692307692308 0.35096153846153844 0.29326923076923084
0 0.33653846153846156 0.1947115384615385 0.2620192307692308 0.19471153846153846 0.2620192307692308 0.24759615384615388 0.33653846153846156 0.2475961538461539
0 0.3485576923076923 0.1586538461538462 0.24759615384615385 0.15865384615384615 0.24759615384615385 0.2043269230769231 0.3485576923076923 0.20432692307692316
0 0.3485576923076923 0.12980769230769235 0.2692307692307692 0.12980769230769235 0.2692307692307692 0.17067307692307696 0.3485576923076923 0.17067307692307698
0 0.35336538461538464 0.07211538461538466 0.24519230769230768 0.07211538461538465 0.24519230769230768 0.1274038461538462 0.35336538461538464 0.1274038461538462