2 0.9912989597242947 0.9654330555905447 0.9759770000000001 0.026723656250000002 -0.015321959724294638 0.04290400210176311 0 0.9816134014423079
0 0.9483140997562091 0.29132778489457717 0.8764685216346153 0.29056658653846157 0.8723072756706423 0.6833250831719156 0.944152853792236 0.6840862815280312
0 0.8847390432692309 0.6246612427884617 0.8746033239878811 0.30974516476988784 0.8335170432692309 0.31106754567307693 0.8436527625505807 0.6259836236916508
0 0.8605895820850255 0.8356776509317144 0.833424826989318 0.21829720293575078 0.7873195093273692 0.22032583806172878 0.8144842644230768 0.8377062860576925
0 0.8032387379807692 0.5461561995192308 0.7829594615384615 0.21415651201923078 0.71632341032754 0.2182267896562543 0.7366026867698476 0.5502264771562543
0 0.7053230465505186 0.6176475743437695 0.6913646997477721 0.22145318444343867 0.6239746868510997 0.2238274057727461 0.6379330336538461 0.6200217956730769
0 0.6373096220768978 0.582936854881643 0.6130061923076922 0.21312016105769233 0.5672014632732514 0.21613033348575467 0.5915048930424569 0.5859470273097054
0 0.5788726324726594 0.9672463143607201 0.561582141826923 0.21341933894230772 0.477604937238879 0.2153455197738954 0.4948954278846154 0.9691724951923077
0 0.5263282442574121 0.20414278533246183 0.4749823484281102 0.20175026662896772 0.4504405048076924 0.7284433052884616 0.5017864006369943 0.7308358239919557
0 0.46890661538461553 0.2099082932692308 0.4174683185505286 0.2082591044197886 0.402286791096105 0.681771835153808 0.4537250879301919 0.6834210240032502
0 0.264423076923077 0.22355769230769232 0.17307692307692307 0.22355769230769232 0.1730769230769231 0.46634615384615385 0.264423076923077 0.46634615384615385
0 0.3048120817533399 0.22535688104720106 0.25238278617156995 0.2237794825180926 0.2337354182692309 0.8435774254807694 0.28616471385100084 0.8451548240098778