2 0.972447326923077 0.029620853365384732 0.018233387019230832 0.029620853365384673 0.018233387019230888 0.985387045673077 0.972447326923077 0.985387045673077
0 0.38942307692307704 0.7259615384615384 0.16826923076923084 0.7259615384615384 0.16826923076923084 0.7932692307692307 0.38942307692307704 0.7932692307692307
0 0.6177884615384616 0.514423076923077 0.18269230769230776 0.5144230769230769 0.18269230769230776 0.5649038461538463 0.6177884615384616 0.5649038461538463
0 0.6658653846153846 0.4663461538461539 0.18990384615384623 0.46634615384615385 0.18990384615384623 0.5168269230769231 0.6658653846153846 0.5168269230769232
0 0.59375 0.29086538461538464 0.21875000000000006 0.29086538461538464 0.21875000000000006 0.3413461538461539 0.59375 0.34134615384615397
0 0.941995659460061 0.44097632073326765 0.9400324158653846 0.3645643461538461 0.17756549438609268 0.384154316285963 0.17952873798076918 0.4605662908653846
0 0.8452811370192308 0.1543322403846154 0.8407946155006601 0.10654078277320195 0.23239167319296783 0.163655862100125 0.23687819471153848 0.21144731971153846
0 0.5473628704759477 0.2355725275592943 0.5397628915989741 0.1805599304979157 0.21942401201923073 0.22481468028846155 0.22702399089620431 0.27982727734984014
0 0.6317716093223945 0.1344453977574592 0.6282473231342252 0.09734539941245883 0.32935191333106134 0.12573874203961505 0.33287619951923075 0.1628387403846154
0 0.6710150896746219 0.10430693891274666 0.6669991274038461 0.036456435096153844 0.33509387426768583 0.056101373587253346 0.33910983653846155 0.12395187740384615
0 0.5615331612367626 0.382738930102154 0.5572871225961539 0.34269048557692317 0.19814381397741715 0.380767778814878 0.20238985261802578 0.4208162233401089