2 1 8.91823568540384e-17 0.013613139423076924 2.878358127771162e-17 0.01361313942307698 0.9167195673076923 1 0.9167195673076923
0 1 0.26616030769230786 0.96446940625 0.26616030769230786 0.96446940625 0.6201504975961538 1 0.6201504975961538
0 0.9639327599996624 0.31458564754225843 0.9277802548076923 0.3141505120192309 0.9241595224196438 0.6149729903747365 0.9603120276116139 0.6154081258977642
0 0.9254807692307693 0.6081730769230771 0.875 0.6081730769230771 0.875 0.7139423076923077 0.9254807692307693 0.7139423076923077
0 0.7932692307692307 0.3389423076923078 0.7163461538461539 0.3389423076923078 0.7163461538461539 0.7307692307692307 0.7932692307692307 0.7307692307692307
0 0.560096153846154 0.2788461538461539 0.4735576923076923 0.2788461538461539 0.4735576923076924 0.7451923076923077 0.560096153846154 0.7451923076923077
0 0.9446314826722803 0.0974081762730682 0.8937816370192307 0.09476189423076936 0.8680905774238735 0.5884305184384705 0.9189404230769231 0.5910768004807693
0 0.8856054182458 0.38678958198785185 0.8193020240384615 0.3845684182692308 0.807997754831123 0.722009288204456 0.8743011490384615 0.7242304519230771
0 0.7161850570877467 0.369186272625749 0.6706066754807694 0.36673781009615397 0.6508726861797043 0.7340880489175391 0.6964510677866816 0.7365365114471343
0 0.6625261081730769 7.652612940322641e-17 0.5872404278846154 7.191621103388164e-17 0.5872404278846155 0.7343624591346154 0.6625261081730769 0.7343624591346154
0 0.6072169778009108 0.7328333402910017 0.5813495360576924 0.23925277403846154 0.5244277513204305 0.2422359161053998 0.550295193063649 0.7358164823579398
0 0.45432692307692313 0.06250000000000004 0.3485576923076923 0.06250000000000003 0.3485576923076924 0.7403846153846154 0.45432692307692324 0.7403846153846154