2 1.0045224679867872 0.9467560079384817 0.9708496270919686 -0.0003491582124082054 -0.0019230860871263845 0.034236252118340825 0.03174975480769231 0.9813414182692307
0 0.28846153846153855 0.6033653846153846 0.2163461538461539 0.6033653846153846 0.2163461538461539 0.8245192307692307 0.28846153846153855 0.8245192307692307
0 0.4975961538461539 0.3701923076923077 0.4423076923076923 0.3701923076923077 0.4423076923076924 0.8052884615384616 0.49759615384615397 0.8052884615384616
0 0.5480769230769231 0.31971153846153844 0.4879807692307692 0.31971153846153844 0.4879807692307693 0.7980769230769231 0.5480769230769232 0.7980769230769231
0 0.7211538461538461 0.3870192307692309 0.6658653846153846 0.3870192307692309 0.6658653846153846 0.7644230769230769 0.7211538461538461 0.7644230769230769
0 0.6364823918269232 0.04147829567307701 0.5607134722985079 0.03647573609614256 0.510177298084294 0.8018981680379107 0.5859462176127095 0.8069007276148452
0 0.8961794006496001 0.13468844775253783 0.8483683870192308 0.13011244471153854 0.7900869095392409 0.739049215344749 0.8378979231696102 0.7436252183857482
0 0.8269652860576924 0.43633854567307695 0.7718871354676592 0.4298056788191133 0.7337321739291978 0.751487532184498 0.7888103245192308 0.7580203990384616
0 0.908054793269231 0.34541648076923087 0.8708921725759607 0.3426813031460151 0.8488059495192309 0.6427648966346157 0.8859685702125012 0.6455000742578314
0 0.9693561177884615 0.3049646177884617 0.9015052091915037 0.30213037452720465 0.8875840024038463 0.6353997668269232 0.955434911000804 0.6382340100881803
0 0.6650370961538464 0.4235871250000001 0.6249653380268563 0.41995814007528753 0.5923458476422409 0.7801471064214414 0.632417605769231 0.783776091346154