2 0.9798387091346152 0.9876788557692306 0.9717090913758036 0.010056571247599467 0.030241935096153846 0.01788553365384615 0.03837155285496539 0.9955078181754775
0 0.6841397860576923 0.05166931730769232 0.679798871440756 -0.005581748232017787 0.3266129038461539 0.02119766826923077 0.33095381846309 0.07844873380894088
0 0.638440860576923 0.09538950721153844 0.6358968833545686 0.059418130930242 0.3361657006622609 0.08061579919947279 0.33870967788461537 0.11658717548076923
0 0.34615384615384615 0.12259615384615388 0.24278846153846154 0.12259615384615388 0.24278846153846154 0.16586538461538464 0.34615384615384615 0.1658653846153847
0 0.6225961538461539 0.2572115384615385 0.23076923076923078 0.25721153846153844 0.2307692307692308 0.30769230769230776 0.6225961538461539 0.3076923076923078
0 0.6947115384615384 0.4903846153846155 0.23076923076923084 0.49038461538461536 0.23076923076923084 0.545673076923077 0.6947115384615384 0.5456730769230771
0 0.85887096875 0.11526232211538473 0.8543668037594936 0.06472035033867456 0.3617212635069106 0.10862359979910213 0.366225428497417 0.1591655715758123
0 0.5739247307692308 0.20800212019230774 0.5679057815823729 0.14216004706671623 0.23233994015978848 0.17283577844162482 0.23835888934664637 0.23867785156721633
0 0.5994623653846153 0.3550609423076923 0.5947067858951643 0.3098094087072803 0.22911538926054906 0.3482301827457418 0.23387096874999994 0.3934817163461538
0 0.9749020743266658 0.414493700497949 0.9717741947115383 0.3391626923076923 0.23343125980794943 0.3698200254635895 0.23655913942307688 0.4451510336538461
0 0.7311827956730769 0.4358770528846155 0.23790322596153854 0.4358770528846154 0.23790322596153854 0.49284578605769236 0.7311827956730769 0.4928457860576924
0 0.9158653846153846 0.5937500000000001 0.24278846153846162 0.59375 0.24278846153846162 0.65625 0.9158653846153846 0.65625