2 0.967401826923077 8.610100685146e-17 0.00866860576923083 2.7395528325345546e-17 0.00866860576923089 0.9868573461538461 0.967401826923077 0.9868573461538461
0 0.6721898629807692 7.380300257274547e-17 0.31525898798076923 5.194728989346477e-17 0.31525898798076923 0.051056584134615446 0.6721898629807692 0.051056584134615474
0 0.6616786129807692 0.055140680288461606 0.3617307606329694 0.044507044141467306 0.36044918269230763 0.0806571009615385 0.6603970350401075 0.09129073710853278
0 0.7548076923076923 0.09134615384615394 0.6538461538461539 0.09134615384615391 0.6538461538461539 0.139423076923077 0.7548076923076923 0.13942307692307704
0 0.7644230769230769 0.22355769230769237 0.375 0.22355769230769237 0.375 0.29326923076923084 0.7644230769230769 0.29326923076923084
0 0.7644230769230769 0.4591346153846155 0.29807692307692313 0.45913461538461536 0.29807692307692313 0.5336538461538463 0.7644230769230769 0.5336538461538463
0 0.6356784951923078 0.09592688942307702 0.14364438729613604 0.05863197677642374 0.13978783173076925 0.10951175480769235 0.6318219396269409 0.14680666745434562
0 0.7654381947115383 0.14360862980769243 0.427440150885939 0.12431820891727517 0.4236549447115384 0.19064088221153858 0.7616529885371377 0.2099313031019558
0 0.7647170655522372 0.32140223168377524 0.3999403949161537 0.2931338735193333 0.3964061274038461 0.3387402836538461 0.7611827980399296 0.36700864181828813
0 0.7589483529139484 0.3425432493371284 0.02427929086538466 0.338012579326923 0.023813956069013025 0.4134687651932204 0.7584830181175767 0.4179994352034257
0 0.7588871762006252 0.4576970228708557 0.756109951821199 0.40086365673186425 0.2637453149038462 0.4249235913461539 0.2665225392832722 0.4817569574851453
0 0.75 0.5625000000000001 0.076923076923077 0.5625 0.076923076923077 0.6538461538461539 0.75 0.6538461538461539