2 0.9738214003703641 0.07428956361565615 0.02600031009615385 0.030743538461538468 -0.017914582876731384 0.9865933913361024 0.9299065073974789 1.03013941649022
0 0.7932692307692307 0.75 0.5697115384615385 0.75 0.5697115384615385 0.8269230769230769 0.7932692307692307 0.8269230769230769
0 0.7908653846153846 0.5312500000000001 0.35336538461538464 0.53125 0.3533653846153847 0.5961538461538463 0.7908653846153846 0.5961538461538463
0 0.7860576923076923 0.48076923076923084 0.3076923076923077 0.4807692307692308 0.3076923076923077 0.5504807692307693 0.7860576923076923 0.5504807692307694
0 0.7668269230769231 0.30769230769230776 0.3894230769230769 0.3076923076923077 0.3894230769230769 0.3725961538461539 0.7668269230769231 0.37259615384615397
0 0.8003449757283906 0.4618932529750409 0.04086157692307695 0.3670078389423077 0.03142087319781481 0.44257327569007365 0.7909042720031285 0.5374586897228069
0 0.7576085242079136 0.2066531993608127 0.15402058365584667 0.11300596561300136 0.14663065384615387 0.16063655048076925 0.7502185943982208 0.2542837842285806
0 0.7687939495192307 0.2566207139423078 0.45067774519230774 0.19981732932692314 0.44088846498231216 0.2546402713854326 0.7590046693092352 0.31144365600081725
0 0.6635041381855876 0.15296935988843502 0.36649079807692314 0.11357592548076931 0.3615764435451817 0.15062851751541134 0.6585897836538461 0.19002195192307703
0 0.661191115290255 0.08315328601944141 0.330372029646005 0.04995309929564855 0.3235750345480576 0.11768090221851489 0.6543941201923076 0.15088108894230776
0 0.7817727307692309 0.4142469879807694 0.4247532307692309 0.36072965384615396 0.4187679843121985 0.40065783285618284 0.7757874843121986 0.4541751669907983