2 0.9606221737157392 0.9748268646912178 0.9605697259615386 0.01922222355769231 0.020116545565896995 0.019273839733587036 0.020168993320097597 0.9748784808671125
0 0.9278846153846154 0.37259615384615397 0.8461538461538461 0.37259615384615397 0.8461538461538461 0.6706730769230769 0.9278846153846154 0.6706730769230769
0 0.9110576923076923 0.6778846153846154 0.8461538461538461 0.6778846153846154 0.8461538461538461 0.9519230769230769 0.9110576923076923 0.9519230769230769
0 0.8629807692307693 0.6754807692307693 0.7980769230769231 0.6754807692307693 0.7980769230769231 0.9447115384615384 0.8629807692307693 0.9447115384615384
0 0.6129807692307693 0.10336538461538468 0.5480769230769231 0.10336538461538468 0.5480769230769231 0.3028846153846155 0.6129807692307693 0.3028846153846155
0 0.7903214591346154 0.36290982932692306 0.7849206651685308 0.26655586998948166 0.7183233341346154 0.27028875721153844 0.7237241281007 0.36664271654897984
0 0.7960358052884615 0.756745689903846 0.7546797857153452 0.735741464711978 0.6767049837966326 0.8892690242816877 0.7180610033697489 0.9102732494735559
0 0.7721477137069522 0.5343612822654216 0.7082068004807694 0.27344894471153847 0.6531030555238174 0.2869530350422708 0.7170439687500002 0.547865372596154
0 0.6762800294130267 0.4156223927851894 0.6579546706730769 0.3109572836538461 0.5992696380528193 0.3212321907776933 0.6175949967927691 0.4258972999090366
0 0.5621747139423077 0.29755852163461544 0.5475717689636419 0.12275893230965493 0.49210172596153845 0.1273929591346154 0.5067046709402042 0.3021925484595759
0 0.5164919254807692 0.4311815504807693 0.5151387447123943 0.19858955958897526 0.46375534567393284 0.1988884994928214 0.46510852644230766 0.43148049038461533
0 0.4725365793269232 0.30738401442307695 0.46807130066706787 0.1959241979104234 0.4172965317499781 0.19795832553774487 0.4217618104098335 0.3094181420503984
0 0.4420030192307693 0.39750026923076925 0.3846365964241689 0.16366365516524287 0.32628465384615385 0.17797895913461542 0.3836510766527542 0.4118155732001418
0 0.34245445913461536 0.3034888125 0.3037583201842235 0.146430590809103 0.2641042225654519 0.1562006012860351 0.3028003615158438 0.31325882297693214
0 0.3044126995192308 0.3362741153846154 0.2609718461538461 0.1535482884615385 0.20953962421044042 0.16577567661636117 0.25298047757582504 0.34850150353943804
0 0.37962066105769227 0.6211590673076923 0.26122294804061374 0.3471431051572882 0.19882460096153842 0.37410438701923077 0.31722231397861694 0.6481203491696348
0 0.33844234436754567 0.6484347995720374 0.20678129423401395 0.39225619096939757 0.1724054375 0.40992340144230777 0.3040664876335317 0.6661020100449476
0 0.30937057451923083 0.6618850817307693 0.18087620913461538 0.4284821105769231 0.13926208937471776 0.4513917585696338 0.26775645475933324 0.68479472972348
0 0.4572239855769231 0.8222941346153847 0.3667049663461538 0.6351902019230768 0.3215255556649843 0.6570475508597714 0.41204457489575363 0.8441514835520793
0 0.422877545673077 0.8845205889423077 0.3199786432423485 0.6575613660260108 0.2827384447115385 0.6744453485576923 0.38563734714226694 0.9014045714739892
0 0.41311006250000004 0.9334750745192308 0.27166141005835553 0.6756512822118016 0.23602787362032254 0.6952007414210585 0.3774765260619671 0.9530245337284877
0 0.36273025 0.9292195552884616 0.24707734798610034 0.685434064275539 0.20588608413461543 0.7049753798076923 0.32153898614851506 0.948760870820615
0 0.6105769230769231 0.4615384615384616 0.5552884615384616 0.46153846153846156 0.5552884615384616 0.6346153846153846 0.6105769230769232 0.6346153846153846
0 0.5721153846153847 0.44951923076923084 0.5192307692307693 0.4495192307692308 0.5192307692307693 0.6706730769230769 0.5721153846153848 0.6706730769230769
0 0.6164991184453815 0.9167180026640226 0.6042946170842728 0.6845677779979654 0.5542143568119682 0.6872005758147121 0.5664188581730769 0.9193508004807692
0 0.5671974639423076 0.9612142475961538 0.5656638714576269 0.6976099888624644 0.5281144628037808 0.6978284431893875 0.5296480552884616 0.961432701923077
0 0.5249901610576924 0.970763798076923 0.5176354121872957 0.7402011385931723 0.46910371660456207 0.7417492575906923 0.4764584654749588 0.9723119170744431