2 0.9804529951923079 0.03359683653846167 0.024854291898424648 0.029644402059199722 0.020965223839512877 0.9699227073966838 0.9765639271333961 0.9738751418759458
0 0.6754807692307693 0.04326923076923084 0.37740384615384615 0.043269230769230824 0.37740384615384615 0.10336538461538466 0.6754807692307693 0.10336538461538468
0 0.9591346153846154 0.03846153846153856 0.6850961538461539 0.03846153846153855 0.6850961538461539 0.08173076923076932 0.9591346153846154 0.08173076923076933
0 0.9495192307692307 0.08653846153846162 0.6802884615384616 0.0865384615384616 0.6802884615384616 0.13221153846153855 0.9495192307692307 0.13221153846153857
0 0.3076923076923077 0.3798076923076923 0.10817307692307696 0.3798076923076923 0.10817307692307697 0.42788461538461536 0.3076923076923077 0.42788461538461536
0 0.378110475824409 0.2432858990763062 0.3671043398265699 0.17848868083052197 0.263582755829084 0.19607234665806195 0.27458889182692303 0.26086956490384616
0 0.9142868908146713 0.20612912936587252 0.761712689903846 0.14624505769230775 0.7441827939334751 0.19090818421297728 0.8967569948443004 0.25079225588654197
0 0.5536245602027249 0.24067866020442524 0.5367669879807692 0.18774703365384623 0.2775487299480624 0.2703024129384853 0.2944063021700182 0.3232340394890643
0 0.4266211610576923 0.33201581009615383 0.4035650639194505 0.27936521388929497 0.3042786841117581 0.32284347590852575 0.32733478125 0.3754940721153846
0 0.3099861653576416 0.4464724732027102 0.2950809195111776 0.3945228598717784 0.11540812674968984 0.44607410301522205 0.1303133725961538 0.4980237163461539
0 0.43698944673011514 0.5018432087662861 0.43437790865384623 0.4505928846153846 0.19906391865450035 0.462583666233714 0.20167545673076923 0.5138339903846154
0 0.3112305826112489 0.5552307804279563 0.3102699350961539 0.5039525697115385 0.19916346065798185 0.5060340416874284 0.2001241081730769 0.5573122524038461
0 0.417639276841894 0.578074208407859 0.39853449708509897 0.5227009443223918 0.16085178274320502 0.6047057887991485 0.17995656250000003 0.6600790528846157
0 0.3168026361659182 0.6731053853350542 0.3056158846153846 0.6343873533653848 0.14549956575715867 0.6806495569726383 0.15668631730769225 0.7193675889423077
0 0.3519465198626945 0.7045054782790143 0.33284611541964604 0.6565263060957213 0.15154805949925926 0.7287006691628608 0.17064846394230773 0.7766798413461539
0 0.6432003524848322 0.6041975272472736 0.6089583186764334 0.5497910055528726 0.3411845863839088 0.7183207499402146 0.3754266201923076 0.7727272716346155
0 0.6665932876479286 0.6396631090788112 0.6472435992967369 0.608131150286733 0.3917579751103469 0.7649107287079218 0.4111076634615385 0.7964426875
0 0.6850697933893717 0.672105577573878 0.6597478532705814 0.6339411790083431 0.4276721632465943 0.7879225581652345 0.45299410336538465 0.8260869567307694
0 0.8480156897459453 0.5195696370862913 0.8237678010695232 0.47755078861649175 0.6350757219005009 0.5864396491263544 0.659323610576923 0.628458497596154
0 0.9035494049169505 0.5387613519058918 0.8843719968390308 0.504525782168971 0.6572110486528496 0.6317723341092331 0.6763884567307692 0.6660079038461538
0 0.9557729456024778 0.550503770542362 0.9362912403846154 0.5159420288461539 0.6710757467052145 0.665438258303792 0.6905574519230769 0.7000000000000001
0 0.9501356044563901 0.5981301285367269 0.9281378803666747 0.5605044188844122 0.6844869177372076 0.702954001886147 0.706484641826923 0.7405797115384617
0 0.6370192307692307 0.35576923076923084 0.46634615384615385 0.3557692307692308 0.46634615384615385 0.3966346153846155 0.6370192307692307 0.39663461538461553
0 0.6730769230769231 0.3942307692307693 0.4519230769230769 0.3942307692307692 0.4519230769230769 0.4302884615384616 0.6730769230769231 0.4302884615384617
0 0.9230530552884615 0.36363636298076923 0.9184236741142582 0.3140820179575306 0.6857212245950273 0.3358211477652229 0.6903506057692307 0.3853754927884615
0 0.9677375899844691 0.3970235238969657 0.9649394975961538 0.3596837932692308 0.6984119604963 0.37965631744918815 0.7012100528846154 0.4169960480769231
0 0.9781340324063422 0.44965937655001087 0.9742475961538462 0.4011857716346154 0.740761407497504 0.41990583979614293 0.7446478437500001 0.4683794447115384