2 0.8970497081921163 0.9390923146838897 0.8720594274058714 -0.0007700103753532831 -0.0249902807862448 0.023081912921526268 0 0.9629442379807693
0 0.5504807692307694 0.8725961538461539 0.247596153846154 0.8725961538461539 0.247596153846154 0.9423076923076923 0.5504807692307694 0.9423076923076923
0 0.24038461538461553 0.90625 1.1098361617272888e-16 0.90625 1.143690580453718e-16 0.9615384615384616 0.24038461538461553 0.9615384615384616
0 0.247596153846154 0.8557692307692307 1.0480150492703311e-16 0.8557692307692307 1.0833413992457355e-16 0.9134615384615384 0.247596153846154 0.9134615384615384
0 0.8461538461538461 0.5360576923076924 0.6418269230769231 0.5360576923076924 0.6418269230769231 0.591346153846154 0.8461538461538461 0.591346153846154
0 0.6759991372171149 0.7735619771692057 0.6650764182692309 0.7095721971153846 0.554619812302116 0.7284265588884865 0.56554253125 0.7924163389423077
0 0.18781982451923085 0.7979588052884617 0.03358500176990235 0.7513697693020489 0.0192204190524086 0.7989242812680584 0.1734552418017371 0.8455133172544712
0 0.6627803341346153 0.6998171995192308 0.6450393651487419 0.6494064485263629 0.37918841322566504 0.7429669172763629 0.39692938221153856 0.7933776682692308
0 0.6372665513536847 0.6516630976089672 0.6216872475961538 0.5970969206730768 0.5140568503886354 0.6278267013870477 0.5296361541461663 0.6823928783229379
0 0.8391482005595912 0.5194090175373849 0.8287106634615381 0.4665392692307693 0.6408491071327163 0.5036268670779999 0.6512866442307692 0.5564966153846154
0 0.7638904973114218 0.49674170553896274 0.7577835094043172 0.44661329107265896 0.5146673943044339 0.47623136678369626 0.5207743822115385 0.52635978125
0 0.7698111086712169 0.4492432909360913 0.7622083005346918 0.40022169533916546 0.641635259171167 0.41892148853768957 0.6492380673076922 0.4679430841346154
0 0.8110947414823267 0.3598860824400924 0.7922959326923077 0.30650673798076933 0.542396849863827 0.3945146579445231 0.5611956586538461 0.4478940024038462
0 0.8317104789324982 0.2782791948498687 0.8189022304944589 0.24201246269687732 0.6517311674273454 0.3010519289047009 0.6645394158653846 0.33731866105769226
0 0.8273811199874163 0.23665298714903113 0.8111220721153845 0.18952667307692314 0.6186058343395067 0.2559466931394306 0.6348648822115384 0.30307300721153857
0 0.635134758702888 0.2572145308238492 0.6060212692307692 0.20182331250000002 0.3123982412971119 0.35615086100307397 0.3415117307692308 0.41154207932692316
0 0.5904533412351919 0.20986153439618963 0.5722760985576923 0.17956178846153853 0.3001879953032698 0.3427912588730413 0.31836523798076927 0.3730910048076924
0 0.5559723641098464 0.1882280124281882 0.5328095 0.15162426201923085 0.2834987440632305 0.30938818228335035 0.30666160817307697 0.3459919326923077
0 0.3332026700348071 0.3975702955662432 0.3103477211538461 0.35766000240384616 0.10939915448442372 0.4727348077991414 0.13225410336538465 0.5126451009615385
0 0.31432640357915187 0.35379197866799406 0.2963480072115385 0.3208059350961538 0.05464156036315578 0.45254329537046767 0.07261995673076925 0.4855293389423079
0 0.2982714216329216 0.3084935886175933 0.2784889895016466 0.2771474718723939 0.004413022195648055 0.4501159217163391 0.024195454326923074 0.48146203846153846
0 0.2928828616644887 0.28387620597325197 0.27233906490384613 0.2474604543269231 0.012342897950895885 0.39413622431520956 0.032886694711538454 0.4305519759615385
0 0.48557692307692324 0.5817307692307693 0.31009615384615397 0.5817307692307693 0.31009615384615397 0.6298076923076923 0.48557692307692324 0.6298076923076923
0 0.5024038461538463 0.5480769230769231 0.27644230769230776 0.5480769230769231 0.27644230769230776 0.59375 0.5024038461538463 0.59375
0 0.26623369394018054 0.6423871874550368 0.2581748330803984 0.59421775580589 0.019114506928679418 0.6342131188316227 0.02717336778846156 0.6823825504807695
0 0.25534408410312537 0.5995254622412655 0.2501535027079198 0.5635847308616925 -0.005190581395205596 0.6004616724665808 -1.708035422500241e-17 0.6364024038461538
0 0.21799916313970974 0.5622929318795017 0.21113316778801627 0.515620006257332 -0.006865995351693495 0.5476895888009073 0 0.594362514423077