2 0.9684769274637703 0.9604642477145113 0.9643224386433874 0.01953261232158102 0.016977927884615385 0.023715415865384615 0.021132416704998325 0.964647051258315
0 0.6058439807692307 0.07894736778846162 0.3985345360576924 0.05263157932692313 0.39224778821437706 0.10215706500043736 0.5995572329259155 0.12847285346197584
0 0.6773299975961538 0.13729977163461543 0.3887052091346153 0.09496567548076928 0.37905860847638656 0.16073412992552688 0.6676833969379251 0.20306822607937303
0 0.9612891162213539 0.12349782537636939 0.6817978725961538 0.0972540048076924 0.6766342155094153 0.15224588135440006 0.9561254591346154 0.17848970192307703
0 0.9654550254447715 0.17513595531182025 0.681713609180492 0.15778026865050418 0.6786390669087976 0.20804477247329947 0.962380483173077 0.2254004591346155
0 0.9551751520042452 0.22669005408492618 0.7220087572115386 0.20709382211538468 0.7175976124188318 0.2595799699535355 0.9507640072115385 0.279176201923077
0 0.3619284775697691 0.28214895861658024 0.34665344932489844 0.22175554495992217 0.2724561832935909 0.2405219180741112 0.2877312115384615 0.3009153317307693
0 0.5424001418269231 0.32608695673076926 0.5361451177884615 0.25629290625000006 0.2824590727035503 0.2790285448796219 0.2887140967420118 0.3488225953603911
0 0.3985345360576923 0.39931350240384617 0.3955111474418844 0.3385120741611027 0.30347290224957674 0.3430887328149488 0.3064962908653846 0.40389016105769227
0 0.27644230769230776 0.3870192307692308 0.08653846153846158 0.3870192307692308 0.08653846153846159 0.4495192307692308 0.27644230769230776 0.4495192307692308
0 0.2788461538461539 0.4495192307692308 0.10576923076923084 0.4495192307692308 0.10576923076923084 0.49278846153846156 0.2788461538461539 0.49278846153846156
0 0.39903846153846156 0.4951923076923077 0.18269230769230776 0.4951923076923077 0.18269230769230776 0.5408653846153846 0.39903846153846156 0.5408653846153846
0 0.28125000000000006 0.5360576923076923 0.16826923076923084 0.5360576923076923 0.16826923076923084 0.5745192307692307 0.28125000000000006 0.5745192307692307
0 0.37980769230769246 0.5865384615384616 0.14182692307692316 0.5865384615384616 0.14182692307692316 0.6634615384615384 0.37980769230769246 0.6634615384615384
0 0.2788461538461539 0.6826923076923077 0.12259615384615391 0.6826923076923077 0.12259615384615394 0.7283653846153846 0.2788461538461539 0.7283653846153846
0 0.3004807692307693 0.7235576923076923 0.13461538461538472 0.7235576923076923 0.13461538461538472 0.7716346153846154 0.3004807692307693 0.7716346153846154
0 0.6118246150004455 0.717855814399913 0.5889418013408911 0.662122127415558 0.3197509903846154 0.7726449278846155 0.3426338040441697 0.8283786148689705
0 0.6363386479607832 0.7532394534022901 0.6196943966346153 0.7128623197115385 0.36578197464195195 0.8175300308683079 0.38242622596811976 0.8579071645590596
0 0.6508859664518994 0.7926435533405857 0.6373797403846153 0.7572463750000001 0.3883047547019468 0.8522839803132606 0.40181098076923083 0.8876811586538461
0 0.8224460693980042 0.6716872110681678 0.8064516129807693 0.627717391826923 0.6135324722373887 0.6978936363946063 0.6295269286546237 0.7418634556358512
0 0.8806163035463387 0.6994079555927879 0.8679966033653846 0.6630434783653846 0.6360786579921227 0.7435268280610582 0.648698358173077 0.7798913052884615
0 0.9300489937847192 0.7174371041803517 0.9182229759615386 0.6838768100961539 0.6510206143883577 0.7780339078388792 0.6628466322115384 0.811594201923077
0 0.9233948547735484 0.7592628684939343 0.911084785480316 0.7250573536981719 0.6675144932067677 0.812714773665776 0.6798245625000001 0.8469202884615386
0 0.9102056201923077 0.47826087019230784 0.6974704159422973 0.4573075193173187 0.6932654206730771 0.5000000000000002 0.9060006249230874 0.5209533508749893
0 0.9564233149038462 0.512077295673077 0.6913789855769232 0.5072463750000001 0.6904308575073947 0.5592646103034025 0.9554751868343179 0.5640955309764795
0 0.9620826274038462 0.5712560384615386 0.7366534615384615 0.5555555576923077 0.733207742475013 0.605029556972759 0.9586369083403976 0.6207300377419898
0 0.8196566682692309 0.4227053125 0.7263020331630732 0.37464504268586774 0.7121297860576923 0.40217391346153847 0.8054844211638501 0.4502341832756707
0 0.9012196496462207 0.39888009061109825 0.7847575913461537 0.3369565216346156 0.7689157888157081 0.3667508141854792 0.885377847115775 0.4286743831619618