2 1.0529617979826469 0.8829858797414017 0.9629224004511213 -0.02989463512004068 0.01915589182692308 0.0631911153846154 0.10919528935844874 0.9760716302460578
0 0.18336166105769228 0.5332402524038462 0.12078011370835713 0.33124897116434393 0.06868613149156251 0.3473888856928834 0.13126767884089768 0.5493801669323857
0 0.2680754471153846 0.5990252187499999 0.17019494555733047 0.3097802668463778 0.10638413333219988 0.33137384787282814 0.20426463489025404 0.6206187997764503
0 0.32177999278846153 0.1983173100961539 0.2643007860576923 0.1967038605769231 0.2622202498147033 0.27082305141385554 0.31969945654547255 0.2724365009330863
0 0.39638035336538463 0.45779240144230776 0.3962975605220711 0.20006231581269288 0.32245476484899416 0.20008603696653898 0.3225375576923077 0.4578161225961539
0 0.4567307692307692 0.21394230769230776 0.38461538461538464 0.21394230769230776 0.38461538461538464 0.3125 0.4567307692307692 0.3125
0 0.5784233828510212 0.5369794525641445 0.5217297418784105 0.3373868216183199 0.48525880614277384 0.3477462729003293 0.5419524471153847 0.5473389038461539
0 0.6205151802884614 0.5570179447115385 0.5571878243911057 0.3368238216778785 0.524063969823794 0.3463501709644839 0.5873913257211498 0.5665442939981439
0 0.6628565865384614 0.5849088076923077 0.5896754113140604 0.3308828508696324 0.5607436450757338 0.3392176709845561 0.6339248203001348 0.5932436278072315
0 0.6555408523873523 0.4657936509673907 0.6248591685197146 0.3315561703179116 0.5940444158653846 0.3385992740384616 0.6247260997330225 0.4728367546879407
0 0.7243893028846153 0.5591895288461538 0.657211511791642 0.28395346192664594 0.6274273221217874 0.29122298911437505 0.6946051132147608 0.5664590560338829
0 0.7561130986416187 0.5867843672814806 0.6817935472548342 0.2803121909593607 0.6598273620747541 0.28563899435095713 0.7341469134615386 0.5921111706730771
0 0.7675484951923077 0.5393560216346154 0.7087590810505785 0.2799253830980356 0.6862970264423077 0.28501549519230773 0.7450864405840368 0.5444461337288875
0 0.7654252932692308 0.38823659134615374 0.7357693853523628 0.2770462616233393 0.7096287122754396 0.284018319315647 0.7392846201923076 0.3952086490384615
0 0.28491479326923075 0.9034782716346155 0.21352570741613108 0.6177338775635385 0.15284566826923077 0.6328939038461538 0.22423475412233043 0.9186382979172307
0 0.33987132932692316 0.9120412427884617 0.2632097668269231 0.6016519615384617 0.21190738144952162 0.6143228920782344 0.2885689439495216 0.9247121733282344
0 0.3818714473208286 0.8874670612373936 0.31435660096153845 0.599472935096154 0.2694213390325685 0.6100071683664569 0.33693618539185866 0.8980012945076965
0 0.49380647758498303 0.8101637649551989 0.3880626177884615 0.676047014423077 0.35583192148038856 0.7014591886520436 0.46157578127691007 0.8355759391841654
0 0.5366174447115385 0.7925680793269231 0.45603485074719663 0.6846539533420286 0.4209645216346154 0.7108419807692309 0.5015471155989573 0.8187561067541254
0 0.5412898413461538 0.7518197211538461 0.4460312023102327 0.6204477408377678 0.4182307067307691 0.6406060528846154 0.5134893457666903 0.7719780332006938
0 0.5531679471153846 0.7136058149038462 0.4877544879807693 0.6226677884615385 0.4565529604376251 0.6451116431033134 0.5219664195722404 0.736049669545621
0 0.6341677620110558 0.8183957733542818 0.5874140704089768 0.5957873267495275 0.5393749471153846 0.6058768197115384 0.5861286387174636 0.8284852663162928
0 0.6932639822080309 0.8586878030750835 0.6331979465210062 0.5865966019345508 0.5838215171975908 0.5974967940517749 0.6438875528846153 0.8695879951923078
0 0.7414220216346153 0.8640867572115384 0.6954509540198566 0.6262762944205724 0.6432830573852412 0.6363608545167263 0.6892541249999999 0.8741713173076923
0 0.8456010553915905 0.4977558962204513 0.7923858245192306 0.4840464711538462 0.7370227555739893 0.6989466935490195 0.7902379864463492 0.7126561186156246
0 0.8892872427884616 0.5197837956730772 0.8498935102988945 0.5081437884708035 0.776880027055816 0.7552461808514124 0.8162737595453832 0.7668861880536859
0 0.9188005745192309 0.5261320937500001 0.8890748757905554 0.5179664187313545 0.8107165280544455 0.8032161540394258 0.840442226783121 0.8113818290580715
0 0.956453420673077 0.5342059495192308 0.9227395980785112 0.525263403811728 0.8516287283653848 0.793354764423077 0.8853425509599505 0.8022973101305799
0 0.8967058870192306 0.194218764423077 0.8327525003310091 0.17403311256107423 0.7395925877956869 0.46918790622059564 0.8035459744839083 0.48937355808259836
0 0.9362443557692307 0.22539247355769243 0.8930481277443619 0.21150689095828712 0.8030052117730299 0.4916186041310811 0.8462014397978985 0.5055041867304865
0 0.9644190144230769 0.25354913701923093 0.916180034672451 0.24258911693172036 0.8547399350961539 0.5130090336538463 0.9029789148467798 0.5239690537413568
0 0.81397209375 0.1987715312500001 0.7632601440654577 0.19404940735839263 0.7565992010206692 0.2655827716437438 0.8073111507052115 0.2703048955353512
0 0.7660474206730767 0.19959551923076926 0.7577919709210855 0.17125952265129346 0.7050552329403161 0.18662391928590888 0.7133106826923075 0.21495991586538465
0 0.7001372932101818 0.2503480837447785 0.6970958677884614 0.17555006971153847 0.6293967885205873 0.17830283933214452 0.6324382139423077 0.25310085336538457
0 0.7063866033653846 0.019900425480769316 0.6496073719140697 0.01918084457937937 0.6476014354544535 0.17746121346796662 0.7043806669057684 0.17818079436935658
0 0.7828151708278577 0.016575277971197008 0.7363532421549585 0.0147116166105103 0.7312815985576923 0.14115000721153856 0.7777435272305915 0.14301366857222525
0 0.49059248313249804 0.17550968059620387 0.4755689044576666 0.09677392761122038 0.42757668269230764 0.10593132932692308 0.44260026136713915 0.18466708231190657
0 0.5362333503212608 0.1770398486909688 0.5273504879807692 0.02987547115384615 0.472696810555299 0.03317437474109246 0.48157967289579057 0.18033875227821514
0 0.6193621069123881 0.2988361474048666 0.5661984591346154 0.06483870192307693 0.5199949315491504 0.07533603047974881 0.5731585793269232 0.3093334759615385
0 0.6294259778101072 0.1652190486395561 0.6188743774038462 0.04872915144230768 0.567223870410429 0.053407630209032865 0.5777754708166899 0.1698975274062813