2 0.976140019831523 0.11153835368297517 0.06408345673076923 0.013924805288461546 -0.03616078896839227 0.9505614065263244 0.8758957741323615 1.0481749549208381
0 0.5515251509973683 0.08368289152649555 0.3471283597987566 0.04912477511171133 0.33775777610908053 0.10454785473906199 0.5421545673076923 0.1391059711538462
0 0.6246232236411936 0.15094539176382085 0.3307962524038462 0.10003125961538463 0.31917068501265244 0.16712275487079464 0.6129976562499999 0.21803688701923088
0 0.29063335481732805 0.29854461016337286 0.286299764423077 0.24070021875000006 0.21247524585171268 0.24623100949261148 0.21680883624596378 0.30407540090598434
0 0.4806791562499999 0.3571428581730769 0.47599531730769223 0.2836824014423077 0.21931545270992944 0.30004831038179974 0.22399929165223711 0.373508767112569
0 0.33653846153846156 0.36538461538461536 0.24278846153846162 0.36538461538461536 0.24278846153846162 0.43028846153846156 0.33653846153846156 0.43028846153846156
0 0.5790398125 0.4946858413461539 0.3764636995192308 0.45639262259615393 0.3694166933617009 0.4936722026926681 0.5719928063424701 0.5319654214426681
0 0.6002945480019203 0.5381599261993054 0.3776346610576925 0.4946858413461539 0.3710169279596184 0.5285796819737716 0.5936768149038462 0.5720537668269231
0 0.6299811336329638 0.5823300692788858 0.3729508197115385 0.5314160673076923 0.36709146732857467 0.5609959691826528 0.62412178125 0.6119099711538463
0 0.5081967211538463 0.5954985937500001 0.3747072596153847 0.5634573293269232 0.36746729781567683 0.5936202651412154 0.5009567593541384 0.6256615295642924
0 0.6072555183574679 0.6448953985477873 0.32962529326923085 0.6009690528846154 0.32482879173868606 0.6312846591445205 0.6024590168269233 0.6752110048076925
0 0.6358313822115385 0.6822444519230768 0.3261124110576924 0.6337918100961537 0.32261712707144025 0.6561343639651364 0.6323360982252862 0.7045870057920592
0 0.5886265559771477 0.6987764917704117 0.32728337259615387 0.6595811177884615 0.3238703045944739 0.6823384476985073 0.5852134879754678 0.7215338216804573
0 0.4402810312500002 0.7033447932692309 0.3281295085531537 0.681103747414396 0.32286018643776904 0.7076745527028574 0.4350117091346155 0.7299155985576924
0 0.9273018708834772 0.1523977017124006 0.6393442620192309 0.10065645432692318 0.6282888774817124 0.16218342279719072 0.9162464863459585 0.21392467018266817
0 0.936453198141115 0.21165801976446424 0.6219231025113104 0.16667598915169338 0.6144316543701953 0.21905881554107537 0.9289617499999999 0.26404084615384626
0 0.9147540985576923 0.2625820576923078 0.6233197725560428 0.2183770285537189 0.6163934423076924 0.26404084615384626 0.907827768309342 0.3082458752924352
0 0.8579234975961538 0.39533187500000005 0.7214237680633853 0.29745650409032376 0.6972677596153845 0.3311451490384617 0.8337674891481529 0.42902051994813795
0 0.8444365759415484 0.43832803163697265 0.7339791370192307 0.3610503293269231 0.7089475596668895 0.39682939423017594 0.8194049985892071 0.4741070965402254
0 0.7968306558986197 0.45676020124957406 0.6639344254807693 0.3640342139423077 0.6443625594505151 0.3920848963151461 0.7772587898683655 0.48481088362241237
0 0.7628531269863843 0.4578153731217346 0.6644909456809889 0.40739883595801235 0.6467943018676815 0.44192481860550886 0.7451564831730769 0.49234135576923105
0 0.8599105817307693 0.5271533725961539 0.6371087932692308 0.48736821153846155 0.628490697258372 0.535630607700895 0.8512924857199106 0.5754157687585875
0 0.9061102836538463 0.5699224182692308 0.6304023846153846 0.5400835480769232 0.6249702915282529 0.5902754944469476 0.9006781905667146 0.6201143646392554
0 0.9135618485576923 0.6146807235576923 0.6716996001505419 0.5931583353383615 0.6669928315466114 0.6460516121289156 0.9088550799537617 0.6675740003482464
0 0.7600533104345879 0.7280035521787181 0.7422664507389674 0.6764394061543183 0.5320417283653847 0.748955639423077 0.5498285880610052 0.8005197854474768
0 0.8153716514005573 0.7495825802650148 0.8007498323465527 0.711543198262988 0.559148673734457 0.8044113848248965 0.5737704927884615 0.8424507668269232
0 0.8611398235940276 0.7700348448637379 0.8507087952861591 0.7412766706070492 0.5715361856344392 0.8425368329548498 0.5819672139423078 0.8712950072115386
0 0.8550367183612392 0.8154178540128115 0.843517139423077 0.7827730264423075 0.5808798249079915 0.8754514536794963 0.5923994038461539 0.90809628125
0 0.5385184348509248 0.7594362313327461 0.5135248230055308 0.6977937824106346 0.22537896748152916 0.8146257025201963 0.25037257932692314 0.8762681514423079
0 0.55715193515335 0.8006115131822947 0.54002539874207 0.7589978997573522 0.2667780837810277 0.8714558120558269 0.2839046201923077 0.9130694254807694
0 0.5795189269745795 0.8555081550633807 0.5648286153846154 0.8086333798076926 0.29902056821772816 0.8919362439750813 0.31371087980769236 0.9388110192307695
0 0.3144560360576924 0.7438637355769231 0.25111773557692313 0.7418744759615384 0.2494934805988797 0.7935909784537517 0.312831781079649 0.7955802380691364
0 0.25931445673076936 0.6921430288461541 0.23069750570564815 0.6857906556338952 0.21877500089795585 0.7395006195762028 0.24739195192307706 0.7458529927884617
0 0.29486035826494433 0.676116227795772 0.29210134134615384 0.6085941899038463 0.21631699029274803 0.6116908130696128 0.21907600721153847 0.6792128509615385
0 0.22302343951832526 0.6861643806663358 0.21770679880140356 0.6298316530706818 0.05951197466769368 0.644761962308192 0.06482861538461537 0.7010946899038462
0 0.19237818160168316 0.7620549370048548 0.18703427644230772 0.716014125 0.060975020321393784 0.7306456807836068 0.06631892548076924 0.7766864927884616
0 0.2113530445602427 0.4340942142848735 0.13263785336538464 0.4167495504807693 0.12222358087005256 0.46401258537634527 0.20093877206491065 0.48135724918044953
0 0.2101341274038462 0.47344340384615397 0.0656095499878056 0.4674461958870847 0.06333830048076929 0.5221802283653847 0.2078628778968099 0.528177436324454
0 0.344262295673077 0.5450566947115385 0.10573174576695682 0.5159296512268566 0.10000796750113702 0.5628034775389817 0.3385385174072572 0.5919305210236636
0 0.20566318750000004 0.5679331610576923 0.09162190007839252 0.5598146864461723 0.08792846634615392 0.6116968389423076 0.20196975376776144 0.6198153135538276