2 0.9898076322115386 0.035391598557692444 0.047504375138864186 -0.021607534752015847 -0.007783239592856838 0.8924010898073077 0.9345200174798175 0.9494002231170159
0 0.9784339666895309 0.3212468251404451 0.923774090507872 0.31286913147910295 0.8924709375000001 0.5171051105769232 0.947130813681659 0.5254828042382653
0 0.9192354278846154 0.3046098365384617 0.8512502760018147 0.29682833478002746 0.8176661610576924 0.5902448533653847 0.8856513129404932 0.598026355123819
0 0.7759748437499999 0.2642063966346154 0.7652570701866109 0.18943761292058495 0.7086840745192308 0.1975471009615385 0.7194018480826198 0.272315884675569
0 0.7440411682692308 0.4551526033653846 0.7033994768233526 0.19609559999927909 0.6309254283091388 0.20746556058430787 0.6715671197550172 0.4665225639504133
0 0.6538461538461539 0.22355769230769237 0.5841346153846154 0.22355769230769237 0.5841346153846154 0.3197115384615386 0.6538461538461539 0.3197115384615386
0 0.565533891826923 0.3606463413461538 0.5277083082760188 0.35572627421911984 0.5012138034683264 0.5594166059498892 0.5390393870192308 0.5643366730769231
0 0.527308872596154 0.3629315216346154 0.4929009791680038 0.3582440821746846 0.4625239711538463 0.5812248509615385 0.4969318645819965 0.5859122904214693
0 0.4903058437500001 0.35931642067307695 0.46027031127397044 0.3551402553503883 0.42440913338935504 0.6130585822734651 0.4544446658653847 0.6172347475961538
0 0.45836688221153843 0.36200516586538467 0.42763522975811763 0.3564573577255362 0.4033688427388868 0.4908791245524593 0.43410049519230764 0.49642693269230775
0 0.41822943509615396 0.31801467788461546 0.3875487665538793 0.31496141821444923 0.35987823798076934 0.593008622596154 0.390558906523044 0.5960618822663201
0 0.38520207451923094 0.3154568413461539 0.36259385400260186 0.3132468351162807 0.33218028909875563 0.6243756331932038 0.35478850961538466 0.6265856394230771
0 0.3594809687500001 0.31737819471153844 0.3364655918013778 0.31527609195210154 0.31254635238965167 0.5771616296185322 0.33556172933827394 0.5792637323779691
0 0.3336916586538462 0.3181285865384616 0.306635228341993 0.31541318672279994 0.29524222593814686 0.42893384537664614 0.3222986562500001 0.4316492451923078
0 0.9365811081730772 0.6131760384615387 0.874201344196551 0.6056400285213843 0.8394275096703961 0.8934824819584711 0.9018072736469223 0.9010184918986255
0 0.869658674110666 0.5963518949844397 0.8167130904984372 0.5918822930432923 0.7900177649454635 0.9081072297896218 0.8429633485576923 0.9125768317307692
0 0.8180482334316685 0.5992759729597056 0.771859983173077 0.59497921875 0.7445080502221779 0.8890006736749101 0.7906963004807694 0.8932974278846155
0 0.7448019956523376 0.7006093971643423 0.7094660721153847 0.6778060721153848 0.6193005548284317 0.8175261268741194 0.6546364783653847 0.8403294519230771
0 0.6816990865384616 0.7153876009615386 0.6441988671498566 0.6918158602803113 0.5735836560032905 0.8041574113766136 0.6110838753918953 0.8277291520578409
0 0.6746355625000001 0.6454297115384617 0.6452379349651507 0.6270043259186606 0.560404754025198 0.7623553197773245 0.5898023815600474 0.7807807053971256
0 0.6315316139416114 0.6467380951341093 0.5956857548509343 0.6306920295026076 0.5510234317747076 0.7304647324454216 0.5868692908653848 0.7465107980769232
0 0.5497391490384617 0.6221927307692309 0.5006551250000002 0.617649576923077 0.47987409317810414 0.8421668836291902 0.5289581172165657 0.8467100374753442
0 0.49663320913461556 0.6170201826923077 0.44605256184372366 0.6144999454976084 0.4322718479014159 0.8910760680937624 0.48285249519230783 0.8935963052884618
0 0.44600413279287326 0.6585435132290521 0.392789619641153 0.6569117761857346 0.38531368155981827 0.9007184648797593 0.43852819471153853 0.9023502019230769
0 0.3649332403846154 0.7335615745192308 0.28203226201923076 0.5247370841346153 0.23181554614844774 0.5446725565895796 0.31471652451383236 0.7534970469741951
0 0.3286635168269231 0.7950768798076923 0.22830320158174636 0.5536650160066685 0.1909675576923077 0.5691862788461538 0.2913278729374844 0.8105981426471777
0 0.30757004807692306 0.8434614735576923 0.19053504378983588 0.5664214821262571 0.1626007235576923 0.57822228125 0.2796357278447795 0.8552622726814351
0 0.2663562524038462 0.8371964807692309 0.1568686705664098 0.5769117401510914 0.12525981884900347 0.5902078585903746 0.23474740068643987 0.8504925992085143
0 0.30546935336538455 0.5165909399038462 0.20141933584582425 0.22430760606964475 0.13831439182692307 0.24677235096153846 0.24236440934648337 0.53905568479574
0 0.2560452884615385 0.5404216129807694 0.14577086569467448 0.2644696150854969 0.10346613461538462 0.2813751995192308 0.21374055738224865 0.5573271974145033
0 0.22426414182692306 0.5592604158653847 0.11024490570986105 0.298471281741296 0.06586115981863809 0.31787623440363777 0.1798803959357001 0.5786653685277263
0 0.2744512427884615 0.30700323076923075 0.2727146408936972 0.24223357984955193 0.22094395673076922 0.2436216538461538 0.22268055862553354 0.30839130476583265
0 0.3270756027339364 0.22120719084566104 0.27230040904742653 0.21347411724313733 0.2681851236211825 0.24262365957055332 0.32296031730769237 0.250356733173077
0 0.4084187764423076 0.2807125961538461 0.39851263945288423 0.2016066402177482 0.33167947466294445 0.20997590240554942 0.34158561165236784 0.2890818583416473
0 0.3762725216346154 0.20775244471153845 0.35895502693721426 0.04995555444161281 0.3026811466346154 0.05613135817307692 0.3199986413320165 0.21392824844300257
0 0.2948793822115385 0.17877113221153845 0.269126457628639 0.05134309994865159 0.2240521838617289 0.06045251137355263 0.24980510844462833 0.18788054363643952
0 0.5909757235576923 0.11566699759615394 0.5418503474105403 0.11335122796219296 0.5381332503408439 0.1922035408375356 0.5872586264879961 0.19451931047149656
0 0.538795514423077 0.19481289423076922 0.5363484290753283 0.048517860400877064 0.48150880769230775 0.049435165865384614 0.48395589304005643 0.19573019969527677
0 0.49030561635105363 0.0904353551119737 0.44301249663167785 0.0874255809274097 0.4277011807613935 0.32801502389235904 0.47499430048076924 0.33102479807692303
0 0.44554119688688876 0.07730328327146986 0.39342441105769227 0.07662999759615388 0.3919285699400343 0.192418041247761 0.44404535576923077 0.19309132692307696