0 0.3514027860576923 0.3308127788461538 0.3452376627516973 0.28190280666463574 0.2632687491806827 0.29223502393820666 0.2694338724866777 0.34114499611972465
0 0.5330509666704223 0.3488432526175548 0.36169778846153855 0.34659845192307703 0.3611250370755077 0.3903184893238902 0.5324782152843913 0.39256329001836787
0 0.3843467980769231 0.42209514423076927 0.35311861962297575 0.390866964625506 0.28585792792257086 0.4581276538461539 0.31708610637651813 0.4893558334514171
0 0.34728478365384624 0.3534617884615386 0.32036739232425443 0.32863506824985833 0.25516570482425444 0.399327424019089 0.28208309615384625 0.42415414423076925
0 0.6245635456730769 0.4255268100961539 0.5871146069287276 0.39931255341231897 0.5438755925056507 0.4610825750469344 0.58132453125 0.4872968317307693
0 0.5166276739402824 0.49066239801345624 0.36444312259615386 0.4728838293269231 0.35933749973181706 0.516587962018436 0.5115220510759456 0.5343665307049691
0 0.44578476330740696 0.43798507784966095 0.41317280769230774 0.40219147115384624 0.36131165955144556 0.4494427435861279 0.3939236151665448 0.4852363502819426
0 0.5463215192307692 0.3864057980769232 0.42040116062894284 0.3816153505246372 0.41833928583806856 0.4358132120449173 0.5442596444398949 0.4406036595972033
0 0.6424082187500001 0.5675978605769231 0.6405070641428119 0.532290697742943 0.5456351850961538 0.5373991826923077 0.547536339703342 0.5727063455262877
0 0.5585739302884615 0.5827695841346153 0.55276893306091 0.5315800582067679 0.418655884983987 0.5467887529183064 0.42446088221153844 0.5979782788461538
0 0.6504654443580328 0.3338838771289297 0.6173348028846154 0.3021000096153847 0.5178389402573519 0.40581179835183967 0.5509695817307693 0.4375956658653847
0 0.49290001442307685 0.2965695745192308 0.4815844521209925 0.2545762663281544 0.36613662279406944 0.28568496344353905 0.37745218509615375 0.3276782716346155
0 0.4104108186098761 0.5489743986872507 0.27859566105769235 0.5433652355769231 0.27646582853086393 0.5934162333036168 0.40828098608304764 0.5990253964139444
0 0.5530434975961538 0.43344784134615383 0.494282625 0.43344784134615383 0.494282625 0.4687043629807693 0.5530434975961538 0.4687043629807693
0 0.6299991440275433 0.47977406527664623 0.526082625 0.4756174062500001 0.5237878487609184 0.5329868361656616 0.6277043677884617 0.5371434951923078
2 0.669921875 0.6191406250000001 0.636799514135372 0.22946579129849345 0.234375 0.26367187500000006 0.26749736086462805 0.6533467087015067