0 0.7093634828998424 0.3843655515615838 0.6928149598043871 0.3037051204697505 0.6444597076737755 0.31362582131201283 0.6610082307692308 0.3942862524038461
0 0.6449829375000002 0.40356966105769243 0.6012113961511848 0.4019761035203303 0.595029940401277 0.5717671776480038 0.6388014817500924 0.5733607351853659
0 0.6004525303110483 0.3915661369723151 0.5341654639423077 0.32154621394230776 0.5026720177658747 0.3513607019699927 0.5689590841346154 0.42138062500000006
0 0.6570654039534323 0.3746915796034537 0.5984923175255848 0.29697000568261495 0.569280298076923 0.3189849759615385 0.6278533845047705 0.39670654988237725
0 0.586799082279572 0.6306965740263055 0.5290113441969029 0.5801002963409909 0.49917268990384617 0.6141800432692308 0.5569604279865155 0.6647763209545453
0 0.5186336634615385 0.39822226201923083 0.47480561001683524 0.39203573881318693 0.45367207401319487 0.5417550099763859 0.4975001274578981 0.5479415331824298
0 0.5881918245192308 0.45148211778846165 0.5403666400262674 0.3971290010605623 0.5048549782153272 0.4283756319807756 0.5526801627082906 0.48272874870867494
0 0.6008784278846154 0.585642423076923 0.5990134182692308 0.4590491682692307 0.5490251169986865 0.4597856108440577 0.5508901266140711 0.58637886565175
0 0.4499010168269232 0.5752799927884615 0.4149164240456766 0.5742141597444816 0.41199970292884547 0.6699517624629946 0.44698429571009207 0.6710175955069744
0 0.445761722862675 0.5847504708740187 0.44393580144625433 0.4495242525333761 0.39214228365384607 0.4502236057692307 0.39396820507026675 0.5854498241098732
0 0.6835313629807692 0.6620582668269231 0.571785804375356 0.562169000416958 0.5432644063623111 0.5940757274129734 0.6550099649677243 0.6939649938229386
0 0.7263262846123397 0.5322392592097389 0.7064775322099119 0.4133664418421701 0.6635364302884617 0.42053651923076923 0.6833851826908894 0.5394093365983381
0 0.45015037740384606 0.3078581466346154 0.401278816971552 0.30048773783476307 0.3814194232939 0.4321710113983049 0.43029098372619407 0.43954142019815723
0 0.5550476033653846 0.5305889375000001 0.5197576117224021 0.5297675539376804 0.51842340625 0.58709046875 0.5537133978929826 0.5879118523123198
0 0.5121378846153847 0.5596865889423077 0.4546743223359583 0.5560412239506498 0.44824652403846155 0.657365560096154 0.5057100863178879 0.6610109250878118
2 0.7505163895071009 0.6750987466664156 0.730872985576923 0.28156105048076924 0.34112756414719114 0.30101516330728234 0.36077096807736897 0.6945528594929287