0 0.15850485866657532 0.10731005419851984 0.02172173081768031 0.10701515124549682 0.02150795147802816 0.20617118358543857 0.15829107932692313 0.20646608653846157
0 0.0973609106548092 0.5774701979984225 0.0779247827620871 0.339028538498648 0.02307067018420098 0.34349986934637927 0.04250679807692308 0.5819415288461538
0 0.07046863942307696 0.20921978846153844 0.004335122596153877 0.1986267548076923 -0.006244441970907562 0.2646761825901899 0.059889074856015516 0.275269216244036
0 0.12495158653846154 0.21679456730769234 0.0746550784164883 0.20395932663747968 0.05790504476264215 0.2695964444259412 0.1082015528846154 0.28243168509615385
0 0.18327260096153852 0.22797959855769234 0.13523317823166375 0.1999050972453889 0.06486238015474062 0.3203194361876966 0.11290180288461538 0.34839393750000003
0 0.22143862977700662 0.25139079015195576 0.17724487521107418 0.2288456252944454 0.09258643990384621 0.39479580288461535 0.13678019446977868 0.4173409677421257
0 0.28230241346153845 0.25363477644230764 0.2455037504681844 0.10507588920023038 0.19537331666717814 0.11749340910361977 0.2321719796605322 0.266052296345697
0 0.2764559169566632 0.26385029240376034 0.21582798076923085 0.2625729927884616 0.21475825371641383 0.31334834942316275 0.27538618990384617 0.3146256490384615
0 0.14076780939178973 0.5626864382193897 0.11786773685638607 0.44905246777091357 0.07049025198382709 0.45860020983998556 0.09339032451923075 0.5722341802884616
0 0.16420471445205237 0.43268731407316136 0.11733597811765352 0.4313206524891044 0.11482498042055468 0.5174336232307388 0.16169371675495353 0.5188002848147957
0 0.3074772355449772 0.5062107739107696 0.30633924759615383 0.4410159158653846 0.25723531733963817 0.441873033781538 0.2583733052884615 0.5070678918269231
0 0.3821195480221249 0.5889751267070293 0.3706120264423077 0.33471744951923077 0.29201263137366623 0.338274802221092 0.3035201529534835 0.5925324794088905
0 0.4364943385245591 0.27108651212518836 0.4342797137340658 0.14421072353721331 0.36948834395950675 0.1453416609312557 0.37170296875 0.2722174495192307
0 0.5022214254807692 0.28183276923076916 0.49861211538461536 0.1533705168269231 0.42233828045759164 0.15551352706785387 0.42594759055374554 0.2839757794717
0 0.5576347403846154 0.34785330048076923 0.5546249639337995 0.12138335760766829 0.49219314662610714 0.1222130739538221 0.49520292307692304 0.34868301682692304
0 0.6066179564892743 0.5644342020785071 0.5902614142837201 0.11935236181428245 0.5342797451923077 0.12140966105769231 0.550636287397862 0.5664915013219171
0 0.659773042120276 0.5360258175126348 0.653151059598285 0.12003223699904347 0.5908521875 0.12102393990384613 0.597474170021991 0.5370175204174376
0 0.14175104807692313 0.7070580817307692 0.06400105769230774 0.6914936658653846 0.05301406028425801 0.7463777649681008 0.1307640506688734 0.7619421808334855
0 0.13693419951923075 0.8712685817307693 0.1196002817506305 0.7777506698260848 0.05334913367057111 0.7900305842243613 0.07068305143917136 0.883548496129046
0 0.20068717393997887 0.6830033575438504 0.15388843378213746 0.6821864819344922 0.15237885576923088 0.7686700889423077 0.1991775959270723 0.7694869645516659
0 0.2616515793269232 0.7662415216346155 0.17780357211538472 0.7647929759615385 0.17573040079726382 0.8847969819541918 0.2595784080088023 0.8862455276272687
0 0.28135328846153845 0.75499590625 0.27772383022234925 0.6851819250427362 0.1957266739723493 0.6894447567735054 0.19935613221153847 0.7592587379807691
0 0.46290594381392586 0.414896650216141 0.46159069711538464 0.37463650000000004 0.43029673647453576 0.37565883295693603 0.431611983173077 0.415918983173077
0 0.5188154024940526 0.37066346092220037 0.48711768990384624 0.3649000120192308 0.4790974992071825 0.4090093125268674 0.5107952117973887 0.414772761429837
0 0.5253333389423077 0.8574417884615386 0.522007992246573 0.594546690800014 0.42652240144230774 0.5957544831730769 0.4298477481380425 0.8586495808346015
0 0.6218546706730771 0.8033148389423077 0.6190635697115384 0.6279775841346152 0.5312195521150493 0.6293759265590355 0.5340106530765879 0.804713181366728
0 0.7368306322115388 0.5858945216346154 0.6355199841249337 0.5844173825938025 0.6318651898799317 0.8350840858315535 0.7331758379665367 0.8365612248723664
0 0.8183845961538463 0.6070223149038463 0.7449775415717296 0.6014598602569093 0.728319180627003 0.8212982749020574 0.8017262352091197 0.8268607295489944
2 0.874293954326923 0.08589221634615382 0.012171829326923086 0.08490150721153844 0.011232946481268342 0.9019240274856202 0.8733550714812682 0.9029147366202355