2 0.9204875209731546 0.02168970218120824 0.126953125 0.017578125000000014 0.12248122902684556 0.8806540478187919 0.9160156250000001 0.8847656250000001
0 0.5993083035234399 0.08874398638973793 0.35950284615384615 0.06712218269230773 0.3539445426304063 0.1287688213025699 0.5937500000000001 0.15039062500000008
0 0.236328125 0.19140625 0.22771684071072318 0.01918056421446384 0.1345902821072319 0.023836892144638407 0.14320156639650872 0.19606257793017454
0 0.30859375 0.14648437499999997 0.28659345518867924 0.029149469339622643 0.22409345518867924 0.04086821933962264 0.24609375 0.158203125
0 0.8990384615384616 0.45913461538461553 0.6201923076923077 0.45913461538461553 0.6201923076923077 0.5721153846153848 0.8990384615384616 0.5721153846153848
0 0.90625 0.5649038461538463 0.65625 0.5649038461538463 0.65625 0.6610576923076923 0.90625 0.6610576923076923
0 0.9014423076923077 0.6682692307692307 0.6346153846153846 0.6682692307692307 0.6346153846153846 0.7644230769230769 0.9014423076923077 0.7644230769230769
0 0.8966346153846154 0.7644230769230769 0.6514423076923077 0.7644230769230769 0.6514423076923077 0.8461538461538461 0.8966346153846154 0.8461538461538461
0 0.44921875 0.17187500000000006 0.4041819852941177 0.08743106617647065 0.2284007352941177 0.1811810661764706 0.2734375 0.26562500000000006
0 0.3038801351385264 0.25606249058923913 0.15039062500000003 0.236328125 0.14338548986147362 0.2908125094107609 0.296875 0.31054687500000006
0 0.585517018312102 0.1367734872611466 0.47460937500000006 0.13281250000000008 0.47307673168789816 0.1757265127388536 0.5839843750000001 0.1796875000000001
0 0.533203125 0.16406250000000006 0.458984375 0.16406250000000006 0.458984375 0.22070312500000006 0.533203125 0.22070312500000006
0 0.5295310732466063 0.346715038178733 0.526831165158371 0.29001696832579194 0.46484375 0.29296875000000006 0.4675436580882353 0.3496668198529412
0 0.35546875 0.30078125 0.3461429769544924 0.23316939542007006 0.2895023519544924 0.24098189542007006 0.298828125 0.30859375
0 0.763671875 0.16992187499999997 0.7416818031704095 0.10639500082562749 0.6909005531704095 0.12397312582562749 0.712890625 0.18749999999999997
0 0.8743798796356538 0.12909304855237483 0.7676797840761224 0.1181494490078075 0.7604874044404684 0.18827515045543278 0.8671874999999999 0.1992187500000001
0 0.6176219621856625 0.35867541325222074 0.3652343750000001 0.32031250000000006 0.3548764348492432 0.38845684309708495 0.6072640220349055 0.42681975634930563
0 0.3125 0.39453125 0.18581302403846162 0.39453125 0.18581302403846162 0.44921875 0.3125 0.44921875
0 0.33339783489029834 0.44573566592389446 0.20120937071477554 0.4432877314021255 0.1998427858244773 0.517083315478231 0.33203125000000006 0.5195312500000001
0 0.7773437499999999 0.25 0.7753906249999999 0.201171875 0.6952064197284344 0.2043792432108626 0.6971595447284344 0.2532073682108626
0 0.763671875 0.24609375000000006 0.6875 0.24609375000000006 0.6875 0.27734375000000006 0.763671875 0.27734375000000006
0 0.774246156996916 0.27948209811102553 0.6972656250000001 0.2773437500000001 0.6964539562451814 0.3065638251734773 0.7734344882420973 0.3087021732845028
0 0.40092088291101796 0.5220676605505857 0.17599823553953872 0.511357068218185 0.17351485262852082 0.5635081576675993 0.39843750000000006 0.57421875
0 0.6016837284482759 0.5864358836206898 0.17382812500000006 0.5507812500000001 0.16915409482758628 0.6068696120689656 0.5970096982758621 0.6425242456896553
0 0.6545327635059066 0.6508132921897702 0.17580993028846162 0.6019640240384615 0.17036758703834917 0.6552989884838986 0.6490904202557941 0.7041482566352073
0 0.45898437499999994 0.490234375 0.4526733646044624 0.4439536320993915 0.4066540948275862 0.4502289870689656 0.4129651052231237 0.4965097299695741
0 0.4550781250000001 0.5371093750000001 0.4537701498868779 0.5096418976244343 0.41015625000000006 0.51171875 0.4114642251131222 0.5391862273755657
0 0.90234375 0.30664062499999994 0.9011033176548181 0.23221468428908634 0.7714843749999999 0.23437499999999997 0.7727248073451818 0.30880094071091363
0 0.9082031250000001 0.3750000000000001 0.771484375 0.3554687500000001 0.7632812499999999 0.4128906250000001 0.9000000000000001 0.4324218750000001