2 0.918843973949628 0.09144007722533137 0.1256211346153846 0.027198057692307705 0.05574925441575672 0.8899351198900534 0.8489720937500002 0.954177139423077
0 0.5925836857896516 0.13415685495599863 0.35441663221153846 0.09436368028846157 0.34418702574881 0.15558913542861688 0.5823540793269231 0.19538231009615392
0 0.22626342519516507 0.036435914117984754 0.13278403277777026 0.034035532687253796 0.12834483354414367 0.206913743569269 0.22182422596153847 0.209314125
0 0.2974938269230769 0.16986821153846154 0.2730226418269231 0.052117853365384624 0.21086794456688845 0.06503500389336903 0.23533912966304227 0.18278536206644597
0 0.8653846153846154 0.5072115384615385 0.5769230769230769 0.5072115384615385 0.576923076923077 0.6394230769230769 0.8653846153846154 0.6394230769230769
0 0.8629807692307693 0.6153846153846154 0.605769230769231 0.6153846153846154 0.605769230769231 0.7307692307692307 0.8629807692307693 0.7307692307692307
0 0.8485576923076923 0.7163461538461539 0.5769230769230771 0.7163461538461539 0.5769230769230771 0.8317307692307693 0.8485576923076923 0.8317307692307693
0 0.8389423076923077 0.8149038461538461 0.5865384615384617 0.8149038461538461 0.5865384615384617 0.9134615384615384 0.8389423076923077 0.9134615384615384
0 0.4361948413461538 0.20591476201923076 0.39755685398039814 0.11805814394326648 0.21467165446116737 0.19848823769326648 0.25330964182692306 0.2863448557692308
0 0.28447688048871345 0.2790891515948695 0.13248275000000004 0.24772404567307696 0.12134903537667127 0.30167761042436136 0.2733431658653847 0.3330427163461539
0 0.5751529440275123 0.18114131408565426 0.4645454447115384 0.1687762475961539 0.4597609718378723 0.21157412341434587 0.5703684711538461 0.22393918990384623
0 0.5207712115384615 0.20446621634615395 0.4465524628509045 0.19884225739388073 0.4422604941009045 0.25548288239388073 0.5164792427884616 0.261106841346154
0 0.5048549917897069 0.32993784266369663 0.4426439062500001 0.32819250240384623 0.4410474946708168 0.385095158919466 0.5032585802105236 0.38684049917931634
0 0.3326769086538462 0.32771706009615387 0.3284744541831814 0.25939854123766487 0.27124183399087365 0.26291907248766483 0.27544428846153846 0.3312375913461538
0 0.750795966346154 0.22778946874999997 0.7336196751076857 0.16259628866915615 0.681506432319224 0.17632644011146387 0.6986827235576923 0.2415196201923077
0 0.8645977928736941 0.19534959269432275 0.7587269533173855 0.17632074404889633 0.7462207662129222 0.24590143981611215 0.8520916057692307 0.26493028846153854
0 0.5904431646954695 0.4054760061710744 0.340962545673077 0.34798830528846164 0.3254409359871844 0.41534777058639716 0.574921555009577 0.4728354714690099
0 0.2826042091346154 0.41821108413461544 0.15591723306704042 0.4086113186600183 0.1517732619131943 0.46329881866001826 0.2784602379807693 0.4728985841346154
0 0.2996220054102816 0.4709990419676388 0.16761903408611104 0.4585344665194555 0.1606605551181372 0.5322264990710475 0.29266352644230775 0.5446910745192308
0 0.7601467307692309 0.2599274639423078 0.6797194872499289 0.2570588372137415 0.6779726386922366 0.30603495980989537 0.7583998822115385 0.30890358653846167
0 0.745024005988208 0.30396134720483897 0.6688521298076923 0.2981893846153847 0.6664841451280968 0.32943938546276585 0.7426560213086125 0.33521134805222014
0 0.7530682691115914 0.3381509624274217 0.6762497716346154 0.33017937980769246 0.6732239384023516 0.35933795139962754 0.7500424358793277 0.3673095340193568
0 0.36077517083979305 0.5522388654589595 0.1369464663461539 0.5271437163461539 0.1310971007948224 0.579315389348733 0.3549258052884615 0.6044105384615386
0 0.5572462737746816 0.6320287493981009 0.13209241826923085 0.5639531586538462 0.12316826654820409 0.6196873428133916 0.5483221220536549 0.6877629335576464
0 0.6052170816939845 0.7004108184927205 0.13019582451923084 0.6152861033653845 0.12071199936454262 0.6682086716355585 0.5957332565392963 0.7533333867628944
0 0.4229489439366432 0.48169679709536967 0.37396026704228835 0.4804388581709279 0.3728479577210298 0.5237561932870967 0.4218366346153847 0.5250141322115385
0 0.41609240027530325 0.5457657580982729 0.37138052163461543 0.5427985312500001 0.369562342880706 0.5701958931467481 0.4142742215213938 0.5731631199950209
0 0.8863794675337038 0.3070210154756659 0.7537245 0.29283459134615397 0.7458585874030115 0.3663874733585975 0.8785135549367151 0.38057389748810944
0 0.879787323819968 0.44381951675948156 0.7445485649038462 0.41392834134615397 0.7319942709358858 0.47072862142273136 0.8672330298520077 0.500619796836059