0 0.9998949495622708 0.14544752732496657 0.9809575370588988 0.04927129254170849 0.831693948073551 0.07866177723597276 0.850631360576923 0.17483801201923083
0 0.9906490264423078 0.29484063461538473 0.9359631381902666 0.292744175057662 0.926591341346154 0.5372063365384616 0.9812772295981952 0.5393027960961844
0 1 0.15363040625000013 0.9382944735576924 0.15363040625000013 0.9382944735576924 0.22769966105769246 1 0.22769966105769246
0 0.9453637135883591 0.23922141842231204 0.9362662806716513 0.16796420957256716 0.8834967937159486 0.17470130853248955 0.8925942266326564 0.24595851738223443
0 0.9315384041537969 0.29881214308580956 0.8800419927884617 0.17525575480769223 0.8258675453994085 0.19783483523497655 0.8773639567647434 0.3213912235130939
0 0.9243013519214398 0.3559328982463196 0.8296487073544517 0.2017836962290307 0.7857287953368581 0.2287519566365573 0.8803814399038461 0.3829011586538462
0 0.8071125406166642 0.09046875954746206 0.7569425454104751 0.0814909512581071 0.7289303028846155 0.23802961057692315 0.7791002980908045 0.2470074188662781
0 0.8032085114106045 0.2883213631459699 0.7955640649038463 0.23845565625 0.7306716857047804 0.24840370175787635 0.7383161322115386 0.2982694086538462
0 0.9351634326923078 0.41529371634615403 0.8876928382390599 0.413321839164973 0.8827994848736752 0.5311234930111268 0.9302700793269232 0.5330953701923078
0 0.9018723728673866 0.48718984139623733 0.9008026633601142 0.39578684933249025 0.8544506553990678 0.3963293171716451 0.8555203649063403 0.4877323092353922
0 0.7650886340701344 0.48884542683720417 0.7613353076923077 0.42440366105769234 0.7125237235125729 0.42724662794770824 0.7162770498903996 0.49168839372722
0 0.72327116206836 0.3246629960632696 0.6451376074900695 0.3186060311992925 0.6248717446101666 0.58003133891741 0.703005299188457 0.5860883037813871
0 0.6405653870192308 0.2681287475961539 0.6331712115384616 0.14117562259615385 0.568739918839315 0.14492831702309528 0.5761340943200843 0.27188144202309533
0 0.5853668942307693 0.16131272115384623 0.509258339657417 0.16034169495218925 0.5075469957449605 0.29447598641900263 0.5836555503183127 0.2954470126206596
0 0.5207770200474774 0.3641599769834313 0.5073749153696333 0.13405471863886612 0.4448960852260021 0.13769369598235784 0.45829818990384613 0.367798954326923
0 0.4723324206730771 0.13785030528846162 0.4167672800172862 0.13696512703398164 0.40956339424607197 0.5891733959559621 0.4651285349018629 0.5900585742104419
0 0.415919310096154 0.14472496394230777 0.35401387886739727 0.143994063717421 0.34902537618207846 0.5665078342779878 0.4109308074108352 0.5672387345028744
0 0.9824983446208512 0.6991994008326767 0.9638055711662742 0.6470831953543943 0.8875655456730769 0.674428576923077 0.9062583191276536 0.7265447824013594
0 0.975067156346505 0.8277279576421417 0.9630890071234782 0.7423443082356413 0.8870960743346656 0.7530050693434998 0.8990742235576925 0.8383887187500001
0 0.8795424838721482 0.737979991967249 0.8686223413461539 0.6519123076923078 0.821919376704775 0.6578379118789051 0.8328395192307692 0.7439055961538462
0 0.8603308155116272 0.8580509543653743 0.853982625 0.7369202716346154 0.7700437157528922 0.7413193237593625 0.7763919062645193 0.8624500064901214
0 0.835422454315444 0.7338994221122317 0.8300821153846155 0.6639292980769232 0.7450129038576332 0.6704220466377685 0.7503532427884617 0.7403921706730769
0 0.5867108870192309 0.41984173317307694 0.5846630841234142 0.38076731871365943 0.5534130841234142 0.382405061502121 0.5554608870192308 0.42147947596153856
0 0.5348514124663947 0.42052935760042864 0.5292932307692308 0.37583278365384615 0.4975556255917096 0.37977947040483373 0.5031138072888734 0.4244760443514162
0 0.5991296177884616 0.599426875 0.5044858396475388 0.596765127373325 0.4966897172698792 0.8739719028302466 0.5913334954108019 0.8766336504569217
0 0.4961635120192309 0.6479230072115385 0.40876611779001026 0.6457497319842151 0.40412709688492243 0.8323061026556395 0.4915244911141431 0.8344793778829629
0 0.4151676316296674 0.8648283344561479 0.3902359410775814 0.6191392092330218 0.28937903846153845 0.6293738221153846 0.31431072901362445 0.8750629473385108
0 0.2992669229500765 0.866291751664668 0.2830567386676746 0.6553218077713668 0.20894037980769234 0.6610166466346155 0.22515056409009424 0.8719865905279166
2 1.0283343532466314 0.857511535864406 0.9913334134615385 0.03424623317307692 0.1286445341098736 0.07301903116882599 0.16564547389496637 0.896284333860155