0 0.21875 0.16210937499999997 0.2102557442224801 0.017707026782161787 0.10953062740384613 0.023632033653846148 0.11802488318136604 0.16803438187168435
0 0.5892457313317165 0.05305452642026625 0.345703125 0.02948588701923081 0.3404417686682834 0.0838532355989646 0.583984375 0.10742187500000003
0 0.27734374999999994 0.052734375000000014 0.2552777019650655 -0.011457764737991257 0.1927777019650655 0.010026610262008736 0.21484375 0.07421875000000001
0 0.291015625 0.11328125 0.278507494037294 0.061685209778837784 0.21405436903729402 0.07731020977883779 0.2265625 0.12890625
0 0.357421875 0.11914062500000007 0.32783240477581815 0.06926123233637911 0.21259802977581813 0.13762060733637907 0.2421875 0.1875
0 0.427734375 0.14453125000000006 0.40421929139339186 0.09864816003588667 0.2429227315616879 0.18131264694963492 0.26643781516829596 0.2271957369137483
0 0.28722663578799257 0.23767662406191375 0.13239805640243907 0.20060499237804882 0.12056204561444656 0.2500377433161352 0.27539062500000006 0.2871093750000001
0 0.3359375 0.28125 0.3293819616336634 0.21569461633663364 0.279296875 0.220703125 0.2858524133663366 0.28625850866336633
0 0.5800781250000001 0.10351562500000008 0.464157516891892 0.08419552364864871 0.456345016891892 0.1310705236486487 0.5722656250000001 0.15039062500000008
0 0.5312499999999999 0.16796874999999997 0.5288217213114753 0.12061731557377049 0.44111168032786874 0.12511526639344261 0.44353995901639337 0.17246670081967208
0 0.5287461890243902 0.31245617378048784 0.5272198932926829 0.26361471036585366 0.46289062499999994 0.265625 0.4644169207317072 0.3144664634146342
0 0.6190142463235294 0.3180491727941177 0.361374080882353 0.2982306985294118 0.355365349264706 0.3763442095588236 0.6130055147058825 0.3961626838235295
0 0.30078125000000006 0.376953125 0.17566636029411775 0.3617876838235293 0.16785386029411772 0.4262408088235293 0.29296875000000006 0.44140625
0 0.32724978675007116 0.4395958469576344 0.19140625000000003 0.42578125 0.18373924864941718 0.5011734299473983 0.31958278539948826 0.5149880269050328
0 0.39062500000000006 0.501953125 0.16015625000000006 0.501953125 0.16015625000000006 0.564453125 0.3906250000000001 0.564453125
0 0.6128357315569887 0.5705694102029206 0.16210937500000006 0.5371093750000001 0.1580025898444909 0.5924301868006828 0.6087289464014795 0.6258902220036033
0 0.5872539421541254 0.6232760502678125 0.16601562500000006 0.59375 0.16169439800580182 0.655399505117229 0.5829327151599271 0.6849255553850415
0 0.7716098050458715 0.13843893348623856 0.7483335722477064 0.06085149082568808 0.695473767201835 0.07670943233944955 0.7187500000000001 0.15429687500000003
0 0.8854174937885434 0.07940386026929819 0.7934746894766906 0.07612019155225022 0.7908696956881472 0.14906008128295214 0.8828125 0.1523437500000001
0 0.78515625 0.21289062500000003 0.7811422413793103 0.16472252155172412 0.6953124999999999 0.171875 0.6993265086206896 0.2200431034482759
0 0.9038162661206641 0.2693540616661726 0.8994629919581976 0.18519076119181738 0.779296875 0.19140624999999997 0.7836501491624666 0.27556955047435516
0 0.77734375 0.29492187499999994 0.7753058107076706 0.20932842472216165 0.7052792596153845 0.2109957235576923 0.7073171989077139 0.29658917383553063
0 0.44921875 0.439453125 0.41015625 0.439453125 0.41015625 0.470703125 0.44921875 0.470703125
0 0.44945669416243655 0.5228624682741116 0.4471763959390863 0.49093829314720805 0.40234375 0.49414062499999994 0.40462404822335024 0.5260648001269035
0 0.9061139414159111 0.4657864991240726 0.6289062499999999 0.4375 0.6193418950948062 0.5312306780708986 0.8965495865107174 0.5595171771949712
0 0.8553667138984724 0.5511239372843767 0.6718750000000001 0.5429687500000001 0.6679841516757024 0.6305128372966979 0.8514758655741747 0.6386680245810745
0 0.8887530137240355 0.7360383438427301 0.8838210718043824 0.6349335344898427 0.6376461830803469 0.6469420656471127 0.642578125 0.7480468750000001
0 0.8810797735091742 0.8236794008027523 0.8788316888276289 0.7494926063117501 0.6676737903184546 0.7558913305089979 0.669921875 0.830078125
2 0.9164006557176958 0.8689941988987739 0.9074019135835957 0.005114954025170832 0.0859375 0.013671875 0.09493624213410008 0.8775511198736031