2 0.9807692307692307 0.007211538461538521 8.831587493851104e-19 0.007211538461538462 6.079076058267511e-17 0.9855769230769231 0.9807692307692307 0.9855769230769231
0 0.12740384615384623 0.6899038461538461 0.05288461538461547 0.6899038461538461 0.05288461538461548 0.8341346153846154 0.12740384615384626 0.8341346153846154
0 0.1546326274038462 0.6611934519230769 0.08437842125855965 0.22332126246152953 -0.005666711106960188 0.23776851315211575 0.06458749503832636 0.675640702613663
0 0.25579361753939217 0.7917873326758507 0.22813309615384617 0.18900286778846154 0.1432060170759924 0.19289999424722618 0.17086653846153846 0.7956844591346154
0 0.29553765865384607 0.6439373413461538 0.2942056246084577 0.34877116526643304 0.24274863544275702 0.34900338178375984 0.24408066948814536 0.6441695578634804
0 0.33834868679158386 0.794420454192066 0.3371886608330711 0.3240422218980746 0.2832419451953333 0.3241752628983162 0.2844019711538462 0.7945534951923077
0 0.40899611057692326 0.4197266298076924 0.3515438331018179 0.4164598079778157 0.3396150452858385 0.6262465864539392 0.3970673227609439 0.629513408283816
0 0.40034292788461534 0.3843352019230769 0.39673882451923076 0.32900943509615393 0.3433276561359283 0.33248881518900625 0.34693175950131294 0.3878145820159292
0 0.39360834375000003 0.3077505913461538 0.38510108653846153 0.04804727884615385 0.3292557905801984 0.049876636709163126 0.3377630477917368 0.3095799492091631
0 0.4528848262258072 0.6290615689313843 0.4459726442307693 0.1566546971153846 0.3881694165626544 0.15750046472246176 0.3950815985576923 0.6299073365384615
0 0.5273521894177107 0.6215111235040198 0.5194316275650305 0.47770131730944515 0.45744831074347353 0.48111515053619447 0.4653688725961537 0.6249249567307691
0 0.60328625 0.6275791971153846 0.5989123629807692 0.411838016826923 0.5309919770337371 0.4132150190943513 0.5353658640529679 0.6289561993828129
0 0.5109174755246932 0.31598592750943644 0.5073419399038462 0.12186816586538461 0.44738333862779717 0.12297256822827497 0.45095887424864417 0.3170903298723268
0 0.6017015408653846 0.3961890288461538 0.5919477740384615 0.20748445673076918 0.5368216863090038 0.21033381538576174 0.5465754531359269 0.39903838750114634
0 0.6898484158653848 0.27307046153846165 0.6198175210951894 0.2710377263491632 0.6095190877089145 0.6258348039857113 0.6795499824791099 0.6278675391750099
0 0.7539210700486227 0.6278002428966535 0.7522955798043026 0.1947896922062269 0.6819903967749108 0.19505361277111197 0.6836158870192309 0.6280641634615385
0 0.8147356201923078 0.2900731682692309 0.7651935250821384 0.28930830273118996 0.7600856933513692 0.6201542786927285 0.8096277884615386 0.6209191442307695
0 0.31730769230769246 0.8389423076923077 0.06971153846153856 0.8389423076923077 0.06971153846153857 0.9807692307692307 0.31730769230769246 0.9807692307692307
0 0.23798076923076922 0.06250000000000003 0.17067307692307693 0.06250000000000001 0.17067307692307693 0.17307692307692307 0.23798076923076922 0.17307692307692307
0 0.3269230769230769 0.045673076923076955 0.2548076923076923 0.045673076923076955 0.2548076923076923 0.24278846153846156 0.3269230769230769 0.24278846153846162
0 0.7596153846153846 0.06009615384615393 0.6706730769230769 0.06009615384615393 0.6706730769230769 0.17788461538461545 0.7596153846153846 0.17788461538461545
0 0.5321464807692309 0.9606132091346156 0.41728288991808893 0.8477255599808429 0.37398780587071234 0.8917784644142548 0.4888513967218543 1.0046661135680273
0 0.6752452572115384 0.9404922019230769 0.4912690121951021 0.8180100978027487 0.4594232104986292 0.8658446043842105 0.6433994555150655 0.9883267085045387
0 0.8940277379807695 0.40130561538461557 0.8346070737896488 0.3967431152205441 0.8027952033838943 0.8110515866058805 0.8622158675750151 0.8156140867699518