0 0.28414799594715623 0.8624432618095281 0.2770323076923077 0.7919459086538462 0.12208837905284377 0.8075852574212412 0.1292040673076923 0.8780826105769232
0 0.7317065737137788 0.7892980553935067 0.721471550480769 0.7167536298076924 0.3040252099400673 0.7756495816257244 0.31426023317307694 0.8481940072115387
0 0.7799268971201463 0.6520875368303761 0.766328605769231 0.5726721947115385 0.15824332346394093 0.6767946553642593 0.17184161481485638 0.7562099974830969
0 0.13032000721153855 0.6513454519230769 8.116787122056026e-17 0.6513454519230769 9.616310782083748e-17 0.89623625 0.13032000721153858 0.89623625
0 0.6198953081845453 0.6097933440046026 0.6123945139190636 0.5684590209969648 0.31514538361913375 0.6223997755500543 0.32264617788461536 0.6637340985576923
0 0.9009606217653966 0.6175410965381624 0.8916063750000001 0.5641634735576925 0.7634901642922957 0.5866154034618378 0.7728444110576922 0.6399930264423078
0 0.6565763200451767 0.560101131910367 0.6487861153846153 0.5157186610576924 0.18385053091636164 0.5973261805896332 0.1916407355769231 0.6417086514423078
0 0.925790186969716 0.5410812601379085 0.9174599350961538 0.4815263245192308 0.7165707240879762 0.5096257206313223 0.7249009759615385 0.5691806562499999
0 0.5663381178178523 0.5069997224536988 0.5554373052884615 0.4625574903846153 0.34435455045137847 0.5143319722578394 0.3552553629807692 0.558774204326923
0 0.657981733118435 0.49120057571712283 0.6425469711042833 0.4455417852542429 0.5599965192358483 0.47344761819096626 0.57543128125 0.5191064086538462
0 0.9194434338945947 0.4659646200211472 0.9124908341346152 0.4120711634615384 0.6599517992784821 0.4446503102673143 0.6669043990384615 0.4985437668269231
0 0.6363324367141676 0.4549643240902158 0.6250381153846154 0.3939080384615385 0.3439097123242939 0.445911767255938 0.3552040336538462 0.5069680528846153
0 0.8200076876261366 0.4192361064865038 0.8146471714686421 0.38520288354577426 0.655749358173077 0.41023061298076924 0.6611098743305717 0.44426383592149876
0 0.5091825119603329 0.43024080187550234 0.5025935149623466 0.36150391996350584 0.34889096213662907 0.37623757722261886 0.3554799591346154 0.44497445913461536
0 0.5841434261711591 0.32806775985523046 0.5744818383821947 0.27546997440422866 0.36376970192307684 0.31417528846153847 0.3734312897120413 0.36677307391254027
0 0.7859050618911236 0.2814652942599741 0.7729697997241934 0.22517487360141625 0.584155148890762 0.26856355289913453 0.5970904110576922 0.32485397355769235
0 0.8615297964904834 0.3658421203371374 0.8557073603748394 0.3119407677282596 0.6593549136471191 0.33315080276241316 0.6651773497627631 0.38705215537129095
0 0.7252828676042256 0.2276175047409161 0.7132156855305182 0.1660733742108745 0.35833150542629266 0.23565680937380462 0.37039868750000005 0.29720093990384616
0 0.8157216717669316 0.13386959359748707 0.798597179249446 0.06167999604633832 0.35924168296328374 0.16590193610269743 0.3763661754807692 0.23809153365384617
0 0.7225272585938003 0.08790405175203898 0.7128765336538461 0.03202135817307697 0.3841005226561996 0.0887997030556534 0.3937512475961538 0.1446823966346154
0 0.5020230402131026 0.07270637468507347 0.4905421212949926 0.02416878728176404 0.19774120367804374 0.09342693903899826 0.20922212259615383 0.1419645264423077
0 0.1403745296277818 0.5402789091698101 0.04361159855769235 0.454632798076923 0.011358200972739114 0.4910726696305097 0.10812113204282857 0.5767187807233968
0 0.16841536108767144 0.4619133300810956 0.07587481490384616 0.30444920192307695 0.036162932030630736 0.3277875925398118 0.12870347821445602 0.48525172069783057
0 0.9409913831626396 0.13244673780940203 0.9339341514423077 0.05766540624999999 0.8127631649142835 0.06910050257521336 0.8198203966346154 0.1438818341346154
0 0.9855473656442085 0.1875059941848347 0.9110625769230769 0.1655384663461539 0.8485269290937404 0.3775766415251297 0.923011717814872 0.39954416936381054
2 0.9877362908653846 0.016687014423077042 3.1232576957121544e-17 0.016687014423076983 8.872445994390596e-17 0.9556007163461538 0.9877362908653846 0.9556007163461538