2 0.9831730769230769 0.03846153846153852 0.014423076923076927 0.038461538461538464 0.014423076923076985 0.9831730769230769 0.9831730769230769 0.9831730769230769
0 0.31009615384615385 0.09134615384615388 0.16346153846153846 0.09134615384615388 0.16346153846153846 0.16105769230769235 0.31009615384615385 0.16105769230769237
0 0.7781540515708324 0.09429830571871575 0.7598842868481134 0.0058824691149854495 0.3183779612388195 0.09711292060780816 0.3366477259615385 0.18552875721153847
0 0.8082682307944545 0.2373866332148863 0.8005189133400081 0.1530403055079045 0.19821659119939963 0.2083768213314798 0.2059659086538461 0.2927231490384616
0 0.6499798237497879 0.31247127655098983 0.6476961804767611 0.26110226120275265 0.3499890826885117 0.27433702551714745 0.35227272596153847 0.3257060408653846
0 0.671875 0.3504432091346154 0.6689997677326214 0.29662020527042465 0.20170454567307688 0.3215831802884616 0.20457977794045562 0.37540618415265237
0 0.5769130710035527 0.37527321727315116 0.36938219939876227 0.36895478638797796 0.36763044344203977 0.42649176782281434 0.5751613150468302 0.43281019870798754
0 0.6661931802884615 0.3648732211538463 0.6107954543269231 0.3648732211538463 0.6107954543269231 0.41847042067307705 0.6661931802884615 0.41847042067307705
0 0.94900634613487 0.3874249952055037 0.9446022740384614 0.33189033173076926 0.6830959279035913 0.3526286009483425 0.6874999999999999 0.40816326442307693
0 0.838225558210064 0.45636967157828284 0.8350491151014142 0.39874706210767485 0.3633008309298118 0.4247521597601613 0.3664772740384616 0.4823747692307693
0 0.5142045456730769 0.49474335096153843 0.36931818269230765 0.49474335096153843 0.36931818269230765 0.5565862716346154 0.5142045456730769 0.5565862716346154
0 0.5809969402887856 0.6189095587381577 0.576626575295883 0.551256431816136 0.360686454718636 0.5652060774049015 0.3650568197115386 0.6328592043269231
0 0.8731984659364774 0.5132286861221269 0.8693181802884618 0.4535147403846155 0.6768958374593106 0.466018580919951 0.6807761231073263 0.5257325266574624
0 0.7859135510408244 0.6080663236911199 0.7822948906065375 0.5529248229023299 0.5929722482195593 0.5653491194035177 0.5965909086538461 0.6204906201923077
0 0.7187500000000001 0.7029478461538462 0.717329545673077 0.6328592043269231 0.3650761674532357 0.6399981618273587 0.36649662178015874 0.7100868036542818
0 0.8007447732611067 0.7560319872928838 0.7963229802036949 0.6859534706382809 0.3634759329041266 0.7132651227684742 0.36789772596153847 0.783343639423077
0 0.7002840913461537 0.8286951129807691 0.6987420699791433 0.7791803279857366 0.367776158921451 0.7894874818318905 0.3693181802884614 0.8390022668269231
0 0.1586538461538462 0.11778846153846155 0.01923076923076925 0.11778846153846154 0.01923076923076926 0.3557692307692308 0.15865384615384623 0.3557692307692308
0 0.9350961538461539 0.17788461538461547 0.8245192307692307 0.17788461538461545 0.8245192307692307 0.24038461538461547 0.9350961538461539 0.24038461538461553
0 0.9495192307692307 0.2668269230769232 0.7548076923076923 0.26682692307692313 0.7548076923076923 0.32692307692307704 0.9495192307692307 0.32692307692307704
0 0.9302884615384616 0.6802884615384616 0.8149038461538461 0.6802884615384616 0.8149038461538461 0.7620192307692307 0.9302884615384616 0.7620192307692307
0 0.14690340561295318 0.45706996552869544 0.10341453078252856 0.4157161227161362 -0.010818420503501484 0.535846736514364 0.032670454326923136 0.577200579326923
0 0.17537967361828027 0.5303360413015091 0.12860929810850316 0.49960729229007844 0.004365987470992176 0.6887105418539541 0.051136362980769304 0.7194392908653847
0 0.5895691278868738 0.8534343022210068 0.1789772740384616 0.8431251298076923 0.1774763264400495 0.902904599221301 0.5880681802884616 0.9132137716346155