0 0.20805409134615382 0.3329874951923077 0.18875700921649216 0.1755039649908149 0.11885709080977701 0.18406907948009016 0.13815417293943866 0.34155260968158296
0 0.2832463701923077 0.7786092091346155 0.21855928738697725 0.35892875282835096 0.14645863162053943 0.37004192481384507 0.2111457144258699 0.7897223811201096
0 0.4273278052884616 0.825979014423077 0.31223010609357765 0.2156352409994477 0.23360405876271756 0.23046242125199168 0.3487017579576015 0.840806194675621
0 0.3486545480769231 0.060240543269230784 0.10177547529709306 0.037190101898514266 0.08826598293559068 0.18188194941215852 0.33514505571542064 0.204932390782875
0 0.4288640144230769 0.6726046057692306 0.3776520048682415 0.37374379574867395 0.3362659014423078 0.3808356105769231 0.3874779109971431 0.6796964205974798
0 0.4358365264423077 0.9513676394230769 0.40763422095771484 0.8210085188405007 0.3552194426922078 0.8323480981652527 0.38342174817680064 0.9627072187478288
0 0.4842813389423077 0.7094711850961539 0.4025448922509391 0.24251037822852933 0.35829134430118137 0.25025648391813315 0.44002779099254996 0.7172172907857577
0 0.5184736754807693 0.9786623341346155 0.47448052899997495 0.7751854312070237 0.4169271485108969 0.7876288793915182 0.4609202949916912 0.99110578231911
0 0.5374425096153845 0.6170831298076924 0.48411619020088953 0.4045154860028722 0.43996431225158883 0.4155917584972696 0.4932906316660839 0.6281594023020899
0 0.5474337836538462 0.7067151850961538 0.5300025141521851 0.6255346227559253 0.4808935913461539 0.6360793990384616 0.49832486084781497 0.7172599613786901
0 0.5879288365384616 0.97491265625 0.5548941313585772 0.7209344691176407 0.5011381532963793 0.7279264588904302 0.5341728584762637 0.9819046460227894
0 0.6060919615384616 0.6878664110576923 0.5322919352544471 0.4058582742094885 0.47349707535117985 0.42124457566419315 0.5472971016351943 0.7032527125123971
0 0.6136194975961539 0.8777348581730771 0.5897693870192308 0.7182820384615384 0.555827599601223 0.7233588717502967 0.5796777101781461 0.8828116914618354
0 0.6335168018545982 0.5672601983470075 0.6241408300081879 0.41328664338423143 0.5550255408653846 0.4174953076923076 0.5644015127117948 0.5714688626550837
0 0.7211235769230769 0.6399682283653848 0.6858247115384616 0.42807608653846163 0.6332392089160652 0.43683624424061224 0.6685380743006806 0.6487283860675354
0 0.7541627764423077 0.8430959038461538 0.7334444938827082 0.6547260418627109 0.6751460264423077 0.6611381298076923 0.6958643090019071 0.8495079917911352
0 0.6859861009615386 0.9200898749999998 0.6669387319365292 0.7229372908892261 0.6129721927138472 0.7281511235773105 0.6320195617388564 0.9253037076880842
0 0.8289179134615385 0.7809060384615385 0.7644388769539414 0.42386886076113317 0.7027990600961539 0.4350006874999999 0.7672780966037508 0.7920378652004053
0 0.9126831370192309 0.8728280528846153 0.8355920658489662 0.42919857787899446 0.761908466346154 0.4420028389423077 0.8389995375164185 0.8856323139479285
0 0.9679786418269233 0.7820236538461537 0.8938390894453546 0.45235732523792915 0.8390653788822203 0.46467553316827054 0.913204931263789 0.7943418617764952
0 0.9746393485576925 0.5601559230769232 0.9064768993993317 0.2653936757533059 0.858035473557692 0.2765955384615385 0.9261979227160528 0.5713577857851557
0 0.545367201923077 0.10555304326923087 0.5088724231912443 0.07273159405930316 0.42327970840292156 0.16790372272667042 0.4597744871347543 0.20072517193659814
0 0.6955507980769231 0.14043986538461534 0.6725725653903015 0.1001256138412015 0.514823170863709 0.1900392834451679 0.5378014035503307 0.23035353498858177
0 0.9418368533653846 1 0.9312065926552393 0.8803046277465281 0.8561181658653846 0.8869733028846153 0.8667484265755299 1.006668675138087
0 0.8344615336538461 0.9778078052884616 0.6166562836538463 0.9310203677884614 0.6038038956611972 0.9908509062708462 0.8216091456611969 1.0376383437708463
2 0.9815678822115387 1.0000000000000002 0.9509695166898278 -0.0006242896528593778 0.040502093749999996 0.02721714423076923 0.07110045927171081 1.0278414338836288