2 0.9879807692307693 0.01682692307692314 0.038461538461538464 0.01682692307692308 0.03846153846153852 1 0.9879807692307693 1
0 0.16105769230769235 0.17067307692307693 0.09375000000000003 0.17067307692307693 0.09375000000000003 0.32211538461538464 0.16105769230769237 0.32211538461538464
0 0.18748731730769247 0.35070625480769235 0.09761179846607645 0.3323706539907979 0.009667635564593508 0.7634460983569068 0.09954315440620952 0.7817816991738014
0 0.2941898085705106 0.22506957990331572 0.20921347596153844 0.2176590336538462 0.15679038614102803 0.8187917662505305 0.2417667187500001 0.8262023125
0 0.32775550480769244 0.3769532548076924 0.27654378632652105 0.371851055228447 0.24726361286774295 0.6657415581304499 0.2984753313489144 0.6708437577096954
0 0.37680528155366794 0.228655957189852 0.32275666346153853 0.22607266105769236 0.3003034444078707 0.6958467014639941 0.3543520625000002 0.6984299975961539
0 0.43212447596153847 0.6077749134615383 0.4287240792397514 0.396541520366151 0.3711331638905496 0.39746860844104503 0.37453356061233667 0.6087020015364325
0 0.4220239254807693 0.6425052475961539 0.3686017276034304 0.63680406411853 0.3627397276034304 0.691733172291607 0.41616192548076925 0.6974343557692309
0 0.41216302163461543 0.7184287620192307 0.3562715181172575 0.7142967283417655 0.3371695181172576 0.9726778509379195 0.3930610216346154 0.9768098846153848
0 0.48464486556616815 0.40054922752375366 0.42677453605769233 0.3973294759615386 0.40052014885690884 0.8692137219954774 0.45839047836538466 0.8724334735576925
0 0.558900302051628 0.4127921636154363 0.4968919807692308 0.40680759134615385 0.4830577389623097 0.5501491823676263 0.5450660602447068 0.5561337546369088
0 0.6349830432692307 0.4130120216346155 0.5669640961538461 0.40927768269230774 0.5551662575082521 0.6241688790480926 0.6231852046236366 0.6279032179904003
0 0.5299317337107372 0.7166012556210545 0.4699076646635897 0.713032454615474 0.4583462290297757 0.9074855523598042 0.5183702980769233 0.9110543533653848
0 0.6239614855769232 0.6436088774038462 0.5688095517172904 0.6384753611130756 0.551355780082675 0.8259899620746138 0.6065077139423078 0.8311234783653847
0 0.7113123221057431 0.41612135863931515 0.6411459922318538 0.415296678197973 0.636963081183803 0.7711915214817349 0.7071294110576923 0.7720162019230771
0 0.7858016337177613 0.4217372594217368 0.7153705745192307 0.4176835961538462 0.6905455426800333 0.8490103175718697 0.7609766018785641 0.8530639808397603
0 0.8411508966346155 0.4328939711538462 0.7915247304610357 0.4316342250739119 0.7831430814225739 0.7618191048816043 0.8327692475961539 0.7630788509615386
0 0.3581730769230769 0.026442307692307723 0.11778846153846154 0.02644230769230771 0.11778846153846155 0.18509615384615388 0.3581730769230769 0.1850961538461539
0 0.24519230769230782 0.8389423076923077 0.18269230769230782 0.8389423076923077 0.18269230769230782 0.9543269230769231 0.24519230769230782 0.9543269230769231
0 0.33413461538461553 0.7740384615384616 0.2692307692307693 0.7740384615384616 0.26923076923076933 0.9759615384615384 0.33413461538461553 0.9759615384615384
0 0.7668269230769231 0.8653846153846154 0.6850961538461539 0.8653846153846154 0.6850961538461539 0.9879807692307693 0.7668269230769231 0.9879807692307693
0 0.5773906514423076 0.07640809855769232 0.5361101692518631 0.029498412199768512 0.416437123984799 0.13481058538569804 0.4577176061752436 0.18172027174362185
0 0.7197367932692307 0.10565221153846159 0.6904915253779323 0.05552902637335578 0.5010198175239713 0.166079679444551 0.5302650854152695 0.2162028646096568
0 0.9166350528846154 0.6572673822115386 0.9016547417838674 0.24079763452093078 0.8420704557648525 0.24294086616315777 0.8570507668656007 0.6594106138537655