2 0.998046875 0.93359375 0.9963039756081449 0.042972160762019346 -0.0017428993918550838 0.044925285762019276 2.6688053476566264e-19 0.9355468749999999
0 0.9230769230769231 0.20673076923076933 0.6875 0.2067307692307693 0.6875 0.2980769230769232 0.9230769230769231 0.29807692307692324
0 0.9842267776192076 0.34194378567830774 0.6441380015950302 0.31426214111820017 0.6384268489758226 0.3844277304398926 0.978515625 0.41210937500000006
0 0.8599117947325041 0.38519061188745707 0.6296812949572907 0.36316856408287135 0.6250000000000001 0.41210937500000006 0.8552304997752136 0.4341314228045858
0 0.9856850843743193 0.46111980219968274 0.6276348744594133 0.4411169971765036 0.6243716650850939 0.499528444976821 0.9824218749999999 0.5195312500000001
0 0.952244589151567 0.5196781096755123 0.6230468750000001 0.4746093750000001 0.6161147858484333 0.5252437653244879 0.9453125000000001 0.5703125000000001
0 0.8903015747565595 0.5654033253313498 0.623046875 0.5195312500000001 0.6150175606911009 0.5663107333648906 0.8822722604476604 0.6121828086962403
0 0.9870426253174507 0.6479981708791874 0.6040397493650986 0.5926755332416254 0.5955127490476478 0.651708612362438 0.978515625 0.7070312500000001
0 0.7939119664634149 0.7084889481707319 0.6159775152439024 0.6703601371951221 0.6033155487804879 0.7294493140243904 0.7812500000000002 0.7675781250000001
0 0.9941730997624704 0.735316768111639 0.8984375 0.70703125 0.8803926662707838 0.7681060718527317 0.9761282660332543 0.7963915899643706
0 0.9240219634433964 0.7803957841981133 0.6171875000000001 0.7382812500000001 0.605274911556604 0.8250729658018869 0.9121093750000001 0.8671875000000001
0 0.41865903253424663 0.39480950342465765 0.11456549657534251 0.3627996575342467 0.10801583904109593 0.42502140410958905 0.412109375 0.45703125
0 0.41601562500000006 0.455078125 0.11328125000000006 0.40625 0.10173285370182562 0.47785005704868166 0.4044672287018256 0.5266781820486816
0 0.20913461538461545 0.45913461538461536 0.11057692307692314 0.45913461538461536 0.11057692307692314 0.5240384615384616 0.20913461538461545 0.5240384615384616
0 0.2908653846153847 0.53125 0.12019230769230776 0.53125 0.12019230769230776 0.5865384615384616 0.2908653846153847 0.5865384615384616
0 0.3437500000000001 0.5865384615384616 0.17067307692307698 0.5865384615384616 0.17067307692307698 0.6634615384615384 0.3437500000000001 0.6634615384615384
0 0.4567307692307694 0.5817307692307693 0.3677884615384617 0.5817307692307693 0.3677884615384617 0.6850961538461539 0.4567307692307694 0.6850961538461539
0 0.38461538461538475 0.78125 0.07692307692307702 0.78125 0.07692307692307702 0.8677884615384616 0.38461538461538475 0.8677884615384616
0 0.5576923076923078 0.8125 0.40384615384615397 0.8125 0.40384615384615397 0.9230769230769231 0.5576923076923078 0.9230769230769231