2 0.9356945154350657 0.008233046176827854 0.044921875 0.0013070937500000053 0.03716589650504051 0.9988324905966924 0.9279385369401061 1.0057584430235202
0 0.2932692307692309 0.6923076923076923 0.19951923076923084 0.6923076923076923 0.19951923076923087 0.9326923076923077 0.2932692307692309 0.9326923076923077
0 0.4064165384615385 0.9905067836538459 0.3533810392753386 0.6490043945066526 0.2844201145616123 0.6597140620895579 0.33745561374781224 1.0012164512367514
0 0.42666365384615373 0.8680282091346154 0.40847323076923076 0.6369911586538461 0.3595647317028654 0.6408419102463857 0.3777551547797884 0.8718789607271551
0 0.5138156875 0.997538689903846 0.4846451057692308 0.6392075336538461 0.42657498080567985 0.6439348349136433 0.45574556253644893 1.0022659911636433
0 0.5648128317307692 0.9619068990384616 0.5110570280596679 0.630359411895426 0.46085106236982887 0.6384996094218718 0.5146068660409302 0.9700470965649074
0 0.5925088341346154 0.9021556466346153 0.5635887593585803 0.6330395978399612 0.51590646875 0.6381636899038461 0.5448265435260351 0.9072797386985003
0 0.7013384134615385 0.9990881322115386 0.6469249254807692 0.614627560096154 0.588093652810907 0.6229540699660767 0.6425071407916761 1.0074146420814611
0 0.7630329447115384 0.8035842427884616 0.7250044735576923 0.624713264423077 0.6662098539378843 0.6372131652826002 0.7042383250917305 0.8160841436479848
0 0.7892404014423078 0.9996923653846154 0.7633084884845244 0.9025855966600429 0.7018042932692308 0.9190100072115384 0.7277362062270141 1.016116775936111
0 0.8618810024038464 0.9373419543269231 0.8054664548120576 0.6258509735995368 0.7201086520698732 0.6413102392703587 0.7765231996616618 0.9528012199977448
0 0.4546336682692308 0.425407625 0.4114730504807694 0.12136615865384612 0.3498948633928888 0.13010757353039626 0.3930554811813503 0.4341490398765501
0 0.523308255330546 0.41273059609030416 0.45341000736248216 0.11391615253786255 0.3827595693396285 0.1304426021206354 0.45265781730769233 0.429257045673077
0 0.5240384615384616 0.12500000000000006 0.4567307692307692 0.12500000000000006 0.4567307692307692 0.22355769230769237 0.5240384615384616 0.22355769230769237
0 0.5865384615384616 0.13701923076923084 0.5288461538461539 0.13701923076923084 0.5288461538461539 0.30769230769230776 0.5865384615384616 0.3076923076923078
0 0.6634615384615384 0.18750000000000006 0.5841346153846154 0.18750000000000006 0.5841346153846154 0.3629807692307694 0.6634615384615384 0.3629807692307694
0 0.6826923076923077 0.38461538461538475 0.5769230769230769 0.38461538461538475 0.5769230769230769 0.47836538461538475 0.6826923076923077 0.47836538461538475
0 0.8677884615384616 0.09855769230769242 0.7788461538461539 0.09855769230769242 0.7788461538461539 0.41105769230769246 0.8677884615384616 0.41105769230769246
0 0.9206730769230769 0.4254807692307694 0.8100961538461539 0.4254807692307694 0.8100961538461539 0.5841346153846155 0.9206730769230769 0.5841346153846155