2 0.9153669510672743 0.9000814334665814 0.8128255594050455 -0.0816471786232911 -0.10254139166222885 0.013962748487050649 1.708035422500241e-17 0.9956913605769232
0 0.16826923076923084 0.28365384615384615 0.09615384615384619 0.28365384615384615 0.0961538461538462 0.5600961538461539 0.16826923076923084 0.5600961538461539
0 0.24278846153846156 0.1418269230769231 0.17067307692307693 0.1418269230769231 0.17067307692307696 0.5 0.24278846153846162 0.5
0 0.29807692307692313 0.1418269230769231 0.24278846153846154 0.1418269230769231 0.24278846153846156 0.49278846153846156 0.29807692307692313 0.49278846153846156
0 0.3605769230769231 0.2716346153846155 0.31009615384615385 0.2716346153846155 0.31009615384615385 0.42788461538461536 0.3605769230769231 0.42788461538461536
0 0.40384615384615385 0.0048076923076923505 0.30288461538461536 0.004807692307692344 0.30288461538461536 0.2379807692307693 0.40384615384615385 0.2379807692307693
0 0.4375 0.25000000000000006 0.38461538461538464 0.25000000000000006 0.38461538461538464 0.5336538461538461 0.4375 0.5336538461538461
0 0.5024038461538461 0.2740384615384616 0.4423076923076923 0.2740384615384616 0.4423076923076923 0.4639423076923077 0.5024038461538461 0.4639423076923077
0 0.5721153846153846 0.16105769230769237 0.5 0.16105769230769237 0.5 0.3966346153846155 0.5721153846153846 0.39663461538461553
0 0.6153846153846154 0.11538461538461545 0.5697115384615384 0.11538461538461545 0.5697115384615384 0.3822115384615386 0.6153846153846154 0.3822115384615386
0 0.6610576923076923 0.22355769230769237 0.6105769230769231 0.22355769230769237 0.6105769230769231 0.3822115384615386 0.6610576923076923 0.3822115384615386
0 0.7043269230769231 0.11538461538461547 0.6610576923076923 0.11538461538461545 0.6610576923076923 0.37980769230769246 0.7043269230769231 0.37980769230769246
0 0.7451923076923077 0.22596153846153852 0.7043269230769231 0.22596153846153852 0.7043269230769231 0.34134615384615397 0.7451923076923077 0.34134615384615397
0 0.7884615384615384 0.1514423076923078 0.7403846153846154 0.1514423076923078 0.7403846153846154 0.4375000000000001 0.7884615384615384 0.4375000000000001
0 0.5649038461538463 0.7451923076923077 0.5048076923076924 0.7451923076923077 0.5048076923076924 0.8605769230769231 0.5649038461538463 0.8605769230769231
0 0.6201923076923077 0.7043269230769231 0.5673076923076924 0.7043269230769231 0.5673076923076924 0.8990384615384616 0.6201923076923077 0.8990384615384616
0 0.6730769230769231 0.7379807692307693 0.6153846153846154 0.7379807692307693 0.6153846153846154 0.8365384615384616 0.6730769230769231 0.8365384615384616