2 1 0.0012019230769231384 0.002403846153846154 0.0012019230769230774 0.002403846153846211 0.9314903846153846 1 0.9314903846153846
0 0.7043269230769231 0.10817307692307701 0.4326923076923077 0.108173076923077 0.4326923076923077 0.17307692307692316 0.7043269230769231 0.17307692307692316
0 0.8413461538461539 0.18028846153846165 0.4879807692307692 0.18028846153846162 0.4879807692307692 0.2451923076923078 0.8413461538461539 0.24519230769230782
0 0.8365384615384616 0.2524038461538462 0.4879807692307692 0.2524038461538462 0.4879807692307692 0.3004807692307693 0.8365384615384616 0.3004807692307693
0 0.6995192307692307 0.3173076923076924 0.5480769230769231 0.3173076923076923 0.5480769230769231 0.3677884615384616 0.6995192307692307 0.3677884615384617
0 0.9663461538461539 0.3076923076923078 0.7379807692307693 0.3076923076923078 0.7379807692307693 0.40384615384615397 0.9663461538461539 0.40384615384615397
0 0.7163461538461539 0.3966346153846155 0.4375 0.39663461538461536 0.4375 0.4423076923076924 0.7163461538461539 0.44230769230769246
0 0.6899038461538461 0.451923076923077 0.5 0.4519230769230769 0.5 0.5072115384615385 0.6899038461538461 0.5072115384615385
0 0.7956730769230769 0.5096153846153848 0.5649038461538461 0.5096153846153848 0.5649038461538463 0.5769230769230771 0.7956730769230769 0.5769230769230771
0 0.8389423076923077 0.5769230769230771 0.574519230769231 0.5769230769230771 0.574519230769231 0.6177884615384616 0.8389423076923077 0.6177884615384616
0 0.7259615384615384 0.6177884615384616 0.5721153846153848 0.6177884615384616 0.5721153846153848 0.6658653846153846 0.7259615384615384 0.6658653846153846
0 0.8317307692307693 0.6682692307692307 0.5697115384615385 0.6682692307692307 0.5697115384615385 0.7091346153846154 0.8317307692307693 0.7091346153846154
0 0.7163461538461539 0.7115384615384616 0.605769230769231 0.7115384615384616 0.605769230769231 0.75 0.7163461538461539 0.75
0 0.7884615384615384 0.7475961538461539 0.5072115384615385 0.7475961538461539 0.5072115384615385 0.7932692307692307 0.7884615384615384 0.7932692307692307
0 0.21153846153846162 0.5216346153846154 0.09855769230769237 0.5216346153846154 0.09855769230769237 0.5769230769230769 0.21153846153846162 0.5769230769230769
0 0.2475961538461539 0.5841346153846154 0.05769230769230776 0.5841346153846154 0.05769230769230777 0.6346153846153846 0.2475961538461539 0.6346153846153846
0 0.20913461538461545 0.6322115384615384 0.11538461538461545 0.6322115384615384 0.11538461538461545 0.6875 0.20913461538461545 0.6875