2 1.0792279645792768 0.09442021119215874 0.1744686076056536 0.015264025096792918 0.09018359193739142 0.9786461729766197 0.9949429489110148 1.0578023590719856
0 0.90625 0.3677884615384617 0.8317307692307693 0.3677884615384617 0.8317307692307693 0.6466346153846154 0.90625 0.6466346153846154
0 0.8317307692307693 0.22596153846153852 0.7572115384615384 0.22596153846153852 0.7572115384615384 0.5841346153846155 0.8317307692307693 0.5841346153846155
0 0.7596153846153846 0.22355769230769237 0.7043269230769231 0.22355769230769237 0.7043269230769231 0.5769230769230771 0.7596153846153846 0.5769230769230771
0 0.6923076923076923 0.3557692307692309 0.6394230769230769 0.3557692307692309 0.6394230769230769 0.512019230769231 0.6923076923076923 0.512019230769231
0 0.6995192307692307 0.08653846153846162 0.5961538461538461 0.0865384615384616 0.5961538461538461 0.32211538461538475 0.6995192307692307 0.32211538461538475
0 0.6177884615384616 0.3317307692307694 0.5625 0.3317307692307694 0.5625000000000001 0.6153846153846154 0.6177884615384616 0.6153846153846154
0 0.5600961538461539 0.3533653846153847 0.5 0.35336538461538464 0.5 0.545673076923077 0.5600961538461539 0.5456730769230771
0 0.5024038461538461 0.24038461538461545 0.42788461538461536 0.24038461538461545 0.42788461538461536 0.47836538461538464 0.5024038461538461 0.47836538461538464
0 0.4326923076923077 0.19471153846153852 0.3870192307692308 0.19471153846153852 0.3870192307692308 0.46153846153846156 0.4326923076923077 0.46153846153846156
0 0.3918269230769231 0.3028846153846155 0.34134615384615385 0.3028846153846155 0.34134615384615385 0.46153846153846156 0.3918269230769231 0.46153846153846156
0 0.34134615384615385 0.19471153846153852 0.2956730769230769 0.19471153846153852 0.295673076923077 0.45913461538461536 0.34134615384615385 0.45913461538461536
0 0.29807692307692313 0.30528846153846156 0.25721153846153855 0.30528846153846156 0.25721153846153855 0.4182692307692308 0.29807692307692313 0.4182692307692308
0 0.2620192307692308 0.2283653846153846 0.21394230769230768 0.2283653846153846 0.21394230769230774 0.5168269230769231 0.26201923076923084 0.5168269230769231
0 0.5000000000000001 0.8269230769230769 0.4399038461538463 0.8269230769230769 0.4399038461538463 0.9423076923076923 0.5000000000000001 0.9423076923076923
0 0.4399038461538463 0.7836538461538461 0.38461538461538475 0.7836538461538461 0.38461538461538475 0.9807692307692307 0.4399038461538463 0.9807692307692307
0 0.38942307692307704 0.8173076923076923 0.3317307692307694 0.8173076923076923 0.3317307692307694 0.9158653846153846 0.38942307692307704 0.9158653846153846