2 0.9636346237688767 0.8360179241679118 0.9049247466948002 -0.024397047213453357 -0.0008016583240764819 0.03740462717632716 0.05790821874999999 0.8978195985576922
0 0.4447115384615386 0.7403846153846154 0.3125000000000001 0.7403846153846154 0.3125000000000001 0.8004807692307693 0.4447115384615386 0.8004807692307693
0 0.5504807692307694 0.7331730769230769 0.4711538461538463 0.7331730769230769 0.4711538461538463 0.7884615384615384 0.5504807692307694 0.7884615384615384
0 0.9110576923076923 0.71875 0.84375 0.71875 0.84375 0.7572115384615384 0.9110576923076923 0.7572115384615384
0 0.9326923076923077 0.6634615384615384 0.7139423076923077 0.6634615384615384 0.7139423076923077 0.7067307692307693 0.9326923076923077 0.7067307692307693
0 0.7692307692307693 0.591346153846154 0.7283653846153846 0.591346153846154 0.7283653846153846 0.6274038461538461 0.7692307692307693 0.6274038461538461
0 0.7139423076923077 0.5841346153846155 0.6538461538461539 0.5841346153846155 0.6538461538461539 0.625 0.7139423076923077 0.625
0 0.6105769230769232 0.6177884615384616 0.4951923076923078 0.6177884615384616 0.4951923076923078 0.6658653846153846 0.6105769230769232 0.6658653846153846
0 0.9014423076923077 0.5360576923076924 0.7451923076923077 0.5360576923076924 0.7451923076923077 0.5769230769230771 0.9014423076923077 0.5769230769230771
0 0.7716346153846154 0.5000000000000001 0.6586538461538461 0.5000000000000001 0.6586538461538461 0.5360576923076924 0.7716346153846154 0.5360576923076924
0 0.5456730769230769 0.4735576923076923 0.3076923076923077 0.4735576923076923 0.3076923076923077 0.5360576923076923 0.5456730769230769 0.5360576923076923
0 0.5192307692307693 0.31971153846153844 0.34134615384615385 0.31971153846153844 0.34134615384615385 0.3918269230769231 0.5192307692307693 0.3918269230769231
0 0.8774038461538461 0.28846153846153855 0.6370192307692307 0.28846153846153855 0.6370192307692307 0.33413461538461553 0.8774038461538461 0.33413461538461553
0 0.8485576923076923 0.1346153846153847 0.5432692307692307 0.1346153846153847 0.5432692307692307 0.2187500000000001 0.8485576923076923 0.21875000000000014
0 0.2475961538461539 0.4831730769230769 0.11538461538461545 0.4831730769230769 0.11538461538461545 0.5216346153846154 0.2475961538461539 0.5216346153846154
0 0.8906187980769229 0.4589846105769231 0.8900372379580753 0.423202198194054 0.7023530449789592 0.4262525694324953 0.7029346050978068 0.4620349818153643
0 0.6691026250000002 0.25050584375000007 0.5049186481497402 0.24782945085109656 0.5045071923076924 0.2730703100961539 0.6686911691579523 0.27574670299505744
0 0.6893746394230769 0.2293776923076924 0.24387742955763855 0.2111708671516041 0.24254473557692313 0.24378014663461542 0.6880419454423614 0.2619869717907037
0 0.6420743906971272 0.4712214749084074 0.6408726610576922 0.4424809375 0.45990820545671907 0.4500476140339003 0.4611099350961539 0.4787881514423077
0 0.3066121274038462 0.42172143028846154 0.3065636582975047 0.39188150682264455 0.19741309524707887 0.3920588005162356 0.19746156435342038 0.4218987239820526
0 0.2871373389423077 0.3971765072115384 0.2862994307683648 0.37318195676127996 0.13071068317221093 0.3786152356074338 0.13154859134615385 0.4026097860576922
0 0.28873870673076923 0.3767003485576924 0.28788457553377694 0.3371697313016178 0.10744358514916154 0.3410684885131563 0.10829771634615383 0.38059910576923084