2 1.0241209801215663 0.9051713082925731 0.9761269707145671 0.014165326806031605 0.056009860576923066 0.06372740625000001 0.10400386998392228 0.9547333877365415
0 0.2860576923076924 0.8341346153846154 0.2475961538461539 0.8341346153846154 0.24759615384615394 0.9014423076923077 0.28605769230769246 0.9014423076923077
0 0.25000000000000006 0.47596153846153844 0.19951923076923084 0.47596153846153844 0.19951923076923084 0.5384615384615384 0.25000000000000006 0.5384615384615384
0 0.2379807692307693 0.31971153846153844 0.17067307692307698 0.31971153846153844 0.17067307692307698 0.4519230769230769 0.2379807692307693 0.4519230769230769
0 0.4639423076923078 0.7379807692307693 0.42788461538461553 0.7379807692307693 0.42788461538461553 0.8966346153846154 0.4639423076923078 0.8966346153846154
0 0.41105769230769246 0.7211538461538461 0.3677884615384617 0.7211538461538461 0.3677884615384617 0.7644230769230769 0.41105769230769246 0.7644230769230769
0 0.4062500000000001 0.6442307692307693 0.36057692307692324 0.6442307692307693 0.36057692307692324 0.7043269230769231 0.4062500000000001 0.7043269230769231
0 0.7139423076923077 0.6370192307692307 0.6610576923076923 0.6370192307692307 0.6610576923076923 0.8725961538461539 0.7139423076923077 0.8725961538461539
0 0.8629807692307693 0.5480769230769232 0.78125 0.5480769230769232 0.78125 0.8389423076923077 0.8629807692307693 0.8389423076923077
0 0.6610576923076923 0.3509615384615386 0.5913461538461539 0.3509615384615386 0.5913461538461539 0.5168269230769232 0.6610576923076923 0.5168269230769232
0 0.5048076923076923 0.3173076923076923 0.43990384615384615 0.3173076923076923 0.43990384615384615 0.5528846153846154 0.5048076923076923 0.5528846153846154
0 0.3432039471153846 0.9157337043269229 0.31626614628863625 0.7078700601496936 0.2789449112083011 0.7127066538752665 0.30588271203504946 0.920570298052496
0 0.5779312139423077 0.8782807067307693 0.5526503006772886 0.6989897332453026 0.5193388344943257 0.7036868145926263 0.5446197477593449 0.882977788078093
0 0.5431032908653847 0.6355779975961536 0.5284594360093313 0.4569527770465357 0.502640985576923 0.45906939663461543 0.5172848404329764 0.6376946171842335
0 0.4905828389423077 0.7500996274038461 0.4900494969995239 0.6388490652075174 0.46525124759615394 0.6389679495192309 0.46578458953893775 0.7502185117155595
0 0.4826081129807693 0.2505239158653847 0.468844561161749 0.1153159604122296 0.4365753748490834 0.11860081607389125 0.4503389266681036 0.25380877152704634
0 0.53125 0.1850961538461539 0.49759615384615385 0.1850961538461539 0.49759615384615385 0.2788461538461539 0.53125 0.2788461538461539
0 0.5552884615384616 0.10096153846153853 0.5192307692307693 0.10096153846153853 0.5192307692307693 0.24038461538461545 0.5552884615384616 0.24038461538461545
0 0.5793269230769231 0.1971153846153847 0.5504807692307693 0.1971153846153847 0.5504807692307693 0.3173076923076924 0.5793269230769231 0.31730769230769246
0 0.5961538461538461 0.12980769230769237 0.5625 0.12980769230769237 0.5625 0.3052884615384616 0.5961538461538461 0.3052884615384616
0 0.6298076923076923 0.11057692307692314 0.5889423076923077 0.11057692307692314 0.5889423076923077 0.3028846153846155 0.6298076923076923 0.3028846153846155