2 0.9999104206730772 1.2810265668751805e-16 0.11099299050346643 -0.01287069966602274 0.09822665877269707 0.8688385383147466 0.9871440889423079 0.8817092379807694
0 0.21153846153846162 0.75 0.14423076923076933 0.75 0.14423076923076933 0.7884615384615384 0.21153846153846162 0.7884615384615384
0 0.5721153846153848 0.7403846153846154 0.5072115384615385 0.7403846153846154 0.5072115384615385 0.7932692307692307 0.5721153846153848 0.7932692307692307
0 0.7283653846153846 0.7379807692307693 0.5961538461538463 0.7379807692307693 0.5961538461538463 0.8052884615384616 0.7283653846153846 0.8052884615384616
0 0.3028846153846155 0.5625 0.1442307692307693 0.5625 0.1442307692307693 0.6033653846153846 0.3028846153846155 0.6033653846153846
0 0.32211538461538475 0.6081730769230769 0.27644230769230776 0.6081730769230769 0.27644230769230776 0.6514423076923077 0.32211538461538475 0.6514423076923077
0 0.3990384615384617 0.6033653846153846 0.3389423076923078 0.6033653846153846 0.3389423076923078 0.6514423076923077 0.3990384615384617 0.6514423076923077
0 0.39663461538461536 0.30528846153846156 0.15865384615384623 0.30528846153846156 0.15865384615384623 0.3605769230769231 0.39663461538461536 0.3605769230769231
0 0.4831730769230769 0.14663461538461545 0.1875 0.14663461538461542 0.1875 0.23317307692307696 0.4831730769230769 0.23317307692307698
0 0.6850961538461539 0.3173076923076924 0.5168269230769231 0.3173076923076923 0.5168269230769231 0.39182692307692313 0.6850961538461539 0.39182692307692324
0 0.7235576923076923 0.4735576923076924 0.4855769230769231 0.4735576923076923 0.4855769230769231 0.5432692307692308 0.7235576923076923 0.543269230769231
0 0.3329656718805904 0.6995825806782364 0.12641988914533955 0.698041279757721 0.12613598076923088 0.7360871129807693 0.3326817635044818 0.7376284139012846
0 0.3366043395559618 0.4614291595337973 0.1584250205504923 0.45806617565318597 0.1577825480769231 0.4921059783653846 0.3359618670823927 0.4954689622459959
0 0.5793790504807691 0.48222790384615394 0.5783604343067026 0.4561727070290659 0.4019522223857826 0.4630693065505464 0.40297083855984916 0.4891245033676344
0 0.40084608413461537 0.5417589278846153 0.3982474543269231 0.5171103966346154 0.2877752208620813 0.5287571935935248 0.2903738506697736 0.5534057248435247
0 0.9215429350961537 0.5027345504807694 0.9198977095089658 0.4701287008932056 0.7856466494128119 0.476902739354744 0.7872918749999999 0.5095085889423078
0 0.8533653846153846 0.4254807692307694 0.7596153846153846 0.4254807692307694 0.7596153846153846 0.4615384615384617 0.8533653846153846 0.4615384615384617
0 0.9350961538461539 0.39182692307692324 0.7956730769230769 0.39182692307692324 0.7956730769230769 0.4302884615384617 0.9350961538461539 0.4302884615384617
0 0.8389423076923077 0.37980769230769246 0.71875 0.37980769230769246 0.71875 0.41105769230769246 0.8389423076923077 0.41105769230769246
0 0.90625 0.35817307692307704 0.7307692307692307 0.35817307692307704 0.7307692307692307 0.3942307692307694 0.90625 0.3942307692307694
0 0.9254807692307693 0.32211538461538475 0.7307692307692307 0.32211538461538475 0.7307692307692307 0.3677884615384617 0.9254807692307693 0.3677884615384617