0 0.09504062598150768 0.8706384895485404 0.09375885576923079 0.7689660865384614 -0.0012817702122768975 0.770164250836075 0 0.8718366538461539
0 0.05422799519230778 0.378105670673077 0.0033950173623699376 0.3696430237569816 -0.0379294102725051 0.6178683998864278 0.01290356755743275 0.6263310468025233
0 0.13979618938817534 0.5143233414782604 0.11890157692307693 0.43723083413461544 0.044883026957978515 0.4572923027525089 0.06577763942307693 0.5343848100961539
0 0.09139439268974378 0.24843679133600297 0.06951602077664351 0.19740922319466714 0.011599225961538447 0.22224139182692312 0.033477597874638707 0.2732689599682589
0 0.22451314675340328 0.18686287186337666 0.2202854241422376 0.09557619291916794 0.01740539517729586 0.10497209269040665 0.02163311778846154 0.1962587716346154
0 0.3432904951923078 0.3562018245192308 0.27459454930936644 0.34817429590622695 0.2423699447115385 0.6239378341346153 0.31106589059447987 0.6319653627476192
0 0.26792519230769235 0.44145991346153846 0.20352885104474008 0.4328366077538031 0.1915147619704554 0.5225543339034331 0.25591110323340766 0.5311776396111684
0 0.3361340528846154 0.08317918269230774 0.2777890919659728 0.08015021169211375 0.2715357283653846 0.20060440384615388 0.32988068928402725 0.20363337484634786
0 0.19556571875000014 0.7806533918269231 0.14625092384885865 0.7735516684401074 0.13457094128405098 0.8546581708000472 0.18388573618519247 0.8617598941868629
0 0.4418471634615386 0.09457049038461546 0.3824735276684455 0.08842584144377949 0.3558636250000001 0.3455482067307693 0.41523726079309314 0.35169285567160524
0 0.4931410432692308 0.08486314182692314 0.43498053326282704 0.08113126575335672 0.41819275 0.3427653653846154 0.4763532600064038 0.34649724145818184
0 0.5400160432692307 0.08131116826923084 0.49371030332580446 0.07816917094577122 0.47344504397645176 0.37683200630552594 0.5197507839198781 0.3799740036289856
0 0.5974136586538462 0.09054307451923085 0.5327570773058885 0.08808322545157102 0.5231488701923077 0.34063279567307697 0.5878054515402654 0.34309264474073675
1 0.8413461538461539 0.44471153846153855 0.012019230769230825 0.44471153846153844 0.01201923076923085 0.8701923076923077 0.8413461538461539 0.8701923076923077
2 0.8634551015094112 0.8419246482969398 0.8248091400104086 0.05775495299644796 -0.03864596149900254 0.10030830950720053 0 0.8844780048076923