0 0.22265625000000003 0.02343750000000003 0.1231258517096135 0.02063382680872152 0.11886730364222003 0.17181228320118935 0.2183977019326066 0.17461595639246788
0 0.302734375 0.058593749999999986 0.28842941810344824 -0.0002155172413793252 0.21616379310344824 0.017362607758620682 0.23046874999999997 0.07617187499999999
0 0.6157870438684814 0.0215703607822374 0.37109375 0.01953125000000005 0.3705410811315187 0.08585151421776273 0.6152343750000001 0.08789062500000008
0 0.5507812499999999 0.158203125 0.5464401911953727 0.0945342625321337 0.4561726783419023 0.10068886568123393 0.46051373714652954 0.16435772814910024
0 0.801953125 0.08437499999999999 0.775390625 0.03125000000000007 0.7175781250000001 0.06015625000000005 0.744140625 0.11328124999999997
0 0.892578125 0.04101562500000011 0.80078125 0.039062500000000104 0.7964596295248868 0.24217866233031685 0.8882565045248868 0.24413178733031685
0 0.618966138512286 0.31491255436760507 0.35340990384615384 0.29893924759615387 0.34919582753695827 0.36899826876676295 0.6147520622030905 0.3849715755382141
0 0.53515625 0.24218750000000006 0.45703125 0.24218750000000006 0.45703125 0.30859375 0.53515625 0.30859375
0 0.8906250000000001 0.34570312500000006 0.8885300557324842 0.2870446855095541 0.7773437500000001 0.29101562499999994 0.779438694267516 0.34967406449044586
0 0.20117187500000006 0.21484375000000003 0.12893798467503695 0.2120655234490399 0.12698485967503695 0.2628467734490399 0.19921875000000003 0.26562500000000006
0 0.8739554937656475 0.4028400738321914 0.625 0.38867187500000006 0.6215779777885756 0.4488016938578865 0.8705334715542231 0.4629698926900778
0 0.880859375 0.4511718750000001 0.623046875 0.4511718750000001 0.623046875 0.5097656250000001 0.880859375 0.5097656250000001
0 0.8769531249999999 0.5507812499999999 0.8760306023666333 0.5040401032427637 0.5791556023666334 0.5098994782427637 0.5800781249999999 0.5566406249999999
0 0.8632812499999999 0.6093750000000002 0.8600691132384001 0.5445969086410711 0.6171874999999999 0.556640625 0.6203996367615996 0.6214187163589291
1 0.4879807692307693 0.08894230769230772 0.12259615384615384 0.0889423076923077 0.1225961538461539 0.8870192307692307 0.4879807692307694 0.8870192307692307
2 0.9003906249999999 0.029296875000000052 0.10533573462763354 0.01355321380450761 0.0878906250000001 0.8945312499999999 0.8829455153723664 0.9102749111954923