1 0.8894230769230769 0.3653846153846155 0.09134615384615388 0.36538461538461536 0.09134615384615391 0.875 0.8894230769230769 0.875
0 0.9735576923076923 0.6466346153846154 0.8245192307692307 0.6466346153846154 0.8245192307692307 0.8245192307692307 0.9735576923076923 0.8245192307692307
0 0.8605769230769231 0.39182692307692324 0.8028846153846154 0.39182692307692324 0.8028846153846154 0.48557692307692324 0.8605769230769231 0.48557692307692324
0 0.6875 0.34134615384615397 0.5889423076923077 0.34134615384615397 0.5889423076923077 0.605769230769231 0.6875 0.605769230769231
0 0.5793269230769231 0.009615384615384673 0.34134615384615385 0.009615384615384658 0.34134615384615385 0.37019230769230776 0.5793269230769231 0.3701923076923078
0 0.7980769230769231 9.229008931074404e-17 0.7091346153846154 8.684394368953586e-17 0.7091346153846154 0.13942307692307704 0.7980769230769231 0.13942307692307704
0 0.6802884615384616 0.024038461538461616 0.5865384615384616 0.024038461538461606 0.5865384615384616 0.16105769230769237 0.6802884615384616 0.16105769230769237
0 0.9086538461538461 0.019230769230769336 0.8293269230769231 0.019230769230769332 0.8293269230769231 0.13221153846153857 0.9086538461538461 0.13221153846153857
0 0.9038461538461539 0.1250000000000001 0.8149038461538461 0.1250000000000001 0.8149038461538461 0.20192307692307704 0.9038461538461539 0.20192307692307707
0 0.9505294817019332 0.5744083323609044 0.9176609158653846 0.3138441129807692 0.8484759822403743 0.32257136475448017 0.881344548076923 0.5831355841346153
2 0.9878553653846154 0.823550742788462 0.9101179198006636 -0.03619132284557431 0.06599433085835583 0.04013390792365631 0.14373177644230772 0.8998759735576924