1 0.9399038461538461 0.40625000000000006 0.12500000000000003 0.40625 0.12500000000000006 0.8798076923076923 0.9399038461538461 0.8798076923076923
0 0.20432692307692318 0.6971153846153846 0.050480769230769315 0.6971153846153846 0.05048076923076932 0.8677884615384616 0.2043269230769232 0.8677884615384616
0 0.21394230769230776 0.43509615384615385 0.1538461538461539 0.43509615384615385 0.1538461538461539 0.5264423076923077 0.21394230769230776 0.5264423076923077
0 0.43269230769230776 0.375 0.3245192307692308 0.375 0.32451923076923084 0.6346153846153846 0.4326923076923078 0.6346153846153846
0 0.6730769230769231 0.036057692307692374 0.4206730769230769 0.03605769230769236 0.4206730769230769 0.38701923076923084 0.6730769230769231 0.3870192307692309
0 0.2956730769230769 0.03365384615384619 0.20432692307692307 0.03365384615384618 0.20432692307692307 0.17788461538461542 0.2956730769230769 0.17788461538461545
0 0.4206730769230769 0.05769230769230774 0.32211538461538464 0.05769230769230772 0.32211538461538464 0.18990384615384623 0.4206730769230769 0.18990384615384623
0 0.17548076923076922 0.06490384615384617 0.09375 0.06490384615384617 0.09375000000000001 0.17548076923076922 0.17548076923076922 0.17548076923076922
0 0.19230769230769232 0.17067307692307693 0.10336538461538465 0.17067307692307693 0.10336538461538465 0.24278846153846154 0.19230769230769232 0.24278846153846154
0 0.15666888845861554 0.36544917938566646 0.08744057900413274 0.36124430311279276 0.07142897900705572 0.6248563400732802 0.14065728846153852 0.6290612163461538
2 0.9093525027129487 0.03704355272066455 0.06395063063060738 0.01619122967963766 0.042590276956120394 0.8821898500358962 0.8879921490384617 0.9030421730769231