0 0.8269230769230769 0.06250000000000006 0.0625 0.0625 0.06250000000000001 0.20913461538461542 0.8269230769230769 0.20913461538461545
0 0.5144230769230769 0.1899038461538462 0.23076923076923078 0.18990384615384615 0.2307692307692308 0.3004807692307693 0.5144230769230769 0.3004807692307693
0 0.5216346153846154 0.27403846153846156 0.25 0.27403846153846156 0.25000000000000006 0.3557692307692308 0.5216346153846154 0.3557692307692308
0 0.5144230769230769 0.34615384615384615 0.18269230769230776 0.34615384615384615 0.18269230769230776 0.46634615384615385 0.5144230769230769 0.46634615384615385
0 0.5216346153846154 0.43990384615384615 0.2163461538461539 0.43990384615384615 0.2163461538461539 0.5600961538461539 0.5216346153846155 0.5600961538461539
0 0.514423076923077 0.5408653846153846 0.22115384615384623 0.5408653846153846 0.22115384615384623 0.6778846153846154 0.5144230769230771 0.6778846153846154
0 0.5144230769230771 0.6586538461538461 0.2163461538461539 0.6586538461538461 0.2163461538461539 0.7451923076923077 0.5144230769230771 0.7451923076923077
0 0.5048076923076924 0.7139423076923077 0.3774038461538463 0.7139423076923077 0.3774038461538463 0.7932692307692307 0.5048076923076924 0.7932692307692307
0 0.8533653846153846 0.16826923076923087 0.7692307692307693 0.16826923076923084 0.7692307692307693 0.24278846153846165 0.8533653846153846 0.24278846153846168
0 0.7307692307692307 0.17788461538461545 0.6225961538461539 0.17788461538461545 0.6225961538461539 0.26201923076923084 0.7307692307692307 0.26201923076923084
0 0.8269230769230769 0.2283653846153847 0.7427884615384616 0.2283653846153847 0.7427884615384616 0.2860576923076924 0.8269230769230769 0.2860576923076924
0 0.8100961538461539 0.28846153846153855 0.6826923076923077 0.28846153846153855 0.6826923076923077 0.3437500000000001 0.8100961538461539 0.3437500000000001
0 0.84375 0.3365384615384617 0.6706730769230769 0.3365384615384617 0.6706730769230769 0.7307692307692307 0.84375 0.7307692307692307
0 0.6682692307692307 0.3437500000000001 0.5793269230769231 0.3437500000000001 0.5793269230769231 0.41105769230769246 0.6682692307692307 0.41105769230769246
2 0.9467458798076923 0.006220293269230885 4.138219601470063e-18 0.006220293269230828 6.198659933219002e-17 0.9509560288461538 0.9467458798076923 0.9509560288461538