0 0.8870192307692307 0.7908653846153846 0.12019230769230779 0.7908653846153846 0.12019230769230779 0.9375 0.8870192307692307 0.9375
0 0.574519230769231 0.6995192307692307 0.2860576923076924 0.6995192307692307 0.2860576923076924 0.8100961538461539 0.574519230769231 0.8100961538461539
0 0.5793269230769232 0.6442307692307693 0.3052884615384616 0.6442307692307693 0.3052884615384616 0.7259615384615384 0.5793269230769232 0.7259615384615384
0 0.5697115384615385 0.5336538461538463 0.23557692307692316 0.5336538461538461 0.23557692307692316 0.6538461538461539 0.5697115384615385 0.6538461538461539
0 0.576923076923077 0.4399038461538462 0.26682692307692313 0.43990384615384615 0.26682692307692313 0.560096153846154 0.5769230769230771 0.560096153846154
0 0.5649038461538461 0.3221153846153847 0.2692307692307693 0.32211538461538464 0.2692307692307693 0.4591346153846155 0.5649038461538461 0.45913461538461553
0 0.5625 0.25480769230769235 0.2620192307692308 0.2548076923076923 0.2620192307692308 0.3413461538461539 0.5625 0.34134615384615397
0 0.5528846153846154 0.2067307692307693 0.4230769230769231 0.2067307692307693 0.4230769230769231 0.2860576923076924 0.5528846153846154 0.2860576923076924
0 0.9134615384615384 0.7572115384615384 0.8269230769230769 0.7572115384615384 0.8269230769230769 0.8317307692307693 0.9134615384615384 0.8317307692307693
0 0.7908653846153846 0.7379807692307693 0.6802884615384616 0.7379807692307693 0.6802884615384616 0.8221153846153846 0.7908653846153846 0.8221153846153846
0 0.8846153846153846 0.7139423076923077 0.8004807692307693 0.7139423076923077 0.8004807692307693 0.7716346153846154 0.8846153846153846 0.7716346153846154
0 0.8677884615384616 0.65625 0.7379807692307693 0.65625 0.7379807692307693 0.7115384615384616 0.8677884615384616 0.7115384615384616
0 0.8990384615384616 0.26923076923076933 0.7163461538461539 0.2692307692307693 0.7163461538461539 0.6634615384615384 0.8990384615384616 0.6634615384615384
0 0.7235576923076923 0.5889423076923078 0.6322115384615384 0.5889423076923078 0.6322115384615384 0.65625 0.7235576923076923 0.65625
2 1.056524711092922 0.1111767180745813 0.0027972692307692355 0.04365079326923076 -0.05407771274153092 0.9311725774192985 0.9996497291206216 0.9986985022246491