0 1 0.75 0.96875 0.75 0.96875 0.8557692307692307 1 0.8557692307692307
0 0.9735576923076923 0.7475961538461539 0.9254807692307693 0.7475961538461539 0.9254807692307693 0.8317307692307693 0.9735576923076923 0.8317307692307693
0 0.9399038461538461 0.7043269230769231 0.9014423076923077 0.7043269230769231 0.9014423076923077 0.8317307692307693 0.9399038461538461 0.8317307692307693
0 0.9086538461538461 0.75 0.8677884615384616 0.75 0.8677884615384616 0.8413461538461539 0.9086538461538461 0.8413461538461539
0 0.8774038461538461 0.7475961538461539 0.8341346153846154 0.7475961538461539 0.8341346153846154 0.8389423076923077 0.8774038461538461 0.8389423076923077
0 0.8389423076923077 0.7211538461538461 0.7932692307692307 0.7211538461538461 0.7932692307692307 0.8413461538461539 0.8389423076923077 0.8413461538461539
0 0.8389423076923077 0.3245192307692309 0.7644230769230769 0.3245192307692309 0.7644230769230769 0.45913461538461553 0.8389423076923077 0.45913461538461553
0 0.65625 0.8028846153846154 0.5985576923076924 0.8028846153846154 0.5985576923076924 0.8774038461538461 0.65625 0.8774038461538461
0 0.44711538461538464 0.3028846153846155 0.37259615384615385 0.3028846153846155 0.37259615384615385 0.38221153846153844 0.44711538461538464 0.38221153846153844
0 0.8004807692307693 0.8004807692307693 0.7596153846153846 0.8004807692307693 0.7596153846153846 0.8389423076923077 0.8004807692307693 0.8389423076923077
0 0.7980769230769231 0.7211538461538461 0.7692307692307693 0.7211538461538461 0.7692307692307693 0.7908653846153846 0.7980769230769231 0.7908653846153846
0 0.8461538461538461 0.6586538461538461 0.8100961538461539 0.6586538461538461 0.8100961538461539 0.7163461538461539 0.8461538461538461 0.7163461538461539
0 0.8076923076923077 0.6586538461538461 0.7740384615384616 0.6586538461538461 0.7740384615384616 0.7019230769230769 0.8076923076923077 0.7019230769230769
0 0.7716346153846154 0.65625 0.7403846153846154 0.65625 0.7403846153846154 0.7019230769230769 0.7716346153846154 0.7019230769230769
0 0.7451923076923077 0.6370192307692307 0.7043269230769231 0.6370192307692307 0.7043269230769231 0.6923076923076923 0.7451923076923077 0.6923076923076923
0 0.7668269230769231 0.7235576923076923 0.7331730769230769 0.7235576923076923 0.7331730769230769 0.7884615384615384 0.7668269230769231 0.7884615384615384
0 0.7355769230769231 0.7836538461538461 0.6995192307692307 0.7836538461538461 0.6995192307692307 0.8389423076923077 0.7355769230769231 0.8389423076923077
0 0.7307692307692307 0.7163461538461539 0.6995192307692307 0.7163461538461539 0.6995192307692307 0.7740384615384616 0.7307692307692307 0.7740384615384616
0 0.7043269230769231 0.7836538461538461 0.6730769230769231 0.7836538461538461 0.6730769230769231 0.8413461538461539 0.7043269230769231 0.8413461538461539
0 0.5793269230769232 0.7932692307692307 0.5480769230769232 0.7932692307692307 0.5480769230769232 0.8822115384615384 0.5793269230769232 0.8822115384615384
0 0.5504807692307694 0.8052884615384616 0.5192307692307694 0.8052884615384616 0.5192307692307694 0.8557692307692307 0.5504807692307694 0.8557692307692307
0 0.5528846153846155 0.75 0.5240384615384617 0.75 0.5240384615384617 0.8004807692307693 0.5528846153846155 0.8004807692307693
0 0.5865384615384617 0.7451923076923077 0.5528846153846155 0.7451923076923077 0.5528846153846155 0.7764423076923077 0.5865384615384617 0.7764423076923077
0 0.5192307692307694 0.8076923076923077 0.49038461538461553 0.8076923076923077 0.49038461538461553 0.8581730769230769 0.5192307692307694 0.8581730769230769
0 0.5264423076923078 0.7692307692307693 0.49759615384615397 0.7692307692307693 0.49759615384615397 0.7980769230769231 0.5264423076923078 0.7980769230769231
0 0.4639423076923078 0.8149038461538461 0.4182692307692309 0.8149038461538461 0.4182692307692309 0.8894230769230769 0.4639423076923078 0.8894230769230769
0 0.42067307692307704 0.8173076923076923 0.38942307692307704 0.8173076923076923 0.38942307692307704 0.8485576923076923 0.42067307692307704 0.8485576923076923
0 0.3870192307692309 0.7836538461538461 0.36057692307692324 0.7836538461538461 0.36057692307692324 0.8293269230769231 0.3870192307692309 0.8293269230769231
0 0.32932692307692324 0.8293269230769231 0.29807692307692313 0.8293269230769231 0.2980769230769232 0.875 0.32932692307692324 0.875
0 0.2980769230769232 0.8221153846153846 0.26201923076923084 0.8221153846153846 0.2620192307692309 0.8774038461538461 0.29807692307692324 0.8774038461538461
0 0.2668269230769232 0.7980769230769231 0.22115384615384623 0.7980769230769231 0.22115384615384626 0.90625 0.26682692307692324 0.90625
0 0.4927884615384617 0.6081730769230769 0.4447115384615386 0.6081730769230769 0.4447115384615386 0.6682692307692307 0.4927884615384617 0.6682692307692307
0 0.4254807692307694 0.6057692307692307 0.3774038461538463 0.6057692307692307 0.3774038461538463 0.6778846153846154 0.4254807692307694 0.6778846153846154
0 0.41826923076923084 0.5552884615384616 0.38221153846153844 0.5552884615384616 0.38221153846153855 0.5865384615384616 0.4182692307692309 0.5865384615384616
0 0.9807692307692307 0.36057692307692324 0.9447115384615384 0.36057692307692324 0.9447115384615384 0.41586538461538475 0.9807692307692307 0.41586538461538475
0 0.9423076923076923 0.34855769230769246 0.9110576923076923 0.34855769230769246 0.9110576923076923 0.4134615384615386 0.9423076923076923 0.4134615384615386
0 0.9134615384615384 0.3677884615384617 0.8701923076923077 0.3677884615384617 0.8701923076923077 0.44230769230769246 0.9134615384615384 0.44230769230769246
0 0.90625 0.29567307692307704 0.8677884615384616 0.29567307692307704 0.8677884615384616 0.36057692307692324 0.90625 0.36057692307692324
0 0.9134615384615384 0.2259615384615386 0.8701923076923077 0.2259615384615386 0.8701923076923077 0.27884615384615397 0.9134615384615384 0.27884615384615397
0 0.8701923076923077 0.3557692307692309 0.8317307692307693 0.3557692307692309 0.8317307692307693 0.4447115384615386 0.8701923076923077 0.4447115384615386
0 0.7740384615384616 0.3509615384615386 0.7355769230769231 0.3509615384615386 0.7355769230769231 0.39663461538461553 0.7740384615384616 0.39663461538461553
0 0.7355769230769231 0.3437500000000001 0.6995192307692307 0.3437500000000001 0.6995192307692307 0.39663461538461553 0.7355769230769231 0.39663461538461553
0 0.7043269230769231 0.35817307692307704 0.6634615384615384 0.35817307692307704 0.6634615384615384 0.4014423076923078 0.7043269230769231 0.4014423076923078
0 0.6658653846153846 0.3389423076923078 0.6225961538461539 0.3389423076923078 0.6225961538461539 0.4086538461538463 0.6658653846153846 0.4086538461538463
0 0.6225961538461539 0.35336538461538475 0.5841346153846154 0.35336538461538475 0.5841346153846154 0.4086538461538463 0.6225961538461539 0.4086538461538463
0 0.5841346153846154 0.358173076923077 0.5432692307692307 0.3581730769230769 0.5432692307692307 0.4086538461538462 0.5841346153846154 0.4086538461538463
0 0.8149038461538461 0.1298076923076924 0.7644230769230769 0.1298076923076924 0.7644230769230769 0.17788461538461545 0.8149038461538461 0.17788461538461545
2 1.0292988925485338 0.8800284721978502 0.9650447171233665 -0.02955324659534046 0.08818690630560187 0.03238926437988632 0.15244108173076923 0.9419709831730769