0 1 0.8245192307692307 0.9735576923076923 0.8245192307692307 0.9735576923076923 0.9254807692307693 1 0.9254807692307693
0 0.9783653846153846 0.8173076923076923 0.9302884615384616 0.8173076923076923 0.9302884615384616 0.8990384615384616 0.9783653846153846 0.8990384615384616
0 0.9447115384615384 0.7716346153846154 0.9038461538461539 0.7716346153846154 0.9038461538461539 0.8966346153846154 0.9447115384615384 0.8966346153846154
0 0.9134615384615384 0.8149038461538461 0.8725961538461539 0.8149038461538461 0.8725961538461539 0.9038461538461539 0.9134615384615384 0.9038461538461539
0 0.8846153846153846 0.8100961538461539 0.8389423076923077 0.8100961538461539 0.8389423076923077 0.8990384615384616 0.8846153846153846 0.8990384615384616
0 0.8461538461538461 0.78125 0.7980769230769231 0.78125 0.7980769230769231 0.8990384615384616 0.8461538461538461 0.8990384615384616
0 0.8413461538461539 0.38461538461538475 0.7668269230769231 0.38461538461538475 0.7668269230769231 0.5144230769230771 0.8413461538461539 0.5144230769230771
0 0.6610576923076923 0.8485576923076923 0.6033653846153848 0.8485576923076923 0.6033653846153848 0.9182692307692307 0.6610576923076923 0.9182692307692307
0 0.4495192307692308 0.33413461538461536 0.375 0.33413461538461536 0.375 0.40865384615384615 0.4495192307692308 0.40865384615384615
0 0.8052884615384616 0.8557692307692307 0.7644230769230769 0.8557692307692307 0.7644230769230769 0.8918269230769231 0.8052884615384616 0.8918269230769231
0 0.8028846153846154 0.7764423076923077 0.7740384615384616 0.7764423076923077 0.7740384615384616 0.8461538461538461 0.8028846153846154 0.8461538461538461
0 0.8509615384615384 0.71875 0.8125 0.71875 0.8125 0.7740384615384616 0.8509615384615384 0.7740384615384616
0 0.8100961538461539 0.7163461538461539 0.7764423076923077 0.7163461538461539 0.7764423076923077 0.7572115384615384 0.8100961538461539 0.7572115384615384
0 0.7764423076923077 0.7115384615384616 0.7451923076923077 0.7115384615384616 0.7451923076923077 0.7548076923076923 0.7764423076923077 0.7548076923076923
0 0.75 0.6899038461538461 0.7091346153846154 0.6899038461538461 0.7091346153846154 0.7427884615384616 0.75 0.7427884615384616
0 0.7716346153846154 0.7788461538461539 0.7379807692307693 0.7788461538461539 0.7379807692307693 0.8413461538461539 0.7716346153846154 0.8413461538461539
0 0.7403846153846154 0.8341346153846154 0.7043269230769231 0.8341346153846154 0.7043269230769231 0.8870192307692307 0.7403846153846154 0.8870192307692307
0 0.7355769230769231 0.7668269230769231 0.7043269230769231 0.7668269230769231 0.7043269230769231 0.8245192307692307 0.7355769230769231 0.8245192307692307
0 0.7091346153846154 0.8317307692307693 0.6778846153846154 0.8317307692307693 0.6778846153846154 0.8894230769230769 0.7091346153846154 0.8894230769230769
0 0.5841346153846155 0.8317307692307693 0.5528846153846155 0.8317307692307693 0.5528846153846155 0.9206730769230769 0.5841346153846155 0.9206730769230769
0 0.5552884615384617 0.84375 0.5264423076923078 0.84375 0.5264423076923078 0.8918269230769231 0.5552884615384617 0.8918269230769231
0 0.5576923076923078 0.7884615384615384 0.528846153846154 0.7884615384615384 0.528846153846154 0.8365384615384616 0.5576923076923078 0.8365384615384616
0 0.591346153846154 0.7860576923076923 0.5576923076923078 0.7860576923076923 0.5576923076923078 0.8149038461538461 0.591346153846154 0.8149038461538461
0 0.5240384615384617 0.84375 0.49759615384615397 0.84375 0.49759615384615397 0.8918269230769231 0.5240384615384617 0.8918269230769231
0 0.5312500000000001 0.8052884615384616 0.5024038461538463 0.8052884615384616 0.5024038461538463 0.8341346153846154 0.5312500000000001 0.8341346153846154
0 0.4687500000000001 0.8461538461538461 0.42307692307692324 0.8461538461538461 0.42307692307692324 0.9182692307692307 0.4687500000000001 0.9182692307692307
0 0.4254807692307694 0.8461538461538461 0.3942307692307694 0.8461538461538461 0.3942307692307694 0.875 0.4254807692307694 0.875
0 0.39182692307692324 0.8100961538461539 0.36538461538461553 0.8100961538461539 0.36538461538461553 0.8533653846153846 0.39182692307692324 0.8533653846153846
0 0.33413461538461553 0.8509615384615384 0.30288461538461553 0.8509615384615384 0.30288461538461553 0.8942307692307693 0.33413461538461553 0.8942307692307693
0 0.3052884615384617 0.8413461538461539 0.26682692307692324 0.8413461538461539 0.26682692307692324 0.8942307692307693 0.3052884615384617 0.8942307692307693
0 0.2716346153846155 0.8149038461538461 0.22596153846153852 0.8149038461538461 0.22596153846153857 0.9206730769230769 0.27163461538461553 0.9206730769230769
0 0.4951923076923078 0.6418269230769231 0.4495192307692309 0.6418269230769231 0.4495192307692309 0.6995192307692307 0.4951923076923078 0.6995192307692307
0 0.42788461538461553 0.6346153846153846 0.37980769230769246 0.6346153846153846 0.37980769230769246 0.7043269230769231 0.42788461538461553 0.7043269230769231
0 0.42067307692307704 0.5841346153846154 0.38461538461538475 0.5841346153846154 0.38461538461538475 0.6129807692307693 0.42067307692307704 0.6129807692307693
0 0.9855769230769231 0.4326923076923078 0.9471153846153846 0.4326923076923078 0.9471153846153846 0.48557692307692324 0.9855769230769231 0.48557692307692324
0 0.9447115384615384 0.4182692307692309 0.9134615384615384 0.4182692307692309 0.9134615384615384 0.4807692307692309 0.9447115384615384 0.4807692307692309
0 0.9158653846153846 0.43509615384615397 0.8725961538461539 0.43509615384615397 0.8725961538461539 0.5072115384615385 0.9158653846153846 0.5072115384615385
0 0.9086538461538461 0.3629807692307694 0.8701923076923077 0.3629807692307694 0.8701923076923077 0.4254807692307694 0.9086538461538461 0.4254807692307694
0 0.9134615384615384 0.29567307692307704 0.8725961538461539 0.29567307692307704 0.8725961538461539 0.3437500000000001 0.9134615384615384 0.3437500000000001
0 0.875 0.42067307692307704 0.8341346153846154 0.42067307692307704 0.8341346153846154 0.5072115384615385 0.875 0.5072115384615385
0 0.7764423076923077 0.4086538461538463 0.7379807692307693 0.4086538461538463 0.7379807692307693 0.45192307692307704 0.7764423076923077 0.45192307692307704
0 0.7403846153846154 0.3990384615384617 0.7019230769230769 0.3990384615384617 0.7019230769230769 0.4495192307692309 0.7403846153846154 0.4495192307692309
0 0.7091346153846154 0.4086538461538463 0.6658653846153846 0.4086538461538463 0.6658653846153846 0.4495192307692309 0.7091346153846154 0.4495192307692309
0 0.6682692307692307 0.3870192307692309 0.625 0.3870192307692309 0.625 0.45432692307692324 0.6682692307692307 0.45432692307692324
0 0.625 0.3990384615384617 0.5865384615384616 0.3990384615384617 0.5865384615384616 0.45192307692307704 0.625 0.45192307692307704
0 0.5889423076923077 0.40144230769230776 0.5456730769230769 0.4014423076923077 0.5456730769230769 0.4471153846153847 0.5889423076923077 0.44711538461538475
0 0.8173076923076923 0.19230769230769237 0.7668269230769231 0.19230769230769237 0.7668269230769231 0.23557692307692316 0.8173076923076923 0.23557692307692316
2 1.0018940841411736 0.9524106680733291 0.9980901714269828 0.03835860961409461 0.1265011340992533 0.04198580851371643 0.13030504681344424 0.9560378669729508