0 0.1778846153846154 0.03846153846153848 0.07451923076923077 0.03846153846153848 0.07451923076923078 0.0841346153846154 0.1778846153846154 0.08413461538461542
0 0.18269230769230768 0.0841346153846154 0.10096153846153846 0.08413461538461539 0.10096153846153846 0.12740384615384617 0.18269230769230768 0.1274038461538462
0 0.23076923076923078 0.11778846153846155 0.10336538461538461 0.11778846153846154 0.10336538461538464 0.14903846153846156 0.23076923076923078 0.14903846153846156
0 0.1875 0.14903846153846156 0.09855769230769235 0.14903846153846154 0.09855769230769235 0.18509615384615385 0.1875 0.18509615384615385
0 0.18990384615384615 0.1778846153846154 0.10096153846153849 0.1778846153846154 0.10096153846153849 0.21875 0.18990384615384615 0.21875
0 0.21875 0.21634615384615385 0.10336538461538465 0.21634615384615385 0.10336538461538465 0.25721153846153844 0.21875 0.25721153846153844
0 0.6153846153846154 0.19471153846153852 0.4855769230769231 0.19471153846153852 0.4855769230769231 0.26201923076923084 0.6153846153846154 0.26201923076923084
0 0.15144230769230774 0.40384615384615385 0.08173076923076926 0.40384615384615385 0.08173076923076929 0.4543269230769231 0.15144230769230776 0.4543269230769231
0 0.6658653846153846 0.5793269230769232 0.591346153846154 0.5793269230769232 0.591346153846154 0.6490384615384616 0.6658653846153846 0.6490384615384616
0 0.14423076923076927 0.25721153846153844 0.10817307692307696 0.25721153846153844 0.10817307692307696 0.2956730769230769 0.14423076923076927 0.2956730769230769
0 0.22355769230769235 0.25721153846153844 0.15384615384615385 0.25721153846153844 0.15384615384615388 0.28125 0.22355769230769237 0.28125
0 0.28125 0.2043269230769231 0.22596153846153846 0.20432692307692307 0.22596153846153846 0.2355769230769231 0.28125 0.23557692307692316
0 0.2860576923076923 0.24278846153846156 0.24519230769230768 0.24278846153846154 0.24519230769230768 0.27403846153846156 0.2860576923076923 0.2740384615384616
0 0.2884615384615385 0.2764423076923077 0.24519230769230768 0.2764423076923077 0.24519230769230774 0.30528846153846156 0.28846153846153855 0.3052884615384616
0 0.31009615384615385 0.3028846153846154 0.25721153846153855 0.30288461538461536 0.25721153846153855 0.3389423076923077 0.31009615384615385 0.3389423076923077
0 0.22115384615384623 0.2860576923076923 0.16105769230769237 0.2860576923076923 0.16105769230769237 0.3173076923076923 0.22115384615384623 0.3173076923076923
0 0.1658653846153847 0.32211538461538464 0.11298076923076926 0.32211538461538464 0.11298076923076926 0.3557692307692308 0.1658653846153847 0.3557692307692308
0 0.23317307692307698 0.32211538461538464 0.1754807692307693 0.32211538461538464 0.1754807692307693 0.3485576923076923 0.23317307692307698 0.3485576923076923
0 0.16826923076923084 0.35336538461538464 0.11057692307692311 0.35336538461538464 0.11057692307692311 0.3798076923076923 0.16826923076923084 0.3798076923076923
0 0.16826923076923084 0.4807692307692308 0.07932692307692314 0.4807692307692308 0.07932692307692314 0.5072115384615384 0.16826923076923084 0.5072115384615384
0 0.15865384615384623 0.5072115384615384 0.108173076923077 0.5072115384615384 0.108173076923077 0.5336538461538461 0.15865384615384623 0.5336538461538461
0 0.21394230769230776 0.5 0.1658653846153847 0.5 0.1658653846153847 0.5264423076923077 0.21394230769230776 0.5264423076923077
0 0.21394230769230776 0.46634615384615385 0.1850961538461539 0.46634615384615385 0.1850961538461539 0.49759615384615385 0.21394230769230776 0.49759615384615385
0 0.15625000000000006 0.5384615384615384 0.108173076923077 0.5384615384615384 0.108173076923077 0.5625 0.15625000000000006 0.5625
0 0.19471153846153852 0.5288461538461539 0.16826923076923084 0.5288461538461539 0.16826923076923084 0.5552884615384616 0.19471153846153852 0.5552884615384616
0 0.15625000000000006 0.5961538461538461 0.08413461538461545 0.5961538461538461 0.08413461538461545 0.6370192307692307 0.15625000000000006 0.6370192307692307
0 0.15625000000000006 0.6370192307692307 0.12500000000000006 0.6370192307692307 0.12500000000000006 0.6634615384615384 0.15625000000000006 0.6634615384615384
0 0.19230769230769237 0.6682692307692307 0.14663461538461545 0.6682692307692307 0.14663461538461545 0.6923076923076923 0.19230769230769237 0.6923076923076923
0 0.14903846153846165 0.7283653846153846 0.10817307692307702 0.7283653846153846 0.10817307692307702 0.7572115384615384 0.14903846153846165 0.7572115384615384
0 0.15865384615384623 0.7596153846153846 0.10576923076923087 0.7596153846153846 0.10576923076923087 0.7908653846153846 0.15865384615384623 0.7908653846153846
0 0.1850961538461539 0.7932692307692307 0.08173076923076933 0.7932692307692307 0.08173076923076933 0.8317307692307693 0.1850961538461539 0.8317307692307693
0 0.358173076923077 0.5528846153846154 0.3004807692307693 0.5528846153846154 0.3004807692307693 0.5961538461538461 0.35817307692307704 0.5961538461538461
0 0.3677884615384617 0.6201923076923077 0.29807692307692313 0.6201923076923077 0.29807692307692313 0.6634615384615384 0.3677884615384617 0.6634615384615384
0 0.41586538461538475 0.6225961538461539 0.3870192307692309 0.6225961538461539 0.3870192307692309 0.65625 0.41586538461538475 0.65625
0 0.5697115384615384 0.0504807692307693 0.5168269230769231 0.0504807692307693 0.5168269230769231 0.0817307692307693 0.5697115384615384 0.0817307692307693
0 0.5817307692307693 0.08894230769230776 0.5216346153846154 0.08894230769230776 0.5216346153846154 0.11538461538461545 0.5817307692307693 0.11538461538461545
0 0.5649038461538461 0.12019230769230776 0.4951923076923077 0.12019230769230776 0.4951923076923077 0.15625000000000006 0.5649038461538461 0.15625000000000006
0 0.6394230769230769 0.12259615384615391 0.5745192307692307 0.12259615384615391 0.5745192307692307 0.15625000000000006 0.6394230769230769 0.15625000000000006
0 0.7067307692307693 0.11057692307692316 0.6586538461538461 0.11057692307692314 0.6586538461538461 0.14903846153846162 0.7067307692307693 0.14903846153846165
0 0.5817307692307693 0.16105769230769237 0.49278846153846156 0.16105769230769237 0.49278846153846156 0.19471153846153852 0.5817307692307693 0.19471153846153852
0 0.59375 0.2548076923076924 0.5480769230769231 0.2548076923076924 0.5480769230769231 0.2908653846153847 0.59375 0.2908653846153847
0 0.6033653846153846 0.2908653846153847 0.5528846153846154 0.2908653846153847 0.5528846153846154 0.326923076923077 0.6033653846153846 0.32692307692307704
0 0.5913461538461539 0.32451923076923084 0.5504807692307693 0.3245192307692308 0.5504807692307693 0.3629807692307693 0.5913461538461539 0.3629807692307694
0 0.6129807692307693 0.3629807692307693 0.5456730769230769 0.3629807692307692 0.5456730769230769 0.40144230769230776 0.6129807692307693 0.4014423076923078
0 0.6009615384615384 0.4086538461538462 0.5480769230769231 0.40865384615384615 0.5480769230769231 0.4399038461538462 0.6009615384615384 0.4399038461538463
0 0.5985576923076923 0.44471153846153855 0.5528846153846154 0.44471153846153844 0.5528846153846154 0.483173076923077 0.5985576923076923 0.48317307692307704
0 0.8100961538461539 0.19951923076923084 0.7644230769230769 0.19951923076923084 0.7644230769230769 0.2475961538461539 0.8100961538461539 0.2475961538461539
2 0.9615033750000002 0.037765850961538436 0.04743659855769232 0.03180282211538462 0.041718613943689586 0.9083070112976126 0.9557853903859974 0.9142700401437664