1 0.8293269230769231 0.3365384615384616 4.121407497130516e-17 0.33653846153846156 6.859199620224358e-17 0.7836538461538461 0.8293269230769231 0.7836538461538461
2 0.875 0.03605769230769236 4.415793746925553e-18 0.036057692307692304 5.873005683410984e-17 0.9230769230769231 0.875 0.9230769230769231
0 0.7692307692307693 0.7524038461538461 0.6706730769230769 0.7524038461538461 0.6706730769230769 0.8413461538461539 0.7692307692307693 0.8413461538461539
0 0.6466346153846154 0.6850961538461539 0.5312500000000001 0.6850961538461539 0.5312500000000001 0.8990384615384616 0.6466346153846154 0.8990384615384616
0 0.8389423076923077 0.13221153846153857 0.7043269230769231 0.13221153846153857 0.7043269230769231 0.2139423076923078 0.8389423076923077 0.21394230769230782
0 0.6778846153846154 0.16826923076923084 0.5889423076923077 0.16826923076923084 0.5889423076923077 0.3052884615384616 0.6778846153846154 0.3052884615384616
0 0.5817307692307693 0.0600961538461539 0.4807692307692308 0.060096153846153896 0.4807692307692308 0.17307692307692316 0.5817307692307693 0.17307692307692316
0 0.5408653846153846 0.3004807692307693 0.4735576923076923 0.3004807692307693 0.4735576923076923 0.40865384615384615 0.5408653846153846 0.40865384615384615
0 0.44711538461538464 0.2163461538461539 0.34375 0.2163461538461539 0.34375 0.38221153846153844 0.44711538461538464 0.38221153846153844
0 0.35336538461538464 0.09615384615384619 0.22355769230769232 0.09615384615384619 0.22355769230769232 0.25480769230769235 0.35336538461538464 0.2548076923076924
0 0.5456730769230771 0.7692307692307693 0.4254807692307694 0.7692307692307693 0.4254807692307694 0.8365384615384616 0.5456730769230771 0.8365384615384616
0 0.6778846153846154 0.6153846153846154 0.5985576923076924 0.6153846153846154 0.5985576923076924 0.6538461538461539 0.6778846153846154 0.6538461538461539
0 0.8135511754807693 0.5490567211538463 0.7547631918158194 0.5225157503596292 0.6917019490273579 0.6621957695903984 0.7504899326923078 0.6887367403846155