0 0.8869451610576923 0.8538824591346154 0.6992746201923077 0.8538824591346154 0.6992746201923077 1 0.8869451610576923 1
0 0.6479386590269124 0.9317243657723144 0.39985845009067184 0.875487355378393 0.38817061317914414 0.9270463021060789 0.6362508221153846 0.9832833125000003
0 0.5290064253528391 0.8698427910237003 0.4119938870192309 0.8371947812499999 0.40092331779610074 0.87687240370158 0.5179358561297089 0.9095204134752806
0 0.28453293269230767 0.8917289326923077 0.2703515841346153 0.8214430288461537 0.20496128285363466 0.8346366082698158 0.219142631411327 0.9049225121159696
0 0.22890992385196313 0.8214556012927325 0.11628236778846167 0.79210809375 0.09837389162539178 0.8608358349433918 0.21100144768889323 0.8901833424861242
0 0.7678384759615385 0.8924309759615384 0.7477516322115385 0.8059481370192306 0.5613500152188838 0.8492425084930505 0.5814368589688841 0.9357253474353583
0 0.547556730769231 0.8231231201923078 0.46229576100579356 0.8134535099719519 0.4564376504288704 0.8651069042027212 0.5416986201923077 0.8747765144230771
0 0.608173076923077 0.5264423076923078 0.5625 0.5264423076923078 0.5625000000000001 0.5769230769230771 0.6081730769230771 0.5769230769230771
0 0.6081730769230769 0.47836538461538475 0.5697115384615384 0.47836538461538475 0.5697115384615384 0.5144230769230771 0.6081730769230769 0.5144230769230771
0 0.3004807692307693 0.6899038461538461 0.22596153846153852 0.6899038461538461 0.22596153846153852 0.8028846153846154 0.3004807692307693 0.8028846153846154
0 0.2163461538461539 0.6682692307692307 0.0817307692307693 0.6682692307692307 0.08173076923076932 0.7788461538461539 0.2163461538461539 0.7788461538461539
0 0.8413461538461539 0.5144230769230771 0.7067307692307693 0.5144230769230771 0.7067307692307693 0.6586538461538461 0.8413461538461539 0.6586538461538461
0 0.8794763894230767 0.3767934302884616 0.3775757764423077 0.3044016899038462 0.36797177917490426 0.3709873540965505 0.8698723921556734 0.4433790944811659
0 0.8753054201472079 0.44648855258524905 0.42309239423076933 0.3625818942307693 0.41361538540181186 0.41365801766633975 0.8658284113182505 0.4975646760208195
0 0.8637773322108361 0.5020119546065014 0.6310115625 0.4507772740384616 0.6209489582659382 0.4964929844492333 0.8537147279767743 0.5477276650172732
0 0.6601491429380815 0.625381839005317 0.3925857764423078 0.5905192956730769 0.3808056695619189 0.6809293677254522 0.6483690360576926 0.7157919110576922
0 0.8750228117591434 0.7735207936904422 0.7211190096153846 0.7262666586538462 0.7015654218091162 0.7899514876451273 0.8554692239528751 0.8372056226817235
0 0.7269061177884615 0.806341329326923 0.7264257596438477 0.7237749776825173 0.6682439110022105 0.7241134705952728 0.6687242691468244 0.8066798222396786
0 0.5538138132466374 0.6894113529656712 0.48175494230769245 0.6690212019230769 0.46669990046099774 0.7222257767761607 0.5387587713999427 0.7426159278187549
0 0.3856151176601029 0.5173900991535345 0.12656472115384618 0.45777996394230774 0.11490719483989717 0.5084405907503116 0.3739575913461539 0.5680507259615384
0 0.3757007548464547 0.46360716002387237 0.11227374278846156 0.40633828125 0.10252322270737552 0.45118899992940603 0.36595023476536864 0.5084578787032784
0 0.4082261110121721 0.4136226367509793 0.07794535750421971 0.3510259399944991 0.06853592548076927 0.4006731971153846 0.39881667898872164 0.46326989387186485
0 0.38883667727403315 0.3402277951894226 0.14564993201445095 0.3062646715161748 0.1375295528846154 0.36440916346153845 0.3807162981441976 0.3983722871347863
0 0.2510677274491685 0.6018144453078964 0.10281778440532781 0.5421945129046469 0.0817159561455363 0.5946659718871211 0.229965899189377 0.6542859042903706
2 0.9371986920053489 0.10748254016061624 0.05173494711538462 0.06413427403846154 0.007313048179215947 0.9715288368636744 0.8927767930691803 1.014877102985829