0 0.3122199946414967 0.05628377477164045 0.11666666586538461 0.025125627403846166 0.09071781357806034 0.18798461843458011 0.2862711423541724 0.2191427658023744
0 0.60625 0.10678392067307696 0.3583333341346153 0.06909547836538464 0.3502915006975681 0.12199510517619087 0.5982081665629527 0.1596835474838832
0 0.5887674757890045 0.15510650064839737 0.4751165793269231 0.1402999447115385 0.46968243767253387 0.18201086473621808 0.5833333341346153 0.196817420673077
0 0.7851142059173839 0.19556741875787106 0.7787965733942764 0.1257242722242171 0.7104166658653848 0.13190954807692304 0.7167342983884922 0.201752694610577
0 0.8901183178949317 0.14614729356129266 0.7833333341346154 0.1298157451923078 0.7723816821050684 0.2014238963425537 0.8791666658653846 0.2177554447115386
0 0.43874329001530465 0.1900624473183245 0.4105783121783885 0.10785826728706846 0.2197516880284685 0.17323970698797472 0.2479166658653846 0.2554438870192308
0 0.5375 0.1842546057692308 0.4534716274038461 0.1698362067307692 0.4446274763704886 0.2213786572029209 0.5286558489666425 0.23579705624138245
0 0.43509615384615385 0.4735576923076923 0.3894230769230769 0.4735576923076923 0.3894230769230769 0.5192307692307693 0.43509615384615385 0.5192307692307693
0 0.4278846153846155 0.5360576923076923 0.3870192307692308 0.5360576923076923 0.38701923076923084 0.5673076923076923 0.42788461538461553 0.5673076923076923
0 0.7716346153846154 0.22115384615384623 0.6971153846153846 0.22115384615384623 0.6971153846153846 0.32932692307692324 0.7716346153846154 0.32932692307692324
0 0.9158653846153846 0.23798076923076933 0.7788461538461539 0.2379807692307693 0.7788461538461539 0.3389423076923078 0.9158653846153846 0.3389423076923078
0 0.28846153846153855 0.4110576923076923 0.15625000000000006 0.4110576923076923 0.15625000000000006 0.5432692307692307 0.28846153846153855 0.5432692307692307
0 0.6270833341346156 0.6783919591346155 0.12564867312323028 0.627358600309518 0.11875000000000008 0.6951423774038462 0.6201846610113855 0.7461757362289438
0 0.58012919032739 0.6198599816456292 0.13125000000000006 0.5757956442307692 0.12612080967261013 0.6280462154697554 0.5750000000000001 0.6721105528846153
0 0.3726938951395694 0.5538012602118534 0.1430343942307693 0.5244249855769232 0.13700716495658466 0.5715449994035314 0.36666666586538466 0.6009212740384616
0 0.6142982722210673 0.3849724052746542 0.34777635336538465 0.337448639423077 0.33185525790297493 0.42673703727812834 0.5983771767586575 0.4742608031297056
0 0.2886104923750701 0.2661696929532939 0.13926741105769233 0.2357159278846154 0.12565691868262224 0.30246080704670614 0.275 0.3329145721153846
0 0.3270833341346154 0.2533500841346154 0.26875 0.2533500841346154 0.26875000000000004 0.3308207716346154 0.3270833341346154 0.3308207716346154
0 0.5291666658653846 0.3161641538461539 0.4558840072115385 0.30647324519230773 0.4485580912356217 0.36187182740645285 0.5218407498894678 0.371562736060299
0 0.8786001361060418 0.5141239806189005 0.6229166658653846 0.4627303173076924 0.6125609296979484 0.514250103787076 0.8682443999386056 0.565643767098284
0 0.8916666658653849 0.5569514230769232 0.6291695753184313 0.5213353404488831 0.6229166658653847 0.5674204350961539 0.8854137564123383 0.6030365177241942
0 0.9291666658653848 0.6051088774038462 0.593895271183287 0.5737154448685037 0.5891403104161085 0.6244968408269045 0.9244117050982065 0.6558902733622471
0 0.8604166658653848 0.6469849254807692 0.6166666658653848 0.6365159134615385 0.6141341276509079 0.6954809990536451 0.8578841276509078 0.705950011072876
0 0.9090217283880002 0.40930421639365666 0.7625000000000001 0.37479062019230786 0.749671864330526 0.42925033512093197 0.8961935927185262 0.4637639313222807
2 0.9479166658653846 0.9401172524038461 0.9307669279168636 -0.012782864285510544 0.04802098791114277 0.003104279897885814 0.06517072585966385 0.9560043965872425