1 0.6634615384615384 0.009615384615384666 0.16105769230769232 0.009615384615384637 0.16105769230769237 0.8846153846153846 0.6634615384615384 0.8846153846153846
2 0.9639423076923077 0.0024038461538462143 0.019230769230769232 0.002403846153846156 0.019230769230769287 0.9158653846153846 0.9639423076923077 0.9158653846153846
0 0.20192307692307704 0.7451923076923077 0.10576923076923087 0.7451923076923077 0.10576923076923087 0.8413461538461539 0.20192307692307707 0.8413461538461539
0 0.2740384615384616 0.6081730769230769 0.055288461538461606 0.6081730769230769 0.05528846153846161 0.7139423076923077 0.2740384615384616 0.7139423076923077
0 0.8221153846153846 0.7524038461538461 0.7331730769230769 0.7524038461538461 0.7331730769230769 0.8846153846153846 0.8221153846153846 0.8846153846153846
0 0.7908653846153846 0.6418269230769231 0.6514423076923077 0.6418269230769231 0.6514423076923077 0.7259615384615384 0.7908653846153846 0.7259615384615384
0 0.90625 0.528846153846154 0.7908653846153846 0.528846153846154 0.7908653846153846 0.625 0.90625 0.625
0 0.6658653846153846 0.5312500000000001 0.5552884615384616 0.53125 0.5552884615384616 0.5937500000000001 0.6658653846153846 0.5937500000000001
0 0.7596153846153846 0.3990384615384617 0.5889423076923077 0.3990384615384617 0.5889423076923077 0.49759615384615397 0.7596153846153846 0.49759615384615397
0 0.8894230769230769 0.2740384615384616 0.7211538461538461 0.2740384615384616 0.7211538461538461 0.3990384615384617 0.8894230769230769 0.3990384615384617
0 0.19951923076923084 0.5 0.12259615384615391 0.5 0.12259615384615391 0.6177884615384616 0.19951923076923084 0.6177884615384616
0 0.3437500000000001 0.6658653846153846 0.3004807692307693 0.6658653846153846 0.3004807692307693 0.7451923076923077 0.3437500000000001 0.7451923076923077
0 0.42123742145579257 0.8290401192113086 0.2913608340729165 0.7595739774389139 0.25957038461538473 0.8190106322115386 0.38944697199826084 0.8884767739839334