1 0.6634615384615384 0.14182692307692313 0.2283653846153846 0.1418269230769231 0.2283653846153847 1 0.6634615384615384 1
2 0.9639423076923077 0.1225961538461539 0.08653846153846154 0.12259615384615384 0.0865384615384616 1 0.9639423076923077 1
0 0.25721153846153844 0.16826923076923078 0.16826923076923078 0.16826923076923078 0.16826923076923078 0.2620192307692308 0.25721153846153844 0.2620192307692308
0 0.32211538461538464 0.29807692307692313 0.11057692307692311 0.2980769230769231 0.11057692307692311 0.39663461538461536 0.32211538461538464 0.39663461538461536
0 0.8774038461538461 0.1514423076923078 0.7980769230769231 0.1514423076923078 0.7980769230769231 0.2812500000000001 0.8774038461538461 0.2812500000000001
0 0.8365384615384616 0.3076923076923078 0.7043269230769231 0.3076923076923078 0.7043269230769231 0.3870192307692309 0.8365384615384616 0.3870192307692309
0 0.9447115384615384 0.4134615384615386 0.8341346153846154 0.4134615384615386 0.8341346153846154 0.5048076923076924 0.9447115384615384 0.5048076923076924
0 0.7043269230769231 0.43509615384615397 0.5985576923076923 0.43509615384615397 0.5985576923076923 0.4951923076923078 0.7043269230769231 0.4951923076923078
0 0.7884615384615384 0.5336538461538463 0.6225961538461539 0.5336538461538463 0.6225961538461539 0.6274038461538461 0.7884615384615384 0.6274038461538461
0 0.9086538461538461 0.6394230769230769 0.75 0.6394230769230769 0.75 0.7572115384615384 0.9086538461538461 0.7572115384615384
0 0.23557692307692316 0.3942307692307692 0.17067307692307698 0.3942307692307692 0.17067307692307698 0.5072115384615384 0.23557692307692316 0.5072115384615384
0 0.3942307692307692 0.2716346153846155 0.3557692307692308 0.2716346153846155 0.3557692307692308 0.3485576923076923 0.3942307692307692 0.3485576923076923
0 0.48357375711758527 0.19014559358025018 0.45510765773255746 0.13020050676098988 0.32064128365384614 0.19405450000000002 0.34910738303887395 0.2539995868192604