0 0.9070490697115384 0.25079361778846154 0.888405073188859 0.08308745624409516 0.7054892513888757 0.1034223199973255 0.7241332479115551 0.2711284815416919
0 0.6514143449449017 0.168125873773845 0.6473068798076922 0.1139651826923077 0.40233216422921286 0.13254369569949115 0.40643962936642225 0.18670438678102844
0 0.5408558398240064 0.2119824065571762 0.5353720725933215 0.16954348879394365 0.4251477524038461 0.1837861826923077 0.430631519634531 0.22622510045554026
0 0.30035101682692306 0.15215918750000004 0.23143010096153852 0.14525791586538464 0.22459235273606576 0.21354444262557268 0.29351326860145033 0.22044571426018808
0 0.23505389187520664 0.21556182115939718 0.22699214837269835 0.14250824208511728 0.13054681178595323 0.1531513560218739 0.13860855528846153 0.22620493509615378
0 0.7971353132516298 0.2278527945560593 0.5935882692307692 0.1664187812500001 0.5693879920368319 0.24660066457855628 0.7729350360576923 0.3080346778846155
0 0.5702003870192308 0.2605484759615384 0.5678987658086811 0.20772610032326222 0.47732605662560784 0.21167261098344625 0.47962767783615745 0.26449498662172244
0 0.6538461538461539 0.512019230769231 0.6033653846153846 0.512019230769231 0.6033653846153847 0.5625000000000001 0.6538461538461539 0.5625000000000001
0 0.6586538461538461 0.5769230769230771 0.6177884615384616 0.5769230769230771 0.6177884615384616 0.6105769230769232 0.6586538461538461 0.6105769230769232
0 0.3317307692307692 0.23798076923076927 0.24759615384615385 0.23798076923076922 0.24759615384615388 0.3485576923076923 0.3317307692307692 0.3485576923076923
0 0.24759615384615388 0.24278846153846154 0.10576923076923081 0.24278846153846154 0.10576923076923081 0.35336538461538464 0.2475961538461539 0.35336538461538464
0 0.8894230769230769 0.45913461538461553 0.7427884615384616 0.45913461538461553 0.7427884615384616 0.6033653846153848 0.8894230769230769 0.6033653846153848
0 0.9379939759615383 0.7567653798076923 0.9374887803446714 0.6885990719046029 0.4282036760988207 0.6923734966947267 0.4287088717156877 0.7605398045978161
0 0.9198537620192307 0.6867958197115385 0.9180475302842385 0.6339327532300829 0.4714243485576924 0.6491930288461538 0.47323058029268456 0.7020560953276095
0 0.9069057067307694 0.6296804326923079 0.9035922134184745 0.5817700314285674 0.6790726148607822 0.597297853543952 0.682386108173077 0.6452082548076924
0 0.6892043605769231 0.4749732692307692 0.6797693389423076 0.3830565600961538 0.4257031999743987 0.40913581750597644 0.43513822160901416 0.501052526640592
0 0.8895402433652785 0.36443713253509596 0.879912159161763 0.29546182520641573 0.7425474951234073 0.31463620228670447 0.7521755793269229 0.38361150961538465
0 0.7578001238948807 0.37291113102084955 0.7519307860576923 0.3044840649038461 0.6940519914897346 0.3094486237868427 0.699921329326923 0.3778756899038461
0 0.5771432307692307 0.3963542668269231 0.5695494971353856 0.3393719717172886 0.4966415889423077 0.34908802884615386 0.5042353225761528 0.40607032395578835
0 0.4253785697115384 0.54188065625 0.4211525105371321 0.4885991156108122 0.1679120310070113 0.5086850447902364 0.17213809018141768 0.5619665854294242
0 0.4234014591346154 0.593788670673077 0.4202831021810928 0.5468303140178722 0.1537968798076923 0.564526826923077 0.1569152367612148 0.6114851835782817
0 0.46100768028846156 0.6484646250000001 0.4590238345996939 0.5970017592827378 0.12022793990384616 0.6100620264423077 0.12221178559261373 0.6615248921595699
0 0.4352916730769231 0.6633211923076922 0.19239625000000002 0.6567455432692306 0.19080170912657743 0.715645687999894 0.4336971322035005 0.7222213370383557
0 0.2802793501583572 0.4388955073432324 0.2653340347216273 0.3806406995500324 0.12715747137840291 0.41609000242059874 0.14210278681513278 0.4743448102137987
2 1.00439425370419 0.9880024657566765 0.957108713448793 0.061617611832352634 0.07584049066525032 0.10660026007806499 0.12312603092064746 1.032985114002389