1 0.33894230769230776 2.090142373544762e-17 0.002403846153846154 2.9438624979503682e-19 0.002403846153846215 1 0.3389423076923078 1
0 0.9254807692307693 0.625 0.6177884615384616 0.625 0.6177884615384616 0.7403846153846154 0.9254807692307693 0.7403846153846154
0 0.8701923076923077 0.5576923076923078 0.6225961538461539 0.5576923076923078 0.6225961538461539 0.6586538461538461 0.8701923076923077 0.6586538461538461
0 0.8677884615384616 0.48557692307692324 0.6298076923076923 0.48557692307692324 0.6298076923076923 0.5889423076923078 0.8677884615384616 0.5889423076923078
0 0.9519230769230769 0.38942307692307704 0.6177884615384616 0.38942307692307704 0.6177884615384616 0.512019230769231 0.9519230769230769 0.512019230769231
0 0.6153846153846154 0.42307692307692324 0.6129807692307693 0.42307692307692324 0.6129807692307693 0.42788461538461553 0.6153846153846154 0.42788461538461553
0 0.9320100324167016 0.08891699535274246 0.8968500476156014 0.018358262997030403 0.5693636161604382 0.1815473902404419 0.6045236009615385 0.25210612259615395
0 0.9736603616553854 0.18761254349948092 0.9325451562499999 0.09326756490384622 0.5716559869023068 0.2505417786159038 0.6127711923076922 0.34488675721153855
0 0.9212324584526734 0.345945464833141 0.8973121298076924 0.25159358413461547 0.5971229646242497 0.3276983043976284 0.6210432932692308 0.42205018509615394
0 0.7790105673076924 0.9009158052884617 0.7760150444483058 0.8264085511939242 0.4951675817307692 0.8376998677884615 0.4981631045901557 0.912207121882999
0 0.5878702019230768 0.8346159495192308 0.579036536067715 0.7808119649857278 0.5121752932792535 0.7917894024857277 0.5210089591346153 0.8455933870192307
0 0.658855486661839 0.8287397394014469 0.6512535862083723 0.7762695548756902 0.5842092113180314 0.7859829696175631 0.5918111117714981 0.8384531541433198
0 0.5563222759311593 0.7817082763851719 0.5473937541543954 0.7214699715545637 0.26852053913514123 0.7628045605715909 0.2774490609119052 0.8230428654021991
0 0.5417563712297547 0.711095295121997 0.5306117569351987 0.6380807770236564 0.26465823185929016 0.6786747511324288 0.27580284615384615 0.7516892692307694
0 0.5532885600961538 0.6461141947115383 0.5440730439835124 0.579765623109243 0.2631321641758202 0.6187870389746275 0.2723476802884615 0.685135610576923
0 0.5906836829076282 0.5493720357671522 0.5698300068857074 0.47267608970809116 0.25175140570884835 0.5591618616332465 0.27260508173076925 0.6358578076923076
0 0.5715383452118318 0.47509368844080035 0.5581642043269232 0.4132455769230769 0.4446014360381683 0.437802583193815 0.45797557692307694 0.4996506947115385
0 0.5758589643722387 0.40880887455298737 0.5627485022654828 0.355758573959356 0.4181994152970902 0.39148137488713775 0.4313098774038462 0.4445316754807692
0 0.5699220731882492 0.3517658017439438 0.5500078341346153 0.2660887403846154 0.4117282298829859 0.2982295847555459 0.4316424689366198 0.38390664611487424
0 0.5285862163361312 0.272722753535793 0.5099836225961538 0.21395230048076921 0.4080365144330995 0.24622158781036088 0.426639108173077 0.3049920408653847
0 0.31319242536481195 0.37789108980461467 0.3041803725961538 0.3320043966346154 0.24922068521211113 0.34279836692615456 0.2582327379807692 0.38868506009615383
2 1 9.12558094407304e-17 0.15306622836538467 3.9396072814624046e-17 0.15306622836538472 0.9581986923076923 1 0.9581986923076923