1 0.3221153846153847 1.972387873626747e-17 0 0 6.123233995736766e-17 1 0.32211538461538475 1
0 0.875 0.71875 0.5625000000000001 0.71875 0.5625000000000001 0.8221153846153846 0.875 0.8221153846153846
0 0.8245192307692307 0.6490384615384616 0.574519230769231 0.6490384615384616 0.574519230769231 0.7403846153846154 0.8245192307692307 0.7403846153846154
0 0.8269230769230769 0.574519230769231 0.5865384615384617 0.574519230769231 0.5865384615384617 0.6706730769230769 0.8269230769230769 0.6706730769230769
0 0.9158653846153846 0.48557692307692324 0.5793269230769231 0.48557692307692324 0.5793269230769231 0.5961538461538463 0.9158653846153846 0.5961538461538463
0 0.5841346153846154 0.4951923076923078 0.5817307692307693 0.4951923076923078 0.5817307692307693 0.5000000000000001 0.5841346153846154 0.5000000000000001
0 0.9188947768320366 0.19792705639192484 0.8910268664554152 0.12261228145177491 0.55587005116184 0.24662672746369613 0.5837379615384614 0.32194150240384606
0 0.9521657539136844 0.3015469003432778 0.9211075576923076 0.20159693509615376 0.554410395124777 0.31554347225287604 0.5854685913461538 0.41549343750000006
0 0.8900505024038462 0.45273865625 0.8750143076923076 0.3555013461538461 0.5741733128710073 0.4020215941005748 0.5892095075825459 0.4992589041967287
0 0.7184247037592905 0.919479551973341 0.43410289182692313 0.8936201899038461 0.4273510619047722 0.9678560705944105 0.7116728738371395 0.9937154326639054
0 0.5265305697115384 0.9013301947115384 0.5239427952805478 0.8464921480373468 0.4566691390305477 0.8496667514027316 0.45925691346153835 0.904504798076923
0 0.597338132116749 0.9008267735230805 0.5934446060846806 0.8476783400538068 0.5262987360563279 0.8525972845237771 0.5301922620883963 0.9057457179930508
0 0.49705198076923074 0.8449149591346153 0.4951294986715997 0.7836734988783381 0.21608394229086128 0.7924332522271407 0.21800642438849238 0.8536747124834179
0 0.4840782740384616 0.708323064903846 0.22207893274013862 0.7076905777156873 0.22189892307692313 0.7822571682692309 0.48389826437524613 0.7828896554573895
0 0.5052836298076924 0.7091871177884617 0.5037919230239093 0.6418334587260807 0.22111481190428567 0.6480940148732501 0.22260651868806877 0.7154476739356311
0 0.5462640428290174 0.6174466541949385 0.5341151558032917 0.5379839059306915 0.2141835913461539 0.5868975480769232 0.22633247837187964 0.6663602963411701
0 0.5346734121392215 0.5357397277154644 0.5258132284652177 0.47336258689220184 0.4118332153644577 0.48955255388827584 0.4206933990384615 0.5519296947115385
0 0.5420011107440534 0.475285140774235 0.5349518340954336 0.4205221102725357 0.3909650863321493 0.4390565560367623 0.39801436298076914 0.49381958653846153
0 0.538625429472238 0.4177999421290624 0.5285348389423077 0.3295518028846154 0.38925150219798665 0.3454779304014374 0.3993420927279169 0.43372606964588445
0 0.5043848310630353 0.3341463112023381 0.49235981971153847 0.2728637115384615 0.390955130489795 0.2927615707297263 0.40298014184129183 0.3540441703936029
0 0.2831198005390483 0.4137311920773771 0.2794080697115385 0.36672701682692305 0.22603698311479786 0.3709415170572384 0.22974871394230773 0.4179456923076924
2 0.9974378605769232 0.046952658653846284 0.13640025866911054 0.00178987809937502 0.08502316692592211 0.9813045874339204 0.9460607688337348 1.0264673679883916