2 1.0004083225697162 0.9443804667883735 0.9984070527954733 0.05638197109295872 0.039842749999999996 0.05854227403846153 0.04184401977424297 0.9465407697338762
0 0.21897620855590402 0.8901193900831785 0.1889860688997475 0.7000608437781454 0.1358804997669204 0.7084405955218899 0.16587063942307692 0.898499141826923
0 0.27125698557692307 0.9019599759615383 0.24148795007108342 0.6613185968179545 0.19001343354288866 0.6676863574899853 0.21978246904872828 0.9083277366335692
0 0.3200091514423077 0.9074766875000001 0.2763339144923304 0.6883546326221757 0.23318250300460377 0.6969555382795422 0.2768577399545811 0.9160775931573665
0 0.3764553605769231 0.9027326322115385 0.32881099667972463 0.663697149710387 0.28174490015088094 0.6730783269597942 0.32938926404807944 0.9121138094609459
0 0.4202326490384615 0.8972506995192309 0.36150803659689984 0.5743917081338423 0.3201897261212322 0.581907068815024 0.3789143385627939 0.9047660602004124
0 0.4182692307692309 0.6514423076923077 0.3774038461538463 0.6514423076923077 0.3774038461538463 0.7211538461538461 0.4182692307692309 0.7211538461538461
0 0.59375 0.4110576923076924 0.5336538461538461 0.4110576923076923 0.5336538461538461 0.5408653846153847 0.59375 0.5408653846153848
0 0.6370192307692307 0.6201923076923077 0.5697115384615385 0.6201923076923077 0.5697115384615385 0.8221153846153846 0.6370192307692307 0.8221153846153846
0 0.8076923076923077 0.5817307692307694 0.75 0.5817307692307694 0.75 0.7860576923076923 0.8076923076923077 0.7860576923076923
0 0.7692307692307693 0.6346153846153846 0.7211538461538461 0.6346153846153846 0.7211538461538461 0.7860576923076923 0.7692307692307693 0.7860576923076923
0 0.8533653846153846 0.4062500000000001 0.7331730769230769 0.4062500000000001 0.7331730769230769 0.5528846153846155 0.8533653846153846 0.5528846153846155
0 0.7331730769230769 0.8052884615384616 0.6298076923076923 0.8052884615384616 0.6298076923076923 0.8966346153846154 0.7331730769230769 0.8966346153846154
0 0.7163461538461539 0.5480769230769232 0.6514423076923077 0.5480769230769232 0.6514423076923077 0.6490384615384616 0.7163461538461539 0.6490384615384616
0 0.35096153846153844 0.34615384615384615 0.24038461538461545 0.34615384615384615 0.24038461538461545 0.5072115384615384 0.35096153846153844 0.5072115384615384
0 0.1835760600961539 0.610390204326923 0.11819329042557424 0.4866758611691211 0.08169033850249731 0.505967594342198 0.14707310817307698 0.6296819374999999
0 0.22552468690609578 0.6205728179347383 0.09959107962905245 0.40673512454072963 0.06301669684204438 0.4282745635666295 0.1889503041190877 0.6421122569606381
0 0.23659495673076927 0.5867059639423078 0.12494872115384617 0.403506545673077 0.09801605054420047 0.4199199781828963 0.2096622861211236 0.6031193964521271
0 0.25574983647924765 0.5285651299031273 0.13678346708966355 0.388675259686151 0.10105091898813745 0.4190632463937216 0.2200172883777215 0.5589531166106978
0 0.4315461514976722 0.8426137992817577 0.41934146482756574 0.7372369599378393 0.3924381899038461 0.7403528822115385 0.4046428765739526 0.8457297215554569
0 0.4803816658653846 0.8552411778846155 0.40676139309947684 0.5636248536849598 0.3745462255506802 0.5717577640378043 0.44816649831658795 0.8633740882374601
0 0.49746153365384616 0.8589131923076923 0.46974291633801973 0.7125910146969171 0.44245141709753477 0.7177609939562093 0.47017003441336125 0.8640831715669844
0 0.5293218052884614 0.8634460625000001 0.43406037152857546 0.4192540904917338 0.40527636374955417 0.42542711031914815 0.5005377975094402 0.8696190823274144
0 0.5631383170217268 0.8472878919912262 0.5045351458073479 0.5789866740554391 0.4680432206125441 0.5869573517757513 0.5266463918269231 0.8552585697115386
0 0.8769383221153847 0.8726010649038464 0.8232889493888005 0.6136076259131088 0.786512026781694 0.6212258066530308 0.8401613995082781 0.8802192456437683
0 0.9279362403846154 0.8801608822115387 0.9080608475539018 0.7612569397083645 0.8717377134001911 0.7673285345180019 0.8916131062309046 0.886232477021176