2 0.9950795408653844 0.9225104110576924 0.9753172952085255 -0.0017007818721304613 0.005800396170064189 0.019030227743254028 0.02556264182692308 0.9432414206730768
0 0.7579456875 0.2639039471153846 0.7566677067307693 0.19068856971153847 0.3873892452068122 0.19713435731863663 0.388667225976043 0.27034973472248275
0 0.7622832219108475 0.270232549454821 0.2906513450032168 0.2591114538143804 0.28926797405390786 0.3177785005134057 0.7608998509615386 0.32889959615384634
0 0.7699704192096711 0.3203434752816261 0.39851367788461545 0.3132113822115385 0.3974302600408937 0.36963841671143255 0.7688870013659496 0.3767705097815202
0 0.7777765975841537 0.3715263587312511 0.5597051658391808 0.37000518283106126 0.5592553446973348 0.4344902567921179 0.7773267764423076 0.43601143269230774
0 0.7874978850203393 0.4339386715689567 0.4660981875000001 0.4321884134615385 0.46583447315266635 0.4806142491172106 0.7872341706730056 0.48236450722462887
0 0.7955605285934424 0.48727214006185504 0.5675524561959889 0.4810142836671764 0.5658521247179311 0.5429666964899369 0.7938601971153846 0.5492245528846156
0 0.7884411490384616 0.5515123605769232 0.5736471995192308 0.5472686514423077 0.5727141825921389 0.5944929979706036 0.7875081321113697 0.5987367071052191
0 0.7894706322115386 0.6104914134615386 0.5747121826923078 0.6082814663461539 0.5740990557586012 0.6678639734227482 0.788857505277832 0.670073920538133
0 0.7922705820676055 0.7245659603065379 0.7903787409774806 0.6656933902073155 0.4885399375 0.675392831730769 0.49043177859012493 0.7342654018299914
0 0.47927623388072066 0.7229117798694743 0.47905853605769233 0.6534448846153845 0.28263903774983856 0.6540604310137883 0.28285673557286695 0.7235273262678781
0 0.26071185668933805 0.3010079508154878 0.23756741806051423 0.26267627366707785 0.09821690512117615 0.3468152843900516 0.12136134374999998 0.38514696153846156
0 0.2912082370801007 0.37453630629104917 0.2439195129450739 0.32117095436303134 0.037054569134204025 0.5044805158604438 0.0843432932692308 0.5578458677884617
0 0.31190973830323354 0.4142296742932456 0.27550049022725925 0.3763036707871809 0.047429343270179766 0.5952536839939354 0.083838591346154 0.6331796875000001
0 0.3397425097447337 0.4390443662003847 0.2977230407247482 0.4039598324844273 0.06869364396078383 0.6782600047455813 0.11071311298076927 0.7133445384615386
0 0.34355136212982235 0.5046048279557518 0.30096004905870244 0.4705595872864708 0.1265166148134955 0.6887919973114882 0.1691079278846154 0.7228372379807693
0 0.7804708004807692 0.8246290432692306 0.7790870120192307 0.745351875 0.5935382284283318 0.7485906418655575 0.5949220168898703 0.8278678101347882
0 0.41997214017425477 0.7589359992155558 0.315449876297212 0.7564070891219737 0.31384635871911115 0.8226819985602641 0.4183686225961539 0.8252109086538462
0 0.9143170336538462 0.15281472836538462 0.9119747454429871 0.04101266428585883 0.19568143509615382 0.05601923317307692 0.19802372330701287 0.1678212972526027