2 1.0528790724224282 0.10222225908213343 0.1076925673182194 0.03185931974113703 0.04212863668688875 0.9125806630323757 0.9873151417910975 0.9829436023733721
0 0.9254159846574195 0.7373008717674707 0.8715373126998459 0.7364828664715011 0.8686268040039649 0.9281862014347996 0.9225054759615384 0.9290042067307692
0 0.871393059319182 0.6890429481880204 0.8186916207440522 0.688627751646232 0.8168529375000001 0.9220142139423076 0.8695543760751299 0.9224294104840959
0 0.8219624371265487 0.7154785695824715 0.7768863798868773 0.7136418631046558 0.768156687952636 0.9278840940029537 0.8132327451923076 0.9297208004807693
0 0.780565391826923 0.68962690625 0.7312636004694172 0.6852540006646721 0.7111221754807693 0.9123360432692308 0.7604239668382752 0.9167089488545587
0 0.7316716638541501 0.5894227809799828 0.6887319856819206 0.5864086144145589 0.6660710093277709 0.9092358406461146 0.7090106875000003 0.9122500072115387
0 0.6850961538461539 0.6586538461538461 0.6490384615384616 0.6586538461538461 0.6490384615384616 0.7259615384615384 0.6850961538461539 0.7259615384615384
0 0.5072115384615384 0.39903846153846156 0.4543269230769231 0.39903846153846156 0.4543269230769231 0.5264423076923077 0.5072115384615384 0.5264423076923077
0 0.4951923076923078 0.6057692307692307 0.43509615384615397 0.6057692307692307 0.43509615384615397 0.8076923076923077 0.4951923076923078 0.8076923076923077
0 0.3100961538461539 0.5504807692307693 0.26201923076923084 0.5504807692307693 0.26201923076923084 0.7524038461538461 0.31009615384615397 0.7524038461538461
0 0.3437500000000001 0.6057692307692307 0.3004807692307693 0.6057692307692307 0.3004807692307693 0.7572115384615384 0.3437500000000001 0.7572115384615384
0 0.3076923076923077 0.37259615384615385 0.19230769230769237 0.37259615384615385 0.19230769230769237 0.5168269230769231 0.3076923076923077 0.5168269230769231
0 0.44711538461538475 0.7860576923076923 0.34855769230769246 0.7860576923076923 0.34855769230769246 0.875 0.44711538461538475 0.875
0 0.40144230769230776 0.5264423076923077 0.34134615384615385 0.5264423076923077 0.3413461538461539 0.625 0.4014423076923078 0.625
0 0.7980769230769231 0.36057692307692324 0.6923076923076923 0.36057692307692324 0.6923076923076923 0.5216346153846155 0.7980769230769231 0.5216346153846155
0 0.972757779037295 0.5433386972928808 0.9325894383984663 0.5233748681276245 0.8745153540727097 0.6402231732385897 0.9146836947115384 0.660187002403846
0 0.9740348219558097 0.4572029028677869 0.9324611184508724 0.4375024236052514 0.8325186041360814 0.6484100062224228 0.8740923076410186 0.6681104854849583
0 0.9396164692959981 0.44724075926253437 0.9086374728852225 0.43172935935109796 0.8203703701923077 0.6080143028846154 0.8513493666030834 0.6235257027960519
0 0.9164811274038462 0.43203652644230783 0.8736695141999363 0.408729853919948 0.7929148847702424 0.557066599813312 0.8357264979741523 0.5803732723356718
0 0.6789096124071361 0.7469827974006107 0.6514522403846156 0.7461206009615384 0.6481602289390183 0.8509574790416969 0.6756176009615387 0.8518196754807692
0 0.6676923052908769 0.5737566286320782 0.6334247312072075 0.5699525718863847 0.6015446518778693 0.8571336139273835 0.6358122259615386 0.860937670673077
0 0.62110925 0.7180343701923076 0.5922102821897618 0.7165541494923993 0.5850583341346154 0.8561846225961538 0.6139573019448537 0.8576648432960622
0 0.633776591346154 0.42857215384615394 0.6035283281204067 0.42507085585348264 0.5534642548076923 0.8575822475961541 0.5837125180334397 0.8610835455888253
0 0.577206855519342 0.5804308726825815 0.5393663683335316 0.5773569701070373 0.5175006017564974 0.846529866655225 0.5553410889423078 0.8496037692307693
0 0.270166057157411 0.5858052620954088 0.23162124838785145 0.581671059255359 0.20474493990384626 0.8322495168269233 0.2432897486734058 0.836383719666973
0 0.19683466826923088 0.726062076923077 0.15921074754188733 0.7243561428038501 0.15407229802265654 0.8376832726115424 0.1916962187500001 0.8393892067307693