2 0.9745101423435839 0.9527449950353144 0.9426803459280731 0.010190549712207534 0.056166720630465565 0.04012786352236767 0.08799651704597637 0.9826823088454746
0 0.30247448939875343 0.14110711375227789 0.2976409371298527 0.08660306106808612 0.10752688221153843 0.10346283894230769 0.11236043448043921 0.15796689162649946
0 0.3440860216346154 0.1963682427884615 0.34124274400878674 0.1438807234402041 0.10737177525878676 0.15654964170943486 0.11021505288461539 0.20903716105769227
0 0.32128072745530967 0.2296183725666222 0.3154383966743906 0.1849905044396768 0.10168455143061944 0.21297348283459305 0.10752688221153847 0.25760135096153847
0 0.3473766081695739 0.2842679831445952 0.34100426255799055 0.23559148432806526 0.10921905342687814 0.2659349867603932 0.11559139903846154 0.31461148557692314
0 0.4408602139423078 0.3230574326923078 0.43603989700816803 0.28046058653524547 0.11559139903846158 0.31672297355769236 0.12041171597260131 0.3593198197147547
0 0.36778846153846156 0.33413461538461536 0.3004807692307693 0.33413461538461536 0.3004807692307693 0.3701923076923077 0.36778846153846156 0.3701923076923077
0 0.6177884615384616 0.5072115384615385 0.49278846153846156 0.5072115384615384 0.49278846153846156 0.5576923076923077 0.6177884615384616 0.5576923076923078
0 0.4110576923076924 0.5288461538461539 0.21153846153846162 0.5288461538461539 0.21153846153846162 0.5841346153846154 0.41105769230769246 0.5841346153846154
0 0.4615384615384617 0.7115384615384616 0.2596153846153847 0.7115384615384616 0.2596153846153847 0.7548076923076923 0.4615384615384617 0.7548076923076923
0 0.4062500000000001 0.6802884615384616 0.2548076923076924 0.6802884615384616 0.2548076923076924 0.71875 0.4062500000000001 0.71875
0 0.6346153846153846 0.7067307692307693 0.4951923076923078 0.7067307692307693 0.4951923076923078 0.8173076923076923 0.6346153846153846 0.8173076923076923
0 0.2283653846153847 0.5769230769230769 0.14182692307692316 0.5769230769230769 0.14182692307692316 0.6730769230769231 0.2283653846153847 0.6730769230769231
0 0.4879807692307694 0.6177884615384616 0.38942307692307704 0.6177884615384616 0.38942307692307704 0.6730769230769231 0.4879807692307694 0.6730769230769231
0 0.6682692307692307 0.2163461538461539 0.5120192307692307 0.2163461538461539 0.5120192307692307 0.3173076923076924 0.6682692307692307 0.31730769230769246
0 0.5146521341619501 0.07959482843741156 0.49421793295684324 0.041020632614207124 0.3763440865384616 0.1034628389423077 0.3967782877435685 0.14203703476551213
0 0.5967741947115383 0.07179054086538467 0.5755039335494334 0.03221272485384045 0.36651863382565036 0.14452745952411788 0.3877888949877554 0.18410527553566208
0 0.6021505384615384 0.09712837740384622 0.5858350365150418 0.06795979849475178 0.4084156807458111 0.16719966387936716 0.4247311826923077 0.1963682427884616
0 0.6263412571989566 0.12985816682067644 0.6010639678814935 0.08890055632860236 0.4524730378567341 0.18060453717762154 0.4777503271741972 0.22156214766969562
0 0.2808354668381455 0.36945165960867493 0.27956989182692304 0.3420608100961538 0.1746624637346164 0.34690798431119746 0.17592803874583882 0.3742988338237186
0 0.4554839041982174 0.36929101179214263 0.44925462632241686 0.33566523679922644 0.1631255610665071 0.388671523084007 0.16935483894230766 0.4222972980769232
0 0.30921793553774013 0.4219630101413834 0.30581323060277676 0.39378816127579996 0.16326196093042128 0.41101434103826284 0.16666666586538464 0.43918918990384626
0 0.6010100184935468 0.4068969306374613 0.5966412351582727 0.37704764867505325 0.1596097118570335 0.441012203614515 0.16397849519230767 0.4708614855769231
0 0.44495699189816273 0.4664266465718728 0.4392611492406987 0.4285577971389057 0.1720430096153846 0.46875 0.17773885227284866 0.5066188494329672
0 0.427611067746922 0.7841864420220321 0.422320766404798 0.7460978424415475 0.16982490538864525 0.7811681576310538 0.17511520673076925 0.8192567572115385
0 0.284508684224141 0.8587392701123834 0.28084198830718077 0.8213941647222968 0.1668402151407321 0.832587327302221 0.1705069110576923 0.8699324326923075