2 0.9851441875000001 0.9894463317307692 0.9433175505471671 0.008201517238283901 0.02116275240384616 0.047509377403846156 0.06298938935667918 1.0287541918963314
0 0.3121016875 0.7562060192307691 0.27873220064676324 0.38132410067291733 0.20616761349586799 0.3877833160073285 0.23953710034910475 0.7626652345651801
0 0.37721375480769226 0.7587814783653847 0.3321771644712493 0.28524726952160206 0.27407134455928284 0.2907735608827436 0.31910793489572586 0.7643077697265261
0 0.42208343269230775 0.7665748365384617 0.394541618152524 0.39244862659903246 0.33835802884615374 0.3965846586538462 0.3658998433859375 0.7707108685932753
0 0.4852569495192308 0.7745811778846154 0.4604276723968802 0.5515582906201123 0.3972389377908805 0.5585931318500275 0.42206821491323104 0.7816160191145305
0 0.5321921225961538 0.7842163774038462 0.5096866877668826 0.4601148604193076 0.46152616826923065 0.4634591009615386 0.4840316030985018 0.787560617946077
0 0.5994014254807692 0.7904518677884613 0.5766373515579842 0.5594579359817229 0.5153750372302539 0.5654952367936079 0.5381391111530389 0.7964891686003465
0 0.6482213381983678 0.7809858926952138 0.629744758454691 0.5663174195635504 0.5828633962178619 0.5703525124452596 0.6013399759615385 0.7850209855769231
0 0.7194418159336079 0.7780719273225174 0.6919094758959748 0.5648805997272035 0.6327866888085208 0.5725159416354554 0.6603190288461539 0.7857072692307694
0 0.7743431457993297 0.7846385593421992 0.7647134684012383 0.4826054066982545 0.7058947836538461 0.4844807139423078 0.7155244610519375 0.7865138665862523
0 0.7525231280353091 0.4709202451137445 0.7405942009831777 0.2749265842756442 0.671435810928638 0.2791358295465151 0.6833647379807692 0.4751294903846154
0 0.3924814014423077 0.1190891225961539 0.3520683357877545 0.09737114559102523 0.2775319977439019 0.23606923530282725 0.31794506339845524 0.2577872123079559
0 0.5626190721153846 0.08107697836538473 0.5058305883478088 0.0346708937200625 0.3362375994472711 0.2422067970586275 0.39302608321484694 0.2886128817039497
0 0.6378364735576922 0.08013439903846163 0.5974346575375279 0.04416754520034051 0.39343040411939423 0.27332693598348984 0.4338322201395585 0.309293789821611
0 0.7196311995192308 0.10653554326923088 0.6822150424787845 0.06444913247253328 0.4227186092284306 0.2951497105007458 0.4601347662688769 0.3372361212974434
0 0.7328493269230769 0.16485935336538465 0.6965447564402568 0.12211435667500092 0.4893840125495382 0.29806200927 0.5256885830323583 0.3408070059603837
0 0.87364171875 0.7754648173076923 0.8728454588844546 0.5888032586994074 0.7935736682069755 0.5891414158746555 0.7943699280725208 0.7758029744829404
0 0.8510560745192308 0.4134573149038462 0.8375841635032081 0.3037775781571749 0.7726945265615343 0.31174794206094114 0.7861664375775571 0.4214276788076124
0 0.2111409783653846 0.9131809230769231 0.18002355497895867 0.19049969127910046 0.06847613701923078 0.19530273317307692 0.09959356040565666 0.9179839649708994