0 0.775301432692308 0.25901546153846167 0.6949029149283573 0.2456406446367983 0.5906649531094159 0.8722344654416223 0.6710634708733666 0.8856092823432855
0 0.6712171105769232 0.36001791826923085 0.6180833392426645 0.3518604081897907 0.5374614811337596 0.8769891952320752 0.5905952524680184 0.8851467053115153
0 0.5467847307692308 0.2925171418269231 0.4813633720569547 0.28975662441010397 0.45596589952695715 0.8916500052114158 0.5213872582392334 0.8944105226282348
0 0.44475055288461535 0.8982077475961538 0.43758897115384615 0.4146928317307692 0.3536469359718707 0.41593613928112033 0.36080851770263983 0.899451055146505
0 0.7968290504807692 0.08074247836538472 0.7211270785554402 0.07453127235009113 0.7086787596153846 0.2262509687500001 0.7843807315407136 0.23246217476529368
0 0.7177379591346154 0.09202863942307701 0.6674790280148143 0.08388891428680371 0.6510946370192309 0.18505473557692315 0.7013535681390319 0.19319446071319643
0 0.6451475745192308 0.16755748076923085 0.5840133731937069 0.16542262793334228 0.5816447169437069 0.23325208466411151 0.6427789182692307 0.2353869375000001
0 0.6606614086538463 0.03629752163461546 0.6216672251777964 0.033020313630960724 0.6137767572115383 0.126905826923077 0.6527709406875883 0.13018303492673172
0 0.38221153846153844 0.06009615384615389 0.3076923076923077 0.06009615384615388 0.3076923076923077 0.26682692307692313 0.38221153846153844 0.26682692307692313
0 0.31490384615384615 0.10576923076923081 0.24759615384615385 0.10576923076923081 0.24759615384615385 0.24278846153846156 0.31490384615384615 0.24278846153846162
2 0.9846040075667583 0.8907902594025583 0.886964117477931 -0.044010622104126124 -0.001309664709600043 0.04876951554592295 0.09633022537922718 0.9835703970526074