0 0.7172486912215178 0.296892977902502 0.7089793293269231 0.21453590144230772 0.09024484964386684 0.27666218796288267 0.09851421153846153 0.35901926442307697
0 0.6169252045781796 0.369532622711801 0.6120801033653847 0.31523642788461537 0.09205412474874364 0.3616407570958914 0.09689922596153845 0.415936951923077
0 0.6847545216346156 0.4422066538461539 0.08404314145164976 0.4378288328338555 0.083564379223509 0.5035231401246252 0.6842757594064748 0.5079009611369236
0 0.5668604639423077 0.5472854639423077 0.08236434134615389 0.5232049038461539 0.07820410995381762 0.6069079394334227 0.5627002325499715 0.6309884995295765
0 0.8898764032844148 0.27627122315533553 0.8866279062499998 0.19921190865384616 0.7412605462348159 0.20533998597927994 0.7445090432692307 0.2823993004807693
0 0.8871334699188758 0.322331422523325 0.8775022978465395 0.27259525292018194 0.7784825226392024 0.29176996020454926 0.7881136947115386 0.34150612980769235
0 0.8058785528846154 0.3480735552884617 0.7380490961538461 0.3480735552884617 0.7380490961538461 0.4093695264423078 0.8058785528846154 0.4093695264423078
0 0.9394291525937367 0.37414091712596304 0.9365315280714092 0.33495060668489807 0.8449705918238262 0.34172037225124274 0.8478682163461537 0.3809106826923077
0 0.9230769230769231 0.6153846153846154 0.7211538461538461 0.6153846153846154 0.7211538461538461 0.6802884615384616 0.9230769230769231 0.6802884615384616
0 0.8822115384615384 0.6802884615384616 0.7475961538461539 0.6802884615384616 0.7475961538461539 0.7451923076923077 0.8822115384615384 0.7451923076923077
2 0.9883720937500005 0.10507881009615397 0.045074863299025145 0.0659262041317429 0.007930158972101867 0.9608473940355892 0.951227389423077 1.0000000000000002