0 0.2836538461538462 0.3076923076923077 0.11298076923076926 0.3076923076923077 0.11298076923076926 0.39663461538461536 0.2836538461538462 0.39663461538461536
0 0.3173076923076923 0.4014423076923077 0.11298076923076926 0.4014423076923077 0.11298076923076929 0.46153846153846156 0.3173076923076923 0.46153846153846156
0 0.3245192307692308 0.4639423076923077 0.108173076923077 0.4639423076923077 0.108173076923077 0.5168269230769231 0.3245192307692308 0.5168269230769231
0 0.3173076923076924 0.5096153846153846 0.108173076923077 0.5096153846153846 0.108173076923077 0.5600961538461539 0.31730769230769246 0.5600961538461539
0 0.3533653846153847 0.5528846153846154 0.11057692307692314 0.5528846153846154 0.11057692307692314 0.6177884615384616 0.35336538461538475 0.6177884615384616
0 0.7764423076923077 0.2836538461538462 0.41586538461538464 0.2836538461538462 0.41586538461538464 0.3942307692307693 0.7764423076923077 0.3942307692307694
0 0.5889423076923077 0.41346153846153855 0.43509615384615385 0.41346153846153844 0.43509615384615385 0.5048076923076924 0.5889423076923077 0.5048076923076924
0 0.6201923076923077 0.5048076923076924 0.4254807692307692 0.5048076923076923 0.4254807692307693 0.6009615384615385 0.6201923076923077 0.6009615384615385
0 0.591346153846154 0.625 0.4134615384615386 0.625 0.4134615384615386 0.7067307692307693 0.591346153846154 0.7067307692307693
0 0.5024038461538463 0.7235576923076923 0.40384615384615397 0.7235576923076923 0.40384615384615397 0.8197115384615384 0.5024038461538463 0.8197115384615384
0 0.8365384615384616 0.39182692307692324 0.7451923076923077 0.39182692307692324 0.7451923076923077 0.4615384615384617 0.8365384615384616 0.4615384615384617
0 0.8341346153846154 0.46634615384615397 0.7427884615384616 0.46634615384615397 0.7427884615384616 0.5216346153846155 0.8341346153846154 0.5216346153846155
0 0.8605769230769231 0.5552884615384617 0.7139423076923077 0.5552884615384617 0.7139423076923077 0.6153846153846154 0.8605769230769231 0.6153846153846154
0 0.7932692307692307 0.6129807692307694 0.7524038461538461 0.6129807692307694 0.7524038461538461 0.65625 0.7932692307692307 0.65625
0 0.9447115384615384 0.30288461538461553 0.8413461538461539 0.30288461538461553 0.8413461538461539 0.3557692307692309 0.9447115384615384 0.3557692307692309
0 0.9038461538461539 0.35336538461538475 0.8581730769230769 0.35336538461538475 0.8581730769230769 0.4014423076923078 0.9038461538461539 0.4014423076923078
0 0.9447115384615384 0.3990384615384617 0.8581730769230769 0.3990384615384617 0.8581730769230769 0.4302884615384617 0.9447115384615384 0.4302884615384617
0 0.9471153846153846 0.4326923076923078 0.8581730769230769 0.4326923076923078 0.8581730769230769 0.4639423076923078 0.9471153846153846 0.4639423076923078
0 0.9471153846153846 0.46634615384615397 0.8533653846153846 0.46634615384615397 0.8533653846153846 0.4951923076923078 0.9471153846153846 0.4951923076923078
0 0.9278846153846154 0.49038461538461553 0.8485576923076923 0.49038461538461553 0.8485576923076923 0.5240384615384617 0.9278846153846154 0.5240384615384617
0 0.9350961538461539 0.5264423076923078 0.8581730769230769 0.5264423076923078 0.8581730769230769 0.5625000000000001 0.9350961538461539 0.5625000000000001
1 0.8221153846153846 0.3653846153846155 0.5528846153846154 0.36538461538461536 0.5528846153846154 0.9471153846153846 0.8221153846153846 0.9471153846153846
2 0.9727356357391818 0.9407574115670795 0.9700960457074188 0.07675088910819473 0.045495906249999996 0.07957559615384616 0.048135496281762905 0.9435821186127311