0 0.3629807692307694 0.7980769230769231 0.2692307692307693 0.7980769230769231 0.26923076923076933 0.9158653846153846 0.3629807692307694 0.9158653846153846
0 0.4302884615384617 0.7788461538461539 0.36538461538461553 0.7788461538461539 0.36538461538461553 0.9182692307692307 0.4302884615384617 0.9182692307692307
0 0.48557692307692324 0.7716346153846154 0.4254807692307694 0.7716346153846154 0.4254807692307694 0.9134615384615384 0.48557692307692324 0.9134615384615384
0 0.5336538461538463 0.7764423076923077 0.48557692307692324 0.7764423076923077 0.48557692307692324 0.9254807692307693 0.5336538461538463 0.9254807692307693
0 0.5937500000000001 0.7596153846153846 0.5264423076923078 0.7596153846153846 0.5264423076923078 0.9254807692307693 0.5937500000000001 0.9254807692307693
0 0.36057692307692313 0.35096153846153844 0.24278846153846162 0.35096153846153844 0.24278846153846162 0.7043269230769231 0.36057692307692324 0.7043269230769231
0 0.5000000000000001 0.5600961538461539 0.3942307692307694 0.5600961538461539 0.3942307692307694 0.6899038461538461 0.5000000000000001 0.6899038461538461
0 0.6105769230769231 0.5192307692307693 0.5072115384615384 0.5192307692307693 0.5072115384615385 0.7043269230769231 0.6105769230769232 0.7043269230769231
0 0.7355769230769231 0.5168269230769232 0.6298076923076923 0.5168269230769232 0.6298076923076923 0.7235576923076923 0.7355769230769231 0.7235576923076923
0 0.8317307692307693 0.6418269230769231 0.7355769230769231 0.6418269230769231 0.7355769230769231 0.7259615384615384 0.8317307692307693 0.7259615384615384
0 0.46153846153846156 0.26201923076923084 0.37259615384615385 0.26201923076923084 0.37259615384615385 0.4519230769230769 0.46153846153846156 0.4519230769230769
0 0.5360576923076923 0.26682692307692313 0.46153846153846156 0.26682692307692313 0.46153846153846156 0.46634615384615385 0.5360576923076923 0.46634615384615385
0 0.5889423076923077 0.3942307692307693 0.5264423076923077 0.3942307692307692 0.5264423076923077 0.45432692307692313 0.5889423076923077 0.45432692307692324
0 0.6754807692307693 0.22355769230769237 0.6033653846153846 0.22355769230769237 0.6033653846153846 0.4639423076923078 0.6754807692307693 0.4639423076923078
0 0.7355769230769231 0.32932692307692324 0.6706730769230769 0.32932692307692324 0.6706730769230769 0.4759615384615386 0.7355769230769231 0.4759615384615386
0 0.31490384615384615 0.08653846153846158 0.23317307692307693 0.08653846153846158 0.23317307692307693 0.2307692307692308 0.31490384615384615 0.23076923076923084
0 0.37740384615384615 0.15625000000000006 0.31490384615384615 0.15625000000000006 0.31490384615384615 0.2163461538461539 0.37740384615384615 0.2163461538461539
0 0.43028846153846156 0.0913461538461539 0.375 0.09134615384615388 0.375 0.22596153846153852 0.43028846153846156 0.22596153846153852
0 0.4855769230769231 0.07211538461538466 0.4326923076923077 0.07211538461538466 0.4326923076923077 0.2283653846153847 0.4855769230769231 0.2283653846153847
0 0.5240384615384616 0.09375000000000007 0.4807692307692308 0.09375000000000007 0.4807692307692308 0.22115384615384623 0.5240384615384616 0.22115384615384623
0 0.5600961538461539 0.1346153846153847 0.5216346153846154 0.1346153846153847 0.5216346153846154 0.20432692307692316 0.5600961538461539 0.20432692307692316
0 0.6274038461538461 0.12019230769230776 0.5576923076923077 0.12019230769230776 0.5576923076923077 0.23317307692307698 0.6274038461538461 0.23317307692307698
2 0.9107657564103473 0.08400677829920865 0.11373737797938849 0.047500518996582336 0.07266426682692319 0.9442353749999999 0.869692645257882 0.9807416343026263