0 0.39663461538461536 0.09134615384615388 0.31009615384615385 0.09134615384615388 0.31009615384615385 0.264423076923077 0.39663461538461536 0.264423076923077
0 0.46153846153846156 0.08653846153846159 0.4014423076923077 0.08653846153846158 0.4014423076923077 0.29326923076923084 0.46153846153846156 0.29326923076923084
0 0.5168269230769231 0.07932692307692314 0.4639423076923077 0.07932692307692314 0.4639423076923077 0.29807692307692313 0.5168269230769231 0.29807692307692313
0 0.5600961538461539 0.07451923076923084 0.5120192307692307 0.07451923076923084 0.5120192307692307 0.28846153846153855 0.5600961538461539 0.28846153846153855
0 0.6177884615384616 0.07451923076923084 0.5528846153846154 0.07451923076923084 0.5528846153846154 0.3221153846153847 0.6177884615384616 0.32211538461538475
0 0.3990384615384616 0.3918269230769231 0.2860576923076924 0.3918269230769231 0.2860576923076924 0.7596153846153846 0.3990384615384617 0.7596153846153846
0 0.5072115384615385 0.40625 0.41586538461538464 0.40625 0.4158653846153847 0.5649038461538461 0.5072115384615385 0.5649038461538461
0 0.6057692307692308 0.389423076923077 0.5072115384615384 0.3894230769230769 0.5072115384615385 0.591346153846154 0.605769230769231 0.591346153846154
0 0.7091346153846154 0.37259615384615397 0.6274038461538461 0.37259615384615397 0.6274038461538461 0.5552884615384617 0.7091346153846154 0.5552884615384617
0 0.8221153846153846 0.3557692307692309 0.7235576923076923 0.3557692307692309 0.7235576923076923 0.4615384615384617 0.8221153846153846 0.4615384615384617
0 0.46634615384615397 0.71875 0.39663461538461553 0.71875 0.39663461538461553 0.8125 0.46634615384615397 0.8125
0 0.5264423076923078 0.7115384615384616 0.4711538461538463 0.7115384615384616 0.4711538461538463 0.8052884615384616 0.5264423076923078 0.8052884615384616
0 0.6201923076923077 0.6778846153846154 0.560096153846154 0.6778846153846154 0.560096153846154 0.8269230769230769 0.6201923076923077 0.8269230769230769
0 0.6610576923076923 0.7139423076923077 0.6177884615384616 0.7139423076923077 0.6177884615384616 0.7572115384615384 0.6610576923076923 0.7572115384615384
0 0.36057692307692324 0.8221153846153846 0.3076923076923078 0.8221153846153846 0.3076923076923078 0.9254807692307693 0.36057692307692324 0.9254807692307693
0 0.4062500000000001 0.8341346153846154 0.35817307692307704 0.8341346153846154 0.35817307692307704 0.8822115384615384 0.4062500000000001 0.8822115384615384
0 0.43509615384615397 0.8317307692307693 0.4062500000000001 0.8317307692307693 0.4062500000000001 0.9206730769230769 0.43509615384615397 0.9206730769230769
0 0.4711538461538463 0.8317307692307693 0.4375000000000001 0.8317307692307693 0.4375000000000001 0.9206730769230769 0.4711538461538463 0.9206730769230769
0 0.5000000000000001 0.8245192307692307 0.4711538461538463 0.8245192307692307 0.4711538461538463 0.9206730769230769 0.5000000000000001 0.9206730769230769
0 0.528846153846154 0.8173076923076923 0.4951923076923078 0.8173076923076923 0.4951923076923078 0.8990384615384616 0.528846153846154 0.8990384615384616
0 0.5673076923076924 0.8245192307692307 0.5312500000000001 0.8245192307692307 0.5312500000000001 0.9038461538461539 0.5673076923076924 0.9038461538461539
1 0.9519230769230769 0.4975961538461539 0.36778846153846156 0.49759615384615385 0.3677884615384616 0.8004807692307693 0.9519230769230769 0.8004807692307693
2 0.9940161881142889 0.9153158618493412 0.9431281031011145 -0.006781393071587367 0.07984028365384613 0.04086115625000001 0.13072836866702067 0.9629584111709286