0 0.21153846153846162 0.2860576923076923 0.09375000000000003 0.2860576923076923 0.09375000000000003 0.37740384615384615 0.21153846153846162 0.37740384615384615
0 0.23317307692307698 0.38221153846153844 0.09375000000000003 0.38221153846153844 0.09375000000000006 0.44471153846153844 0.23317307692307698 0.44471153846153844
0 0.24038461538461545 0.4423076923076923 0.10336538461538468 0.4423076923076923 0.10336538461538468 0.5 0.24038461538461545 0.5
0 0.2379807692307693 0.5024038461538461 0.09134615384615391 0.5024038461538461 0.09134615384615391 0.5480769230769231 0.2379807692307693 0.5480769230769231
0 0.25721153846153855 0.5432692307692307 0.09134615384615391 0.5432692307692307 0.09134615384615391 0.6057692307692307 0.25721153846153855 0.6057692307692307
0 0.6586538461538461 0.25721153846153855 0.30528846153846156 0.25721153846153855 0.30528846153846156 0.3653846153846155 0.6586538461538461 0.36538461538461553
0 0.4519230769230769 0.40625 0.3245192307692308 0.40625 0.3245192307692308 0.5096153846153846 0.4519230769230769 0.5096153846153846
0 0.4975961538461539 0.5192307692307693 0.31490384615384615 0.5192307692307693 0.3149038461538462 0.6201923076923077 0.49759615384615397 0.6201923076923077
0 0.5024038461538463 0.6442307692307693 0.29807692307692313 0.6442307692307693 0.29807692307692313 0.7451923076923077 0.5024038461538463 0.7451923076923077
0 0.37980769230769246 0.7475961538461539 0.29807692307692313 0.7475961538461539 0.2980769230769232 0.84375 0.37980769230769246 0.84375
0 0.75 0.37980769230769246 0.5625 0.37980769230769246 0.5625 0.46634615384615397 0.75 0.46634615384615397
0 0.7475961538461539 0.46875000000000006 0.5504807692307693 0.46875 0.5504807692307693 0.5408653846153847 0.7475961538461539 0.5408653846153848
0 0.6201923076923077 0.5336538461538463 0.5649038461538461 0.5336538461538463 0.5649038461538463 0.5961538461538463 0.6201923076923077 0.5961538461538463
0 0.7956730769230769 0.6105769230769231 0.5576923076923078 0.6105769230769231 0.5576923076923078 0.6778846153846154 0.7956730769230769 0.6778846153846154
0 0.6923076923076923 0.6778846153846154 0.5456730769230771 0.6778846153846154 0.5456730769230771 0.7403846153846154 0.6923076923076923 0.7403846153846154
0 0.9206730769230769 0.23798076923076933 0.7788461538461539 0.2379807692307693 0.7788461538461539 0.31730769230769246 0.9206730769230769 0.31730769230769246
0 0.8533653846153846 0.3197115384615386 0.7956730769230769 0.3197115384615386 0.7956730769230769 0.3822115384615386 0.8533653846153846 0.3822115384615386
0 0.9206730769230769 0.37980769230769246 0.7860576923076923 0.37980769230769246 0.7860576923076923 0.4302884615384617 0.9206730769230769 0.4302884615384617
0 0.9399038461538461 0.4375000000000001 0.7860576923076923 0.4375000000000001 0.7860576923076923 0.48557692307692324 0.9399038461538461 0.48557692307692324
0 0.9206730769230769 0.48557692307692324 0.7932692307692307 0.48557692307692324 0.7932692307692307 0.5264423076923078 0.9206730769230769 0.5264423076923078
0 0.8798076923076923 0.5240384615384617 0.8125 0.5240384615384617 0.8125 0.5625000000000001 0.8798076923076923 0.5625000000000001
0 0.8966346153846154 0.5625000000000001 0.7860576923076923 0.5625000000000001 0.7860576923076923 0.6298076923076923 0.8966346153846154 0.6298076923076923
2 0.9560053303160648 0.10408477416137084 0.05835718990384616 0.08910070432692309 0.04487553266470465 0.8967440671847833 0.9425236730769233 0.9117281370192309