0 0.4182692307692308 0.11538461538461542 0.3173076923076923 0.11538461538461542 0.3173076923076923 0.2836538461538462 0.4182692307692308 0.2836538461538462
0 0.4855769230769231 0.11538461538461543 0.40865384615384615 0.11538461538461542 0.40865384615384615 0.31971153846153844 0.4855769230769231 0.31971153846153844
0 0.5432692307692307 0.11057692307692314 0.47115384615384615 0.11057692307692314 0.47115384615384615 0.3269230769230769 0.5432692307692307 0.3269230769230769
0 0.5841346153846154 0.11057692307692314 0.5192307692307693 0.11057692307692314 0.5192307692307693 0.3221153846153847 0.5841346153846154 0.32211538461538475
0 0.6442307692307693 0.1129807692307693 0.5600961538461539 0.1129807692307693 0.5600961538461539 0.3557692307692309 0.6442307692307693 0.3557692307692309
0 0.4567307692307693 0.41586538461538464 0.3173076923076923 0.41586538461538464 0.3173076923076924 0.7764423076923077 0.4567307692307694 0.7764423076923077
0 0.5504807692307693 0.4375 0.44711538461538464 0.4375 0.4471153846153847 0.5913461538461539 0.5504807692307694 0.5913461538461539
0 0.6514423076923077 0.4278846153846155 0.5384615384615384 0.42788461538461536 0.5384615384615385 0.6225961538461539 0.6514423076923077 0.6225961538461539
0 0.7548076923076923 0.4182692307692309 0.6586538461538461 0.4182692307692309 0.6586538461538461 0.5961538461538463 0.7548076923076923 0.5961538461538463
0 0.8605769230769231 0.4062500000000001 0.7548076923076923 0.4062500000000001 0.7548076923076923 0.5072115384615385 0.8605769230769231 0.5072115384615385
0 0.528846153846154 0.7475961538461539 0.45432692307692324 0.7475961538461539 0.45432692307692324 0.8389423076923077 0.528846153846154 0.8389423076923077
0 0.5889423076923078 0.7451923076923077 0.5264423076923078 0.7451923076923077 0.5264423076923078 0.8365384615384616 0.5889423076923078 0.8365384615384616
0 0.6850961538461539 0.7163461538461539 0.6129807692307694 0.7163461538461539 0.6129807692307694 0.8629807692307693 0.6850961538461539 0.8629807692307693
0 0.7211538461538461 0.7548076923076923 0.6754807692307693 0.7548076923076923 0.6754807692307693 0.7980769230769231 0.7211538461538461 0.7980769230769231
0 0.4326923076923078 0.84375 0.3701923076923078 0.84375 0.3701923076923078 0.9447115384615384 0.4326923076923078 0.9447115384615384
0 0.4759615384615386 0.8581730769230769 0.42307692307692324 0.8581730769230769 0.42307692307692324 0.9038461538461539 0.4759615384615386 0.9038461538461539
0 0.5072115384615385 0.8581730769230769 0.4711538461538463 0.8581730769230769 0.4711538461538463 0.9471153846153846 0.5072115384615385 0.9471153846153846
0 0.543269230769231 0.8629807692307693 0.5024038461538463 0.8629807692307693 0.5024038461538463 0.9495192307692307 0.543269230769231 0.9495192307692307
0 0.5721153846153848 0.8557692307692307 0.5360576923076924 0.8557692307692307 0.5360576923076924 0.9519230769230769 0.5721153846153848 0.9519230769230769
0 0.5985576923076924 0.8509615384615384 0.560096153846154 0.8509615384615384 0.560096153846154 0.9302884615384616 0.5985576923076924 0.9302884615384616
0 0.6370192307692307 0.8605769230769231 0.5961538461538463 0.8605769230769231 0.5961538461538463 0.9375 0.6370192307692307 0.9375
1 1 0.5552884615384616 0.4110576923076923 0.5552884615384616 0.4110576923076924 0.8269230769230769 1 0.8269230769230769
2 0.9486147427884616 0.06766708894230772 0.08328939423076924 0.04595886298076925 0.06021917583855871 0.9655754547239925 0.9255445243962511 0.9872836806855312