1 0.5024038461538463 0.009615384615384658 0.20192307692307693 0.00961538461538464 0.20192307692307696 0.6466346153846154 0.5024038461538463 0.6466346153846154
0 0.9182692307692307 0.6009615384615385 0.8269230769230769 0.6009615384615385 0.8269230769230769 0.6730769230769231 0.9182692307692307 0.6730769230769231
0 0.9230769230769231 0.5480769230769232 0.7956730769230769 0.5480769230769232 0.7956730769230769 0.5961538461538463 0.9230769230769231 0.5961538461538463
0 0.9278846153846154 0.5024038461538463 0.8052884615384616 0.5024038461538463 0.8052884615384616 0.5480769230769232 0.9278846153846154 0.5480769230769232
0 0.9302884615384616 0.4711538461538463 0.8125 0.4711538461538463 0.8125 0.5168269230769232 0.9302884615384616 0.5168269230769232
0 0.9206730769230769 0.4182692307692309 0.7980769230769231 0.4182692307692309 0.7980769230769231 0.47355769230769246 0.9206730769230769 0.47355769230769246
0 0.7451923076923077 0.625 0.4014423076923078 0.625 0.4014423076923078 0.7331730769230769 0.7451923076923077 0.7331730769230769
0 0.7475961538461539 0.5000000000000001 0.6081730769230769 0.5000000000000001 0.608173076923077 0.591346153846154 0.7475961538461539 0.591346153846154
0 0.7524038461538461 0.4134615384615386 0.5745192307692307 0.4134615384615386 0.5745192307692307 0.49038461538461553 0.7524038461538461 0.49038461538461553
0 0.7644230769230769 0.29807692307692313 0.5745192307692307 0.29807692307692313 0.5745192307692307 0.3942307692307694 0.7644230769230769 0.3942307692307694
0 0.7692307692307693 0.21153846153846162 0.6995192307692307 0.21153846153846162 0.6995192307692307 0.2908653846153847 0.7692307692307693 0.2908653846153847
0 0.514423076923077 0.5576923076923077 0.34375 0.5576923076923077 0.34375000000000006 0.6274038461538461 0.5144230769230771 0.6274038461538461
0 0.5360576923076923 0.47596153846153844 0.35096153846153844 0.47596153846153844 0.35096153846153844 0.5456730769230769 0.5360576923076923 0.5456730769230769
0 0.5096153846153846 0.43028846153846156 0.43990384615384615 0.43028846153846156 0.43990384615384615 0.49278846153846156 0.5096153846153846 0.49278846153846156
0 0.5336538461538461 0.34375 0.39903846153846156 0.34375 0.39903846153846156 0.41586538461538464 0.5336538461538461 0.41586538461538464
0 0.26682692307692313 0.7067307692307693 0.06490384615384624 0.7067307692307693 0.06490384615384624 0.8028846153846154 0.26682692307692313 0.8028846153846154
0 0.2379807692307693 0.6394230769230769 0.16826923076923084 0.6394230769230769 0.16826923076923084 0.7235576923076923 0.2379807692307693 0.7235576923076923
0 0.2596153846153847 0.5889423076923077 0.07211538461538468 0.5889423076923077 0.07211538461538469 0.6490384615384616 0.2596153846153847 0.6490384615384616
0 0.2475961538461539 0.5408653846153846 0.055288461538461606 0.5408653846153846 0.055288461538461606 0.5961538461538461 0.2475961538461539 0.5961538461538461
0 0.2548076923076924 0.49759615384615385 0.08413461538461545 0.49759615384615385 0.08413461538461545 0.5456730769230769 0.2548076923076924 0.5456730769230769
0 0.26201923076923084 0.4543269230769231 0.14182692307692316 0.4543269230769231 0.14182692307692316 0.5024038461538461 0.26201923076923084 0.5024038461538461
0 0.2596153846153847 0.3894230769230769 0.10817307692307696 0.3894230769230769 0.10817307692307697 0.4567307692307692 0.2596153846153847 0.4567307692307692
2 0.9616059180142542 0.10871258009753401 0.04815899984294096 0.07869298880434902 0.019921026442307796 0.9379281971153848 0.933367944613621 0.9679477884085698