0 0.7475961538461539 0.09134615384615394 0.6370192307692307 0.09134615384615391 0.6370192307692307 0.26682692307692313 0.7475961538461539 0.26682692307692313
0 0.6490384615384616 0.0865384615384616 0.5721153846153846 0.0865384615384616 0.5721153846153846 0.2908653846153847 0.6490384615384616 0.2908653846153847
0 0.5841346153846154 0.09855769230769237 0.5168269230769231 0.09855769230769237 0.5168269230769231 0.3052884615384616 0.5841346153846154 0.3052884615384616
0 0.5333721466346154 0.30282118028846156 0.509942833990523 0.08838828816360757 0.44694718509615383 0.09527130288461537 0.47037649774024626 0.30970419500946933
0 0.4932421658653846 0.3337341971153847 0.4618661334740742 0.09594231538617316 0.40490759203425125 0.10345784967683833 0.4362836244255617 0.34124973140604986
0 0.8028846153846154 0.3750000000000001 0.6706730769230769 0.3750000000000001 0.6706730769230769 0.7283653846153846 0.8028846153846154 0.7283653846153846
0 0.65625 0.4038461538461539 0.5528846153846154 0.40384615384615385 0.5528846153846154 0.545673076923077 0.65625 0.5456730769230771
0 0.5697115384615385 0.3990384615384616 0.44711538461538464 0.39903846153846156 0.4471153846153847 0.6057692307692308 0.5697115384615385 0.605769230769231
0 0.43269230769230776 0.38461538461538464 0.34134615384615385 0.38461538461538464 0.3413461538461539 0.5697115384615384 0.4326923076923078 0.5697115384615384
0 0.3293269230769231 0.38221153846153844 0.21875000000000006 0.38221153846153844 0.21875000000000006 0.47596153846153844 0.3293269230769231 0.47596153846153844
0 0.6923076923076923 0.6490384615384616 0.6274038461538461 0.6490384615384616 0.6274038461538461 0.8076923076923077 0.6923076923076923 0.8076923076923077
0 0.6322115384615384 0.6274038461538461 0.5528846153846155 0.6274038461538461 0.5528846153846155 0.8100961538461539 0.6322115384615384 0.8100961538461539
0 0.8389423076923077 0.8004807692307693 0.7067307692307693 0.8004807692307693 0.7067307692307693 0.9278846153846154 0.8389423076923077 0.9278846153846154
0 0.7331730769230769 0.8100961538461539 0.6658653846153846 0.8100961538461539 0.6658653846153846 0.9230769230769231 0.7331730769230769 0.9230769230769231
0 0.6778846153846154 0.8269230769230769 0.6274038461538461 0.8269230769230769 0.6274038461538461 0.9375 0.6778846153846154 0.9375
0 0.6442307692307693 0.8125 0.6009615384615385 0.8125 0.6009615384615385 0.9038461538461539 0.6442307692307693 0.9038461538461539
0 0.6105769230769232 0.8221153846153846 0.5096153846153848 0.8221153846153846 0.5096153846153848 0.9254807692307693 0.6105769230769232 0.9254807692307693
1 0.6971153846153846 0.528846153846154 0.11057692307692314 0.5288461538461539 0.11057692307692316 0.8149038461538461 0.6971153846153846 0.8149038461538461
2 0.9722088086805025 0.9335132114930198 0.9365855072115384 0.03020402403846154 0.08164768816193482 0.06391973078450285 0.11727098963089896 0.9672289182390611