1 0.7764423076923077 0.3533653846153847 0.4951923076923077 0.35336538461538464 0.49519230769230776 0.9855769230769231 0.7764423076923077 0.9855769230769231
0 0.14903846153846156 0.32211538461538464 0.06009615384615388 0.32211538461538464 0.06009615384615389 0.3942307692307692 0.14903846153846156 0.3942307692307692
0 0.18269230769230776 0.4014423076923077 0.057692307692307744 0.4014423076923077 0.057692307692307744 0.44711538461538464 0.18269230769230776 0.44711538461538464
0 0.17307692307692316 0.4495192307692308 0.05528846153846159 0.4495192307692308 0.0552884615384616 0.49278846153846156 0.17307692307692316 0.49278846153846156
0 0.17067307692307698 0.47836538461538464 0.05528846153846159 0.47836538461538464 0.0552884615384616 0.5240384615384616 0.17067307692307698 0.5240384615384616
0 0.1850961538461539 0.5216346153846154 0.06490384615384623 0.5216346153846154 0.06490384615384623 0.5769230769230769 0.1850961538461539 0.5769230769230769
0 0.5721153846153846 0.264423076923077 0.23317307692307693 0.2644230769230769 0.23317307692307696 0.3725961538461539 0.5721153846153846 0.37259615384615397
0 0.3701923076923077 0.40625 0.23557692307692316 0.40625 0.23557692307692316 0.49759615384615385 0.3701923076923077 0.49759615384615385
0 0.4086538461538462 0.5072115384615384 0.23317307692307698 0.5072115384615384 0.23317307692307698 0.5817307692307693 0.4086538461538463 0.5817307692307693
0 0.41105769230769246 0.6009615384615384 0.22596153846153852 0.6009615384615384 0.22596153846153852 0.6995192307692307 0.41105769230769246 0.6995192307692307
0 0.28846153846153855 0.7067307692307693 0.22355769230769237 0.7067307692307693 0.22355769230769237 0.7860576923076923 0.28846153846153855 0.7860576923076923
0 0.6346153846153846 0.37019230769230776 0.4639423076923077 0.3701923076923077 0.4639423076923077 0.4399038461538462 0.6346153846153846 0.4399038461538463
0 0.6322115384615384 0.45432692307692313 0.44711538461538464 0.4543269230769231 0.44711538461538464 0.5192307692307693 0.6322115384615384 0.5192307692307694
0 0.5432692307692308 0.5048076923076923 0.4735576923076923 0.5048076923076923 0.4735576923076924 0.5649038461538461 0.543269230769231 0.5649038461538461
0 0.5865384615384617 0.5817307692307693 0.45432692307692324 0.5817307692307693 0.45432692307692324 0.6538461538461539 0.5865384615384617 0.6538461538461539
0 0.90625 0.19711538461538472 0.7091346153846154 0.1971153846153847 0.7091346153846154 0.2908653846153847 0.90625 0.29086538461538475
0 0.8076923076923077 0.27644230769230776 0.7403846153846154 0.27644230769230776 0.7403846153846154 0.35817307692307704 0.8076923076923077 0.35817307692307704
0 0.90625 0.3509615384615386 0.71875 0.3509615384615386 0.71875 0.4086538461538463 0.90625 0.4086538461538463
0 0.9254807692307693 0.40384615384615397 0.7355769230769231 0.40384615384615397 0.7355769230769231 0.45913461538461553 0.9254807692307693 0.45913461538461553
0 0.8966346153846154 0.45192307692307704 0.7283653846153846 0.45192307692307704 0.7283653846153846 0.5024038461538463 0.8966346153846154 0.5024038461538463
0 0.8413461538461539 0.49759615384615397 0.7211538461538461 0.49759615384615397 0.7211538461538461 0.543269230769231 0.8413461538461539 0.543269230769231
0 0.875 0.543269230769231 0.7259615384615384 0.543269230769231 0.7259615384615384 0.6105769230769232 0.875 0.6105769230769232
2 0.9473150961538461 0.06176529086538474 0.03451695710261598 0.04964954904367548 0.023118781621846714 0.9083863495244446 0.9359169206730769 0.920502091346154