0 0.2067307692307693 0.28846153846153844 0.08413461538461542 0.28846153846153844 0.08413461538461542 0.375 0.2067307692307693 0.375
0 0.2379807692307693 0.3870192307692308 0.08173076923076926 0.3870192307692308 0.08173076923076929 0.44471153846153844 0.2379807692307693 0.44471153846153844
0 0.23076923076923084 0.4495192307692308 0.08894230769230776 0.4495192307692308 0.08894230769230776 0.5048076923076923 0.23076923076923084 0.5048076923076923
0 0.23557692307692316 0.4951923076923077 0.07932692307692314 0.4951923076923077 0.07932692307692314 0.5504807692307693 0.23557692307692316 0.5504807692307693
0 0.24278846153846162 0.5384615384615384 0.07932692307692314 0.5384615384615384 0.07932692307692314 0.6153846153846154 0.24278846153846162 0.6153846153846154
0 0.6634615384615384 0.26201923076923084 0.3004807692307692 0.26201923076923084 0.3004807692307693 0.3774038461538462 0.6634615384615384 0.3774038461538463
0 0.45913461538461536 0.4014423076923077 0.31971153846153844 0.4014423076923077 0.31971153846153844 0.5096153846153846 0.45913461538461536 0.5096153846153846
0 0.49519230769230776 0.5168269230769231 0.3076923076923077 0.5168269230769231 0.30769230769230776 0.6153846153846154 0.4951923076923078 0.6153846153846154
0 0.49759615384615397 0.6370192307692307 0.29807692307692313 0.6370192307692307 0.29807692307692313 0.7451923076923077 0.49759615384615397 0.7451923076923077
0 0.36538461538461553 0.7427884615384616 0.28846153846153855 0.7427884615384616 0.28846153846153855 0.8461538461538461 0.36538461538461553 0.8461538461538461
0 0.75 0.3774038461538463 0.5600961538461539 0.3774038461538463 0.5600961538461539 0.4639423076923078 0.75 0.4639423076923078
0 0.7451923076923077 0.4711538461538462 0.5408653846153846 0.47115384615384615 0.5408653846153846 0.5480769230769231 0.7451923076923077 0.5480769230769232
0 0.625 0.5360576923076924 0.5600961538461539 0.5360576923076924 0.560096153846154 0.5961538461538463 0.625 0.5961538461538463
0 0.78125 0.6105769230769231 0.5408653846153848 0.6105769230769231 0.5408653846153848 0.6826923076923077 0.78125 0.6826923076923077
0 0.6850961538461539 0.6802884615384616 0.5576923076923078 0.6802884615384616 0.5576923076923078 0.7572115384615384 0.6850961538461539 0.7572115384615384
0 0.9206730769230769 0.23557692307692318 0.7764423076923077 0.23557692307692316 0.7764423076923077 0.3197115384615386 0.9206730769230769 0.3197115384615386
0 0.8605769230769231 0.3149038461538463 0.7884615384615384 0.3149038461538463 0.7884615384615384 0.3870192307692309 0.8605769230769231 0.3870192307692309
0 0.9326923076923077 0.3750000000000001 0.7788461538461539 0.3750000000000001 0.7788461538461539 0.43509615384615397 0.9326923076923077 0.43509615384615397
0 0.9399038461538461 0.43509615384615397 0.7932692307692307 0.43509615384615397 0.7932692307692307 0.47836538461538475 0.9399038461538461 0.47836538461538475
0 0.9182692307692307 0.4807692307692309 0.7860576923076923 0.4807692307692309 0.7860576923076923 0.5312500000000001 0.9182692307692307 0.5312500000000001
0 0.8918269230769231 0.528846153846154 0.78125 0.528846153846154 0.78125 0.5649038461538463 0.8918269230769231 0.5649038461538463
0 0.9038461538461539 0.5721153846153848 0.7884615384615384 0.5721153846153848 0.7884615384615384 0.6346153846153846 0.9038461538461539 0.6346153846153846
2 0.963961428604575 0.11366600464919539 0.05440817307692309 0.08462332211538463 0.028710124280040463 0.889429968908497 0.9382633798076923 0.9184726514423078