0 0.2764423076923077 0.2692307692307692 0.10096153846153849 0.2692307692307692 0.10096153846153849 0.3701923076923077 0.27644230769230776 0.3701923076923077
0 0.295673076923077 0.36538461538461536 0.09615384615384619 0.36538461538461536 0.0961538461538462 0.4326923076923077 0.295673076923077 0.4326923076923077
0 0.31009615384615385 0.4326923076923077 0.10576923076923084 0.4326923076923077 0.10576923076923084 0.49038461538461536 0.31009615384615385 0.49038461538461536
0 0.3154456494941534 0.5226872598136763 0.305178914876615 0.46072153969923524 0.09014403701707699 0.4963494000778666 0.1004107716346154 0.5583151201923077
0 0.34365658968346874 0.5820549409328352 0.33926669711538465 0.5245380480769231 0.10362775406653132 0.5425228451248572 0.10801764663461538 0.6000397379807693
0 0.7355769230769231 0.2379807692307693 0.38461538461538464 0.2379807692307693 0.38461538461538464 0.35096153846153855 0.7355769230769231 0.3509615384615386
0 0.5528846153846154 0.37259615384615385 0.4110576923076923 0.37259615384615385 0.4110576923076923 0.46875 0.5528846153846154 0.46875
0 0.6105769230769231 0.46394230769230776 0.40625 0.4639423076923077 0.40625000000000006 0.5721153846153847 0.6105769230769232 0.5721153846153848
0 0.574519230769231 0.5961538461538463 0.38942307692307704 0.5961538461538461 0.38942307692307704 0.6778846153846154 0.574519230769231 0.6778846153846154
0 0.47836538461538475 0.6947115384615384 0.3870192307692309 0.6947115384615384 0.3870192307692309 0.8004807692307693 0.47836538461538475 0.8004807692307693
0 0.8149038461538461 0.3509615384615386 0.65625 0.3509615384615386 0.65625 0.4086538461538463 0.8149038461538461 0.4086538461538463
0 0.8149038461538461 0.41105769230769246 0.6346153846153846 0.41105769230769246 0.6346153846153846 0.4807692307692309 0.8149038461538461 0.4807692307692309
0 0.9350961538461539 0.21153846153846165 0.8100961538461539 0.21153846153846162 0.8100961538461539 0.3365384615384617 0.9350961538461539 0.3365384615384617
0 0.9302884615384616 0.3149038461538463 0.8173076923076923 0.3149038461538463 0.8173076923076923 0.3774038461538463 0.9302884615384616 0.3774038461538463
0 0.9447115384615384 0.37259615384615397 0.8341346153846154 0.37259615384615397 0.8341346153846154 0.41586538461538475 0.9447115384615384 0.41586538461538475
0 0.9110576923076923 0.40384615384615397 0.8197115384615384 0.40384615384615397 0.8197115384615384 0.44230769230769246 0.9110576923076923 0.44230769230769246
0 0.9302884615384616 0.4375000000000001 0.8293269230769231 0.4375000000000001 0.8293269230769231 0.5336538461538463 0.9302884615384616 0.5336538461538463
1 0.8173076923076923 0.3461538461538462 0.5360576923076923 0.34615384615384615 0.5360576923076924 0.9182692307692307 0.8173076923076923 0.9182692307692307
2 0.9669983441075826 0.8972404626417716 0.9432308266201661 0.04053876052765548 0.04107713461538461 0.0655672548076923 0.06484465210280106 0.9222689569218084