0 0.7524038461538461 0.05769230769230778 0.6394230769230769 0.05769230769230778 0.6394230769230769 0.2379807692307693 0.7524038461538461 0.2379807692307693
0 0.65625 0.05769230769230777 0.5745192307692307 0.05769230769230776 0.5745192307692307 0.264423076923077 0.65625 0.264423076923077
0 0.5913461538461539 0.07211538461538468 0.5192307692307693 0.07211538461538468 0.5192307692307693 0.28125000000000006 0.5913461538461539 0.28125000000000006
0 0.5405890048076922 0.2787165024038462 0.5123383326565976 0.06630078546434902 0.4492935528846153 0.07468555769230772 0.4775442250357099 0.2871012746318049
0 0.501170045673077 0.3115741923076923 0.46443232210861246 0.07594666392066753 0.4074311812397011 0.08483396232096974 0.44416890480416565 0.32046149070799446
0 0.8197115384615384 0.34134615384615397 0.6802884615384616 0.34134615384615397 0.6802884615384616 0.6971153846153846 0.8197115384615384 0.6971153846153846
0 0.6682692307692307 0.3750000000000001 0.5625 0.3750000000000001 0.5625 0.5216346153846155 0.6682692307692307 0.5216346153846155
0 0.5841346153846154 0.37500000000000006 0.4567307692307692 0.375 0.4567307692307693 0.5865384615384616 0.5841346153846155 0.5865384615384617
0 0.44711538461538464 0.36538461538461536 0.35096153846153844 0.36538461538461536 0.35096153846153844 0.5552884615384616 0.44711538461538464 0.5552884615384616
0 0.34134615384615385 0.36778846153846156 0.2283653846153847 0.36778846153846156 0.2283653846153847 0.46634615384615385 0.34134615384615385 0.46634615384615385
0 0.7115384615384616 0.6177884615384616 0.6418269230769231 0.6177884615384616 0.6418269230769231 0.78125 0.7115384615384616 0.78125
0 0.6514423076923077 0.5985576923076924 0.5673076923076924 0.5985576923076924 0.5673076923076924 0.7860576923076923 0.6514423076923077 0.7860576923076923
0 0.8605769230769231 0.7620192307692307 0.7259615384615384 0.7620192307692307 0.7259615384615384 0.8966346153846154 0.8605769230769231 0.8966346153846154
0 0.7548076923076923 0.7764423076923077 0.6850961538461539 0.7764423076923077 0.6850961538461539 0.8942307692307693 0.7548076923076923 0.8942307692307693
0 0.6995192307692307 0.7980769230769231 0.6466346153846154 0.7980769230769231 0.6466346153846154 0.9110576923076923 0.6995192307692307 0.9110576923076923
0 0.6658653846153846 0.7836538461538461 0.6201923076923077 0.7836538461538461 0.6201923076923077 0.8774038461538461 0.6658653846153846 0.8774038461538461
0 0.6322115384615384 0.7956730769230769 0.528846153846154 0.7956730769230769 0.528846153846154 0.9038461538461539 0.6322115384615384 0.9038461538461539
1 0.7163461538461539 0.4975961538461539 0.12259615384615391 0.49759615384615385 0.12259615384615394 0.8125 0.7163461538461539 0.8125
2 1.0138856493291974 0.8888176728760044 0.9363282438817575 -0.011258909045451895 0.08303561736824042 0.06226723698374767 0.1605930228156804 0.9623438189052039