1 0.6418269230769231 0.21634615384615388 0.0024038461538461804 0.21634615384615385 0.002403846153846198 0.5024038461538463 0.6418269230769231 0.5024038461538463
0 0.6586538461538461 0.84375 0.5841346153846155 0.84375 0.5841346153846155 0.9326923076923077 0.6586538461538461 0.9326923076923077
0 0.5817307692307694 0.8100961538461539 0.5312500000000001 0.8100961538461539 0.5312500000000001 0.9350961538461539 0.5817307692307694 0.9350961538461539
0 0.5336538461538463 0.8197115384615384 0.48557692307692324 0.8197115384615384 0.48557692307692324 0.9399038461538461 0.5336538461538463 0.9399038461538461
0 0.5024038461538463 0.8245192307692307 0.45432692307692324 0.8245192307692307 0.45432692307692324 0.9399038461538461 0.5024038461538463 0.9399038461538461
0 0.45913461538461553 0.8100961538461539 0.4014423076923078 0.8100961538461539 0.4014423076923078 0.9302884615384616 0.45913461538461553 0.9302884615384616
0 0.7259615384615384 0.4182692307692309 0.6105769230769231 0.4182692307692309 0.6105769230769231 0.7596153846153846 0.7259615384615384 0.7596153846153846
0 0.5793269230769232 0.6225961538461539 0.48557692307692324 0.6225961538461539 0.48557692307692324 0.7596153846153846 0.5793269230769232 0.7596153846153846
0 0.4807692307692309 0.5865384615384616 0.3990384615384617 0.5865384615384616 0.3990384615384617 0.7620192307692307 0.4807692307692309 0.7620192307692307
0 0.38461538461538475 0.5841346153846154 0.2836538461538462 0.5841346153846154 0.2836538461538462 0.7716346153846154 0.38461538461538475 0.7716346153846154
0 0.2788461538461539 0.7067307692307693 0.1971153846153847 0.7067307692307693 0.1971153846153847 0.7740384615384616 0.2788461538461539 0.7740384615384616
0 0.6201923076923077 0.358173076923077 0.5480769230769231 0.3581730769230769 0.5480769230769231 0.528846153846154 0.6201923076923077 0.528846153846154
0 0.5384615384615384 0.3629807692307692 0.46634615384615385 0.3629807692307692 0.46634615384615385 0.5456730769230769 0.5384615384615384 0.5456730769230769
0 0.4855769230769231 0.4519230769230769 0.4206730769230769 0.4519230769230769 0.4206730769230769 0.5192307692307693 0.4855769230769231 0.5192307692307693
0 0.40865384615384615 0.40865384615384615 0.33413461538461536 0.40865384615384615 0.33413461538461536 0.5408653846153846 0.40865384615384615 0.5408653846153846
0 0.8004807692307693 0.08413461538461549 0.7019230769230769 0.08413461538461549 0.7019230769230769 0.2836538461538462 0.8004807692307693 0.2836538461538462
0 0.71875 0.1850961538461539 0.6346153846153846 0.1850961538461539 0.6346153846153846 0.2524038461538462 0.71875 0.2524038461538462
0 0.6466346153846154 0.0865384615384616 0.5841346153846154 0.0865384615384616 0.5841346153846154 0.2740384615384616 0.6466346153846154 0.2740384615384616
0 0.5961538461538461 0.06971153846153853 0.5360576923076923 0.06971153846153853 0.5360576923076923 0.2596153846153847 0.5961538461538461 0.2596153846153847
0 0.5432692307692307 0.09615384615384623 0.49278846153846156 0.09615384615384623 0.49278846153846156 0.26682692307692313 0.5432692307692307 0.26682692307692313
0 0.49759615384615385 0.1538461538461539 0.4495192307692308 0.1538461538461539 0.4495192307692308 0.2740384615384616 0.49759615384615385 0.2740384615384616
0 0.4543269230769231 0.12019230769230774 0.38461538461538464 0.12019230769230772 0.38461538461538464 0.2692307692307693 0.4543269230769231 0.2692307692307693
2 0.9457671238386429 0.9560880815242202 0.9370084543269231 0.04176755528846154 0.07788028784450284 0.049997513451392396 0.08663895735622251 0.9643180396871511