0 0.6875 0.2379807692307693 0.31490384615384615 0.2379807692307693 0.31490384615384615 0.37500000000000006 0.6875 0.3750000000000001
0 0.47836538461538464 0.39903846153846156 0.3245192307692308 0.39903846153846156 0.3245192307692308 0.5048076923076923 0.47836538461538464 0.5048076923076923
0 0.5312500000000001 0.5192307692307693 0.3173076923076923 0.5192307692307693 0.3173076923076924 0.625 0.5312500000000001 0.625
0 0.528846153846154 0.6466346153846154 0.3028846153846155 0.6466346153846154 0.3028846153846155 0.7572115384615384 0.528846153846154 0.7572115384615384
0 0.3774038461538463 0.7620192307692307 0.29326923076923084 0.7620192307692307 0.2932692307692309 0.8798076923076923 0.3774038461538463 0.8798076923076923
1 0.8100961538461539 0.3774038461538463 0.6153846153846154 0.3774038461538463 0.6153846153846154 1 0.8100961538461539 1
0 0.9278846153846154 0.5625000000000001 0.8173076923076923 0.5625000000000001 0.8173076923076923 0.6105769230769232 0.9278846153846154 0.6105769230769232
0 0.9110576923076923 0.5168269230769232 0.8197115384615384 0.5168269230769232 0.8197115384615384 0.5552884615384617 0.9110576923076923 0.5552884615384617
0 0.9423076923076923 0.47836538461538475 0.8100961538461539 0.47836538461538475 0.8100961538461539 0.5168269230769232 0.9423076923076923 0.5168269230769232
0 0.9615384615384616 0.4302884615384617 0.8173076923076923 0.4302884615384617 0.8173076923076923 0.4759615384615386 0.9615384615384616 0.4759615384615386
0 0.9447115384615384 0.3774038461538463 0.8197115384615384 0.3774038461538463 0.8197115384615384 0.4254807692307694 0.9447115384615384 0.4254807692307694
0 0.8798076923076923 0.3125000000000001 0.8197115384615384 0.3125000000000001 0.8197115384615384 0.37259615384615397 0.8798076923076923 0.37259615384615397
0 0.9375 0.23317307692307704 0.8028846153846154 0.23317307692307698 0.8028846153846154 0.3076923076923078 0.9375 0.3076923076923078
0 0.20913461538461545 0.28365384615384615 0.07211538461538465 0.28365384615384615 0.07211538461538466 0.3557692307692308 0.20913461538461545 0.3557692307692308
0 0.21875000000000006 0.3629807692307692 0.06971153846153852 0.3629807692307692 0.06971153846153852 0.42788461538461536 0.21875000000000006 0.42788461538461536
0 0.23317307692307698 0.43990384615384615 0.0649038461538462 0.43990384615384615 0.06490384615384621 0.49759615384615385 0.23317307692307698 0.49759615384615385
0 0.2283653846153847 0.5024038461538461 0.055288461538461606 0.5024038461538461 0.055288461538461606 0.5552884615384616 0.2283653846153847 0.5552884615384616
2 0.9758392101176933 0.06001881815635826 0.02830702581800936 0.05043193593170166 0.019413040865384732 0.9294807019230767 0.9669452251650685 0.9390675841477335