0 0.6346153846153846 0.21634615384615388 0.27163461538461536 0.21634615384615385 0.2716346153846154 0.35096153846153855 0.6346153846153846 0.3509615384615386
0 0.4326923076923077 0.3701923076923077 0.2860576923076924 0.3701923076923077 0.2860576923076924 0.4855769230769231 0.4326923076923077 0.4855769230769231
0 0.4783653846153847 0.49038461538461536 0.2692307692307693 0.49038461538461536 0.2692307692307693 0.59375 0.47836538461538475 0.59375
0 0.4399038461538463 0.6081730769230769 0.2596153846153847 0.6081730769230769 0.2596153846153847 0.7211538461538461 0.4399038461538463 0.7211538461538461
0 0.3389423076923078 0.7259615384615384 0.2548076923076924 0.7259615384615384 0.2548076923076924 0.8245192307692307 0.3389423076923078 0.8245192307692307
0 0.75 0.35817307692307704 0.5793269230769231 0.35817307692307704 0.5793269230769231 0.4302884615384617 0.75 0.4302884615384617
0 0.6850961538461539 0.44711538461538475 0.5625 0.44711538461538475 0.5625 0.5240384615384617 0.6850961538461539 0.5240384615384617
1 0.6754807692307693 0.3173076923076924 0.3870192307692308 0.3173076923076923 0.38701923076923084 0.9807692307692307 0.6754807692307693 0.9807692307692307
0 0.9254807692307693 0.5528846153846155 0.7788461538461539 0.5528846153846155 0.7788461538461539 0.5985576923076924 0.9254807692307693 0.5985576923076924
0 0.8918269230769231 0.5024038461538463 0.7740384615384616 0.5024038461538463 0.7740384615384616 0.543269230769231 0.8918269230769231 0.543269230769231
0 0.9350961538461539 0.4567307692307694 0.7788461538461539 0.4567307692307694 0.7788461538461539 0.5048076923076924 0.9350961538461539 0.5048076923076924
0 0.9519230769230769 0.40384615384615397 0.78125 0.40384615384615397 0.78125 0.45432692307692324 0.9519230769230769 0.45432692307692324
0 0.9399038461538461 0.34134615384615397 0.7716346153846154 0.34134615384615397 0.7716346153846154 0.39663461538461553 0.9399038461538461 0.39663461538461553
0 0.8557692307692307 0.27884615384615397 0.7836538461538461 0.2788461538461539 0.7836538461538461 0.3461538461538463 0.8557692307692307 0.3461538461538463
0 0.9375 0.19711538461538472 0.7596153846153846 0.1971153846153847 0.7596153846153846 0.2764423076923078 0.9375 0.2764423076923078
2 0.9694989110576925 0.05996131490384627 0.039501264813457886 0.05296233767378068 0.032965317698073156 0.9214342920007037 0.9629629639423077 0.9284332692307693
0 0.18269230769230776 0.2932692307692308 0.07451923076923081 0.2932692307692308 0.07451923076923081 0.3605769230769231 0.18269230769230776 0.3605769230769231
0 0.1971153846153847 0.3701923076923077 0.07451923076923082 0.3701923076923077 0.07451923076923082 0.4254807692307692 0.1971153846153847 0.4254807692307692
0 0.2067307692307693 0.43028846153846156 0.06730769230769236 0.43028846153846156 0.06730769230769236 0.47836538461538464 0.2067307692307693 0.47836538461538464
0 0.20192307692307698 0.47596153846153844 0.0649038461538462 0.47596153846153844 0.06490384615384621 0.5360576923076923 0.20192307692307698 0.5360576923076923