1 0.23798076923076933 0.3918269230769231 4.7984958716591e-17 0.3918269230769231 8.463604681607309e-17 0.9903846153846154 0.23798076923076936 0.9903846153846154
0 0.1971153846153847 0.2980769230769231 0.08413461538461542 0.2980769230769231 0.08413461538461542 0.375 0.1971153846153847 0.375
0 0.22115384615384623 0.38461538461538464 0.08413461538461542 0.38461538461538464 0.08413461538461543 0.4423076923076923 0.22115384615384623 0.4423076923076923
0 0.2163461538461539 0.4639423076923077 0.09375000000000007 0.4639423076923077 0.09375000000000007 0.5336538461538461 0.2163461538461539 0.5336538461538461
0 0.24038461538461545 0.53125 0.14182692307692316 0.53125 0.14182692307692316 0.59375 0.24038461538461545 0.59375
0 0.6610576923076923 0.23317307692307698 0.30288461538461536 0.23317307692307698 0.3028846153846154 0.3653846153846155 0.6610576923076923 0.36538461538461553
0 0.44711538461538464 0.3870192307692308 0.3125 0.3870192307692308 0.3125 0.49759615384615385 0.44711538461538464 0.49759615384615385
0 0.4903846153846155 0.5072115384615384 0.3004807692307693 0.5072115384615384 0.3004807692307693 0.6081730769230769 0.49038461538461553 0.6081730769230769
0 0.49759615384615397 0.6201923076923077 0.29326923076923084 0.6201923076923077 0.29326923076923084 0.7548076923076923 0.49759615384615397 0.7548076923076923
0 0.90625 0.5576923076923078 0.7980769230769231 0.5576923076923078 0.7980769230769231 0.6033653846153848 0.90625 0.6033653846153848
0 0.8942307692307693 0.5144230769230771 0.7932692307692307 0.5144230769230771 0.7932692307692307 0.5480769230769232 0.8942307692307693 0.5480769230769232
0 0.9375 0.4687500000000001 0.7860576923076923 0.4687500000000001 0.7860576923076923 0.5096153846153848 0.9375 0.5096153846153848
0 0.9519230769230769 0.42307692307692324 0.7884615384615384 0.42307692307692324 0.7884615384615384 0.4687500000000001 0.9519230769230769 0.4687500000000001
0 0.9399038461538461 0.36538461538461553 0.8004807692307693 0.36538461538461553 0.8004807692307693 0.41586538461538475 0.9399038461538461 0.41586538461538475
0 0.8677884615384616 0.30048076923076933 0.8028846153846154 0.3004807692307693 0.8028846153846154 0.3629807692307694 0.8677884615384616 0.3629807692307694
0 0.9423076923076923 0.23076923076923087 0.7788461538461539 0.23076923076923084 0.7788461538461539 0.3028846153846155 0.9423076923076923 0.30288461538461553
2 0.9688204723552087 0.09871685546773915 0.049148098557692324 0.08230452644230771 0.03467494654249094 0.8933142283272454 0.9543473203400074 0.9097265573526769