0 0.32932692307692313 0.2716346153846154 0.16826923076923078 0.27163461538461536 0.1682692307692308 0.6322115384615384 0.32932692307692324 0.6322115384615384
0 0.4639423076923077 0.2836538461538462 0.33653846153846156 0.2836538461538462 0.33653846153846156 0.43028846153846156 0.4639423076923077 0.43028846153846156
0 0.5721153846153846 0.264423076923077 0.4543269230769231 0.264423076923077 0.4543269230769231 0.47596153846153855 0.5721153846153846 0.4759615384615386
0 0.7019230769230769 0.2548076923076924 0.5745192307692307 0.2548076923076924 0.5745192307692307 0.4375000000000001 0.7019230769230769 0.4375000000000001
0 0.8052884615384616 0.25000000000000006 0.6995192307692307 0.25000000000000006 0.6995192307692307 0.3365384615384617 0.8052884615384616 0.3365384615384617
0 0.3870192307692309 0.5745192307692307 0.3004807692307693 0.5745192307692307 0.3004807692307693 0.7475961538461539 0.3870192307692309 0.7475961538461539
0 0.48076923076923084 0.5576923076923077 0.3942307692307692 0.5576923076923077 0.3942307692307693 0.6802884615384616 0.4807692307692309 0.6802884615384616
1 0.9519230769230769 0.38221153846153855 0.26682692307692313 0.38221153846153844 0.26682692307692313 0.6730769230769231 0.9519230769230769 0.6730769230769231
0 0.5384615384615385 0.7740384615384616 0.48317307692307704 0.7740384615384616 0.48317307692307704 0.9230769230769231 0.5384615384615385 0.9230769230769231
0 0.48557692307692324 0.7692307692307693 0.4326923076923078 0.7692307692307693 0.4326923076923078 0.8870192307692307 0.48557692307692324 0.8870192307692307
0 0.4447115384615386 0.7764423076923077 0.3870192307692309 0.7764423076923077 0.3870192307692309 0.9326923076923077 0.4447115384615386 0.9326923076923077
0 0.3942307692307694 0.7788461538461539 0.32932692307692324 0.7788461538461539 0.32932692307692324 0.9495192307692307 0.3942307692307694 0.9495192307692307
0 0.3389423076923078 0.7692307692307693 0.2692307692307693 0.7692307692307693 0.26923076923076933 0.9375 0.3389423076923078 0.9375
0 0.2860576923076924 0.78125 0.21394230769230776 0.78125 0.2139423076923078 0.8533653846153846 0.28605769230769246 0.8533653846153846
0 0.2187500000000001 0.7572115384615384 0.1250000000000001 0.7572115384615384 0.1250000000000001 0.9375 0.21875000000000014 0.9375
2 0.8618795264423079 0.03091759615384626 0.005679031271091513 0.024990053011837283 -0.0008561748109655193 0.9689640654231334 0.8553443203602509 0.9748916085651425
0 0.3557692307692308 0.07211538461538466 0.27884615384615385 0.07211538461538465 0.27884615384615385 0.18028846153846156 0.3557692307692308 0.18028846153846162
0 0.4206730769230769 0.06971153846153852 0.35336538461538464 0.06971153846153852 0.35336538461538464 0.19471153846153852 0.4206730769230769 0.19471153846153852
0 0.4735576923076923 0.06250000000000006 0.41586538461538464 0.06250000000000006 0.41586538461538464 0.20192307692307698 0.4735576923076923 0.20192307692307698
0 0.53125 0.0600961538461539 0.46153846153846156 0.060096153846153896 0.46153846153846156 0.1971153846153847 0.53125 0.1971153846153847