1 0.5721153846153848 0.7620192307692307 9.332044118502668e-17 0.7620192307692307 1.07892560549881e-16 1 0.5721153846153848 1
0 0.6634615384615384 0.8413461538461539 0.5817307692307694 0.8413461538461539 0.5817307692307694 0.9615384615384616 0.6634615384615384 0.9615384615384616
0 0.5793269230769232 0.8125 0.5144230769230771 0.8125 0.5144230769230771 0.9567307692307693 0.5793269230769232 0.9567307692307693
0 0.49759615384615397 0.8149038461538461 0.4254807692307694 0.8149038461538461 0.4254807692307694 0.9399038461538461 0.49759615384615397 0.9399038461538461
0 0.4326923076923078 0.7836538461538461 0.36538461538461553 0.7836538461538461 0.36538461538461553 0.8894230769230769 0.4326923076923078 0.8894230769230769
0 0.75 0.37980769230769246 0.6033653846153846 0.37980769230769246 0.6033653846153847 0.7475961538461539 0.75 0.7475961538461539
0 0.5865384615384617 0.5841346153846154 0.4711538461538463 0.5841346153846154 0.4711538461538463 0.7259615384615384 0.5865384615384617 0.7259615384615384
0 0.46875000000000006 0.5336538461538461 0.3581730769230769 0.5336538461538461 0.358173076923077 0.7331730769230769 0.4687500000000001 0.7331730769230769
0 0.35576923076923084 0.5192307692307693 0.21153846153846162 0.5192307692307693 0.21153846153846162 0.7331730769230769 0.3557692307692309 0.7331730769230769
0 0.4375 0.11778846153846159 0.3870192307692308 0.11778846153846158 0.3870192307692308 0.23076923076923084 0.4375 0.23076923076923084
0 0.4807692307692308 0.1346153846153847 0.4423076923076923 0.1346153846153847 0.4423076923076923 0.2379807692307693 0.4807692307692308 0.2379807692307693
0 0.5288461538461539 0.09615384615384623 0.4807692307692308 0.09615384615384623 0.4807692307692308 0.25000000000000006 0.5288461538461539 0.25000000000000006
0 0.5745192307692307 0.0817307692307693 0.5216346153846154 0.0817307692307693 0.5216346153846154 0.2475961538461539 0.5745192307692307 0.2475961538461539
0 0.6322115384615384 0.09855769230769237 0.5769230769230769 0.09855769230769237 0.5769230769230769 0.24038461538461545 0.6322115384615384 0.24038461538461545
0 0.6923076923076923 0.17307692307692316 0.6274038461538461 0.17307692307692316 0.6274038461538461 0.24038461538461545 0.6923076923076923 0.24038461538461545
0 0.7668269230769231 0.1033653846153847 0.6875 0.10336538461538468 0.6875 0.2716346153846155 0.7668269230769231 0.2716346153846155
2 0.9157086287275189 0.08966990515521732 0.10037257932692309 0.0520024639423077 0.058001583026917665 0.969149995603517 0.8733376324275135 1.0068174368164267