0 0.6394230769230769 0.6322115384615384 0.25721153846153855 0.6322115384615384 0.25721153846153855 0.7716346153846154 0.6394230769230769 0.7716346153846154
0 0.6370192307692307 0.5048076923076924 0.47596153846153844 0.5048076923076923 0.47596153846153855 0.6129807692307693 0.6370192307692307 0.6129807692307694
0 0.6538461538461539 0.38221153846153855 0.4326923076923077 0.38221153846153844 0.4326923076923077 0.4927884615384616 0.6538461538461539 0.4927884615384617
0 0.6778846153846154 0.2524038461538462 0.44471153846153844 0.2524038461538462 0.44471153846153844 0.3677884615384616 0.6778846153846154 0.3677884615384617
0 0.6995192307692307 0.13221153846153855 0.6033653846153846 0.13221153846153852 0.6033653846153846 0.25000000000000006 0.6995192307692307 0.25000000000000006
1 0.38701923076923084 0.0024038461538461865 0.14423076923076922 0.002403846153846172 0.14423076923076927 0.6298076923076923 0.3870192307692309 0.6298076923076923
0 0.1538461538461539 0.3918269230769231 0.040865384615384664 0.3918269230769231 0.040865384615384664 0.43990384615384615 0.1538461538461539 0.43990384615384615
0 0.14663461538461545 0.44711538461538464 0.05288461538461543 0.44711538461538464 0.05288461538461543 0.4879807692307692 0.14663461538461545 0.4879807692307692
0 0.1538461538461539 0.4831730769230769 0.01923076923076929 0.4831730769230769 0.019230769230769294 0.5240384615384616 0.1538461538461539 0.5240384615384616
0 0.14182692307692316 0.5264423076923077 6.447058870511307e-17 0.5264423076923077 6.726725807816591e-17 0.5721153846153846 0.14182692307692316 0.5721153846153846
0 0.13701923076923084 0.5745192307692307 0.009615384615384684 0.5745192307692307 0.009615384615384689 0.625 0.13701923076923084 0.625
0 0.1346153846153847 0.6298076923076923 0.06971153846153855 0.6298076923076923 0.06971153846153855 0.6923076923076923 0.1346153846153847 0.6923076923076923
0 0.14423076923076933 0.6947115384615384 0.004807692307692393 0.6947115384615384 0.004807692307692397 0.7692307692307693 0.14423076923076933 0.7692307692307693
0 0.8798076923076923 0.6586538461538461 0.7355769230769231 0.6586538461538461 0.7355769230769231 0.7331730769230769 0.8798076923076923 0.7331730769230769
0 0.8870192307692307 0.5865384615384617 0.7331730769230769 0.5865384615384617 0.7331730769230769 0.6538461538461539 0.8870192307692307 0.6538461538461539
0 0.8990384615384616 0.5168269230769232 0.7259615384615384 0.5168269230769232 0.7259615384615384 0.5769230769230771 0.8990384615384616 0.5769230769230771
0 0.9110576923076923 0.45913461538461553 0.7355769230769231 0.45913461538461553 0.7355769230769231 0.5144230769230771 0.9110576923076923 0.5144230769230771
2 0.975243326923077 0.0876355072115386 0.03474943532407288 -0.0019895574705689574 -0.049149292588089595 0.8784141710420906 0.8913445990109146 0.9680392357241983