0 0.75 0.29326923076923084 0.6274038461538461 0.29326923076923084 0.6274038461538461 0.6538461538461539 0.75 0.6538461538461539
0 0.7692307692307693 0.7692307692307693 0.6850961538461539 0.7692307692307693 0.6850961538461539 0.9254807692307693 0.7692307692307693 0.9254807692307693
0 0.6947115384615384 0.7836538461538461 0.6201923076923077 0.7836538461538461 0.6201923076923077 0.8557692307692307 0.6947115384615384 0.8557692307692307
0 0.6322115384615384 0.7788461538461539 0.5697115384615385 0.7788461538461539 0.5697115384615385 0.9230769230769231 0.6322115384615384 0.9230769230769231
0 0.574519230769231 0.7860576923076923 0.5216346153846155 0.7860576923076923 0.5216346153846155 0.9423076923076923 0.574519230769231 0.9423076923076923
0 0.5216346153846155 0.7788461538461539 0.47836538461538475 0.7788461538461539 0.47836538461538475 0.9182692307692307 0.5216346153846155 0.9182692307692307
0 0.7067307692307693 0.07451923076923085 0.6153846153846154 0.07451923076923084 0.6153846153846154 0.19471153846153852 0.7067307692307693 0.19471153846153852
0 0.6177884615384616 0.07932692307692314 0.5600961538461539 0.07932692307692314 0.5600961538461539 0.21153846153846162 0.6177884615384616 0.21153846153846162
0 0.5552884615384616 0.07451923076923084 0.49759615384615385 0.07451923076923084 0.49759615384615385 0.22355769230769237 0.5552884615384616 0.22355769230769237
0 0.5 0.076923076923077 0.44711538461538464 0.076923076923077 0.44711538461538464 0.2163461538461539 0.5 0.2163461538461539
0 0.4495192307692308 0.06730769230769236 0.38461538461538464 0.06730769230769236 0.38461538461538464 0.24278846153846162 0.4495192307692308 0.24278846153846162
0 0.6009615384615384 0.3052884615384616 0.4879807692307692 0.3052884615384616 0.4879807692307692 0.4423076923076924 0.6009615384615384 0.44230769230769246
0 0.47115384615384615 0.29807692307692313 0.36778846153846156 0.29807692307692313 0.36778846153846156 0.4855769230769231 0.47115384615384615 0.4855769230769231
0 0.35336538461538464 0.2884615384615385 0.25000000000000006 0.28846153846153844 0.25000000000000006 0.49038461538461536 0.35336538461538464 0.49038461538461536
0 0.2524038461538462 0.2764423076923077 0.13942307692307696 0.2764423076923077 0.13942307692307696 0.3605769230769231 0.2524038461538462 0.3605769230769231
0 0.6225961538461539 0.5504807692307693 0.5384615384615384 0.5504807692307693 0.5384615384615385 0.7427884615384616 0.6225961538461539 0.7427884615384616
0 0.528846153846154 0.5360576923076923 0.4110576923076923 0.5360576923076923 0.4110576923076924 0.7475961538461539 0.528846153846154 0.7475961538461539
0 0.38221153846153855 0.5480769230769231 0.2548076923076924 0.5480769230769231 0.2548076923076924 0.7836538461538461 0.3822115384615386 0.7836538461538461
0 0.47836538461538475 0.7836538461538461 0.44230769230769246 0.7836538461538461 0.44230769230769246 0.8846153846153846 0.47836538461538475 0.8846153846153846
0 0.43509615384615397 0.7860576923076923 0.3677884615384617 0.7860576923076923 0.3677884615384617 0.90625 0.43509615384615397 0.90625
2 0.9292402956730771 0.03895708173076935 0.10795662242828236 0.005304716335354917 0.06967783484784616 0.9394959062272178 0.8909615080926409 0.9731482716226322