0 0.6490384615384616 0.2475961538461539 0.28846153846153844 0.2475961538461539 0.2884615384615385 0.3677884615384616 0.6490384615384616 0.3677884615384617
0 0.9230769230769231 0.22836538461538472 0.7668269230769231 0.2283653846153847 0.7668269230769231 0.3076923076923078 0.9230769230769231 0.3076923076923078
0 0.8509615384615384 0.30048076923076933 0.7788461538461539 0.3004807692307693 0.7788461538461539 0.3750000000000001 0.8509615384615384 0.3750000000000001
0 0.9182692307692307 0.3629807692307694 0.7764423076923077 0.3629807692307694 0.7764423076923077 0.4254807692307694 0.9182692307692307 0.4254807692307694
0 0.9399038461538461 0.42307692307692324 0.7836538461538461 0.42307692307692324 0.7836538461538461 0.47355769230769246 0.9399038461538461 0.47355769230769246
0 0.9158653846153846 0.47355769230769246 0.7764423076923077 0.47355769230769246 0.7764423076923077 0.5168269230769232 0.9158653846153846 0.5168269230769232
0 0.19230769230769237 0.2932692307692308 0.07211538461538465 0.2932692307692308 0.07211538461538466 0.38221153846153844 0.19230769230769237 0.38221153846153844
0 0.20913461538461545 0.3798076923076923 0.07692307692307696 0.3798076923076923 0.07692307692307697 0.43990384615384615 0.20913461538461545 0.43990384615384615
0 0.22115384615384623 0.4423076923076923 0.07211538461538466 0.4423076923076923 0.07211538461538468 0.5024038461538461 0.22115384615384623 0.5024038461538461
0 0.21394230769230776 0.49759615384615385 0.07451923076923084 0.49759615384615385 0.07451923076923084 0.5528846153846154 0.21394230769230776 0.5528846153846154
0 0.24038461538461545 0.5504807692307693 0.06730769230769237 0.5504807692307693 0.06730769230769237 0.6129807692307693 0.24038461538461545 0.6129807692307693
0 0.43990384615384615 0.39903846153846156 0.3028846153846155 0.39903846153846156 0.3028846153846155 0.5096153846153846 0.43990384615384615 0.5096153846153846
0 0.483173076923077 0.5264423076923077 0.295673076923077 0.5264423076923077 0.295673076923077 0.6298076923076923 0.48317307692307704 0.6298076923076923
0 0.4879807692307694 0.6466346153846154 0.28846153846153855 0.6466346153846154 0.28846153846153855 0.7475961538461539 0.4879807692307694 0.7475961538461539
0 0.36057692307692324 0.7475961538461539 0.27644230769230776 0.7475961538461539 0.2764423076923078 0.8605769230769231 0.36057692307692324 0.8605769230769231
0 0.7403846153846154 0.37500000000000006 0.5456730769230769 0.375 0.5456730769230769 0.4567307692307693 0.7403846153846154 0.4567307692307694
0 0.7451923076923077 0.46875000000000006 0.5336538461538461 0.46875 0.5336538461538463 0.5841346153846154 0.7451923076923077 0.5841346153846155
0 0.7836538461538461 0.6153846153846154 0.5456730769230771 0.6153846153846154 0.5456730769230771 0.7403846153846154 0.7836538461538461 0.7403846153846154
0 0.8822115384615384 0.5168269230769232 0.78125 0.5168269230769232 0.78125 0.5528846153846155 0.8822115384615384 0.5528846153846155
0 0.9038461538461539 0.560096153846154 0.7836538461538461 0.560096153846154 0.7836538461538461 0.6274038461538461 0.9038461538461539 0.6274038461538461
2 0.9515742646602015 0.0840154251028722 0.033549783653846164 0.0705645168269231 0.021369458897490985 0.9018716734548202 0.9393939399038462 0.9153225817307694