1 0.2355769230769231 0.012019230769230784 1.4719312489751842e-18 0.01201923076923077 3.885898497294486e-17 0.6225961538461539 0.23557692307692316 0.6225961538461539
0 0.1754807692307693 0.6298076923076923 0.05769230769230778 0.6298076923076923 0.05769230769230778 0.7163461538461539 0.1754807692307693 0.7163461538461539
0 0.20192307692307698 0.5625 0.06250000000000007 0.5625 0.06250000000000008 0.6298076923076923 0.20192307692307698 0.6298076923076923
0 0.19951923076923084 0.4735576923076923 0.076923076923077 0.4735576923076923 0.076923076923077 0.5504807692307693 0.19951923076923084 0.5504807692307693
0 0.2283653846153847 0.41586538461538464 0.12500000000000003 0.41586538461538464 0.12500000000000006 0.4855769230769231 0.2283653846153847 0.4855769230769231
0 0.6370192307692307 0.65625 0.2740384615384616 0.65625 0.2740384615384616 0.8125 0.6370192307692307 0.8125
0 0.4302884615384616 0.5240384615384616 0.2908653846153847 0.5240384615384616 0.2908653846153847 0.6442307692307693 0.4302884615384617 0.6442307692307693
0 0.47836538461538464 0.41346153846153844 0.28125000000000006 0.41346153846153844 0.28125000000000006 0.5264423076923077 0.47836538461538464 0.5264423076923077
0 0.4879807692307692 0.264423076923077 0.27884615384615385 0.2644230769230769 0.27884615384615385 0.41346153846153844 0.4879807692307692 0.41346153846153844
0 0.8942307692307693 0.45192307692307704 0.78125 0.45192307692307704 0.78125 0.5048076923076924 0.8942307692307693 0.5048076923076924
0 0.8774038461538461 0.5072115384615385 0.7764423076923077 0.5072115384615385 0.7764423076923077 0.5480769230769232 0.8774038461538461 0.5480769230769232
0 0.9182692307692307 0.5456730769230771 0.7668269230769231 0.5456730769230771 0.7668269230769231 0.5961538461538463 0.9182692307692307 0.5961538461538463
0 0.9326923076923077 0.5865384615384617 0.7692307692307693 0.5865384615384617 0.7692307692307693 0.6442307692307693 0.9326923076923077 0.6442307692307693
0 0.9182692307692307 0.6418269230769231 0.7764423076923077 0.6418269230769231 0.7764423076923077 0.7019230769230769 0.9182692307692307 0.7019230769230769
0 0.84375 0.6923076923076923 0.7788461538461539 0.6923076923076923 0.7788461538461539 0.7596153846153846 0.84375 0.7596153846153846
0 0.9182692307692307 0.7524038461538461 0.7524038461538461 0.7524038461538461 0.7524038461538461 0.8341346153846154 0.9182692307692307 0.8341346153846154
2 0.9894793906096174 0.17176293208297044 0.04652443028846155 0.10992113701923079 -0.006575373273936347 0.919579445120327 0.9363795870472196 0.9814212401840666