0 0.65625 0.20913461538461545 0.28125 0.20913461538461545 0.28125000000000006 0.3461538461538462 0.65625 0.3461538461538463
0 0.4423076923076923 0.3894230769230769 0.29807692307692313 0.3894230769230769 0.29807692307692313 0.5048076923076923 0.4423076923076923 0.5048076923076923
0 0.483173076923077 0.5240384615384616 0.2908653846153847 0.5240384615384616 0.2908653846153847 0.6201923076923077 0.48317307692307704 0.6201923076923077
0 0.49038461538461553 0.6418269230769231 0.2788461538461539 0.6418269230769231 0.2788461538461539 0.7692307692307693 0.49038461538461553 0.7692307692307693
0 0.3509615384615386 0.7716346153846154 0.2716346153846155 0.7716346153846154 0.2716346153846155 0.8942307692307693 0.3509615384615386 0.8942307692307693
0 0.7548076923076923 0.36057692307692313 0.5528846153846154 0.3605769230769231 0.5528846153846154 0.4471153846153847 0.7548076923076923 0.44711538461538475
0 0.7427884615384616 0.46394230769230776 0.5336538461538461 0.4639423076923077 0.5336538461538463 0.591346153846154 0.7427884615384616 0.591346153846154
0 0.7884615384615384 0.6129807692307693 0.5528846153846155 0.6129807692307693 0.5528846153846155 0.6850961538461539 0.7884615384615384 0.6850961538461539
0 0.6947115384615384 0.6850961538461539 0.5408653846153848 0.6850961538461539 0.5408653846153848 0.7620192307692307 0.6947115384615384 0.7620192307692307
0 0.9302884615384616 0.21153846153846165 0.7764423076923077 0.21153846153846162 0.7764423076923077 0.2932692307692309 0.9302884615384616 0.2932692307692309
0 0.8605769230769231 0.28365384615384626 0.7980769230769231 0.2836538461538462 0.7980769230769231 0.35817307692307704 0.8605769230769231 0.35817307692307704
0 0.9326923076923077 0.3557692307692309 0.7908653846153846 0.3557692307692309 0.7908653846153846 0.4134615384615386 0.9326923076923077 0.4134615384615386
0 0.9447115384615384 0.42067307692307704 0.7908653846153846 0.42067307692307704 0.7908653846153846 0.46634615384615397 0.9447115384615384 0.46634615384615397
0 0.9278846153846154 0.4687500000000001 0.78125 0.4687500000000001 0.78125 0.5168269230769232 0.9278846153846154 0.5168269230769232
0 0.8870192307692307 0.5144230769230771 0.7860576923076923 0.5144230769230771 0.7860576923076923 0.560096153846154 0.8870192307692307 0.560096153846154
0 0.9110576923076923 0.5649038461538463 0.7884615384615384 0.5649038461538463 0.7884615384615384 0.6274038461538461 0.9110576923076923 0.6274038461538461
0 0.18750000000000006 0.2932692307692308 0.06250000000000003 0.2932692307692308 0.06250000000000004 0.36778846153846156 0.18750000000000006 0.36778846153846156
0 0.19951923076923084 0.3701923076923077 0.06250000000000006 0.3701923076923077 0.06250000000000006 0.4326923076923077 0.19951923076923084 0.4326923076923077
0 0.20913461538461545 0.44471153846153844 0.060096153846153896 0.44471153846153844 0.0600961538461539 0.5 0.20913461538461545 0.5
0 0.20432692307692316 0.5024038461538461 0.06009615384615392 0.5024038461538461 0.06009615384615392 0.5576923076923077 0.20432692307692316 0.5576923076923077
2 0.9633617777676212 0.06469045039584112 0.02320653846153847 0.05289968749999997 0.012321806366994289 0.9208111193156975 0.9524770456730771 0.9326018822115387