1 0.9711538461538461 0.1875000000000001 0.3004807692307692 0.18750000000000006 0.3004807692307693 0.41346153846153855 0.9711538461538461 0.4134615384615386
0 0.31250000000000006 0.3028846153846154 0.1754807692307693 0.30288461538461536 0.1754807692307693 0.6802884615384616 0.3125000000000001 0.6802884615384616
0 0.451923076923077 0.5240384615384616 0.3317307692307692 0.5240384615384616 0.3317307692307693 0.6706730769230769 0.45192307692307704 0.6706730769230769
0 0.5721153846153847 0.4783653846153847 0.4543269230769231 0.47836538461538464 0.45432692307692313 0.6778846153846154 0.5721153846153848 0.6778846153846154
0 0.6923076923076923 0.46634615384615397 0.5649038461538461 0.46634615384615397 0.5649038461538463 0.7067307692307693 0.6923076923076923 0.7067307692307693
0 0.8028846153846154 0.6177884615384616 0.6850961538461539 0.6177884615384616 0.6850961538461539 0.7067307692307693 0.8028846153846154 0.7067307692307693
0 0.2980769230769232 0.7908653846153846 0.21153846153846162 0.7908653846153846 0.21153846153846165 0.9254807692307693 0.29807692307692324 0.9254807692307693
0 0.37259615384615397 0.7596153846153846 0.29807692307692313 0.7596153846153846 0.2980769230769232 0.9423076923076923 0.37259615384615397 0.9423076923076923
0 0.4375000000000001 0.7644230769230769 0.3701923076923078 0.7644230769230769 0.3701923076923078 0.9423076923076923 0.4375000000000001 0.9423076923076923
0 0.49759615384615397 0.7716346153846154 0.4254807692307694 0.7716346153846154 0.4254807692307694 0.9495192307692307 0.49759615384615397 0.9495192307692307
0 0.5625 0.0817307692307693 0.5024038461538461 0.0817307692307693 0.5024038461538461 0.18990384615384623 0.5625 0.18990384615384623
0 0.5072115384615384 0.09134615384615391 0.46634615384615385 0.09134615384615391 0.46634615384615385 0.18750000000000006 0.5072115384615384 0.18750000000000006
0 0.47115384615384615 0.07211538461538466 0.4230769230769231 0.07211538461538466 0.4230769230769231 0.19230769230769237 0.47115384615384615 0.19230769230769237
0 0.4326923076923077 0.05048076923076928 0.375 0.05048076923076928 0.375 0.18750000000000006 0.4326923076923077 0.18750000000000006
0 0.38221153846153844 0.06009615384615389 0.3269230769230769 0.06009615384615388 0.3269230769230769 0.19230769230769237 0.38221153846153844 0.19230769230769237
0 0.3245192307692308 0.12259615384615388 0.2668269230769231 0.12259615384615388 0.2668269230769231 0.19230769230769235 0.3245192307692308 0.19230769230769237
0 0.27403846153846156 0.055288461538461564 0.20192307692307693 0.05528846153846156 0.20192307692307693 0.20192307692307693 0.27403846153846156 0.20192307692307693
2 0.8841298196078904 0.05187917395979444 0.012933082128458387 0.037206887858902714 -0.002715539803953393 0.9663755450007342 0.8684811976754786 0.9810478311016259