0 0.17067307692307696 0.2692307692307692 0.06730769230769235 0.2692307692307692 0.06730769230769235 0.35096153846153844 0.17067307692307698 0.35096153846153844
0 0.19230769230769237 0.3485576923076923 0.05528846153846157 0.3485576923076923 0.05528846153846158 0.4014423076923077 0.19230769230769237 0.4014423076923077
0 0.19471153846153852 0.4014423076923077 0.05288461538461543 0.4014423076923077 0.05288461538461543 0.4519230769230769 0.19471153846153852 0.4519230769230769
0 0.1850961538461539 0.4495192307692308 0.060096153846153896 0.4495192307692308 0.0600961538461539 0.49038461538461536 0.1850961538461539 0.49038461538461536
0 0.2067307692307693 0.49038461538461536 0.04807692307692314 0.49038461538461536 0.04807692307692314 0.5408653846153846 0.2067307692307693 0.5408653846153846
0 0.6274038461538461 0.2355769230769231 0.2620192307692308 0.23557692307692307 0.2620192307692308 0.3365384615384616 0.6274038461538461 0.3365384615384617
0 0.4014423076923077 0.3701923076923077 0.2740384615384616 0.3701923076923077 0.2740384615384616 0.4639423076923077 0.4014423076923077 0.4639423076923077
0 0.4014423076923077 0.47596153846153844 0.2596153846153847 0.47596153846153844 0.2596153846153847 0.5552884615384616 0.4014423076923077 0.5552884615384616
0 0.3245192307692309 0.5841346153846154 0.25000000000000006 0.5841346153846154 0.25000000000000006 0.6538461538461539 0.3245192307692309 0.6538461538461539
0 0.3076923076923078 0.6802884615384616 0.24038461538461545 0.6802884615384616 0.24038461538461545 0.7644230769230769 0.3076923076923078 0.7644230769230769
0 0.71875 0.35096153846153855 0.5168269230769231 0.35096153846153844 0.5168269230769231 0.41346153846153855 0.71875 0.4134615384615386
0 0.7067307692307693 0.4254807692307693 0.4951923076923077 0.4254807692307692 0.4951923076923077 0.5384615384615385 0.7067307692307693 0.5384615384615385
0 0.9230769230769231 0.20673076923076933 0.7548076923076923 0.2067307692307693 0.7548076923076923 0.2812500000000001 0.9230769230769231 0.2812500000000001
0 0.84375 0.2740384615384616 0.7716346153846154 0.2740384615384616 0.7716346153846154 0.3437500000000001 0.84375 0.3437500000000001
0 0.9158653846153846 0.3437500000000001 0.7716346153846154 0.3437500000000001 0.7716346153846154 0.3990384615384617 0.9158653846153846 0.3990384615384617
0 0.9375 0.4014423076923078 0.7596153846153846 0.4014423076923078 0.7596153846153846 0.44230769230769246 0.9375 0.44230769230769246
0 0.9206730769230769 0.4447115384615386 0.7644230769230769 0.4447115384615386 0.7644230769230769 0.4951923076923078 0.9206730769230769 0.4951923076923078
0 0.8725961538461539 0.49759615384615397 0.7644230769230769 0.49759615384615397 0.7644230769230769 0.5336538461538463 0.8725961538461539 0.5336538461538463
0 0.8942307692307693 0.5408653846153848 0.7620192307692307 0.5408653846153848 0.7620192307692307 0.6033653846153848 0.8942307692307693 0.6033653846153848
1 0.5552884615384616 0.3125 0.27644230769230776 0.3125 0.2764423076923078 0.9663461538461539 0.5552884615384617 0.9663461538461539
2 0.9599806562500001 0.07718870673076936 0.03313245581743465 0.05690667027061243 0.014996799567434622 0.8856696197898432 0.941845 0.9059516562500001