0 0.2067307692307693 0.2956730769230769 0.07932692307692311 0.2956730769230769 0.07932692307692311 0.38221153846153844 0.2067307692307693 0.38221153846153844
0 0.22596153846153852 0.3870192307692308 0.07451923076923082 0.3870192307692308 0.07451923076923082 0.4495192307692308 0.22596153846153852 0.4495192307692308
0 0.2283653846153847 0.4423076923076923 0.06971153846153852 0.4423076923076923 0.06971153846153852 0.5072115384615384 0.2283653846153847 0.5072115384615384
0 0.2283653846153847 0.5048076923076923 0.076923076923077 0.5048076923076923 0.076923076923077 0.5600961538461539 0.2283653846153847 0.5600961538461539
0 0.2379807692307693 0.5649038461538461 0.06730769230769237 0.5649038461538461 0.06730769230769237 0.6105769230769231 0.2379807692307693 0.6105769230769231
0 0.6778846153846154 0.25721153846153855 0.3173076923076923 0.25721153846153855 0.3173076923076923 0.37500000000000006 0.6778846153846154 0.3750000000000001
0 0.47115384615384615 0.41346153846153844 0.3293269230769231 0.41346153846153844 0.3293269230769231 0.5168269230769231 0.47115384615384615 0.5168269230769231
0 0.5120192307692308 0.5336538461538461 0.3125 0.5336538461538461 0.31250000000000006 0.6153846153846154 0.512019230769231 0.6153846153846154
0 0.35817307692307704 0.6418269230769231 0.3028846153846155 0.6418269230769231 0.3028846153846155 0.7115384615384616 0.35817307692307704 0.7115384615384616
0 0.9495192307692307 0.23076923076923087 0.7932692307692307 0.23076923076923084 0.7932692307692307 0.3052884615384616 0.9495192307692307 0.3052884615384617
0 0.8870192307692307 0.3028846153846155 0.8149038461538461 0.3028846153846155 0.8149038461538461 0.37259615384615397 0.8870192307692307 0.37259615384615397
0 0.9543269230769231 0.37259615384615397 0.8125 0.37259615384615397 0.8125 0.4254807692307694 0.9543269230769231 0.4254807692307694
0 0.9639423076923077 0.42307692307692324 0.8149038461538461 0.42307692307692324 0.8149038461538461 0.46634615384615397 0.9639423076923077 0.46634615384615397
0 0.9350961538461539 0.4639423076923078 0.8076923076923077 0.4639423076923078 0.8076923076923077 0.5144230769230771 0.9350961538461539 0.5144230769230771
0 0.9110576923076923 0.5096153846153848 0.8076923076923077 0.5096153846153848 0.8076923076923077 0.5673076923076924 0.9110576923076923 0.5673076923076924
0 0.9302884615384616 0.5528846153846155 0.8125 0.5528846153846155 0.8125 0.6153846153846154 0.9302884615384616 0.6153846153846154
1 0.35576923076923084 0.3798076923076923 0.10096153846153849 0.3798076923076923 0.10096153846153853 0.9519230769230769 0.3557692307692309 0.9519230769230769
2 0.9707020456730769 0.0842641586538462 0.0398009951923077 0.08426415865384616 0.03980099519230776 0.9229864783653846 0.9707020456730769 0.9229864783653846