0 0.6995192307692307 0.27644230769230776 0.3317307692307692 0.27644230769230776 0.3317307692307692 0.4615384615384616 0.6995192307692307 0.4615384615384617
0 0.9375 0.36538461538461553 0.7956730769230769 0.36538461538461553 0.7956730769230769 0.4639423076923078 0.9375 0.4639423076923078
0 0.9326923076923077 0.4495192307692309 0.78125 0.4495192307692309 0.78125 0.5360576923076924 0.9326923076923077 0.5360576923076924
0 0.9326923076923077 0.528846153846154 0.7716346153846154 0.528846153846154 0.7716346153846154 0.5985576923076924 0.9326923076923077 0.5985576923076924
0 0.9350961538461539 0.5889423076923078 0.7836538461538461 0.5889423076923078 0.7836538461538461 0.6442307692307693 0.9350961538461539 0.6442307692307693
0 0.9326923076923077 0.6394230769230769 0.7524038461538461 0.6394230769230769 0.7524038461538461 0.7067307692307693 0.9326923076923077 0.7067307692307693
0 0.6875 0.4615384615384616 0.5456730769230769 0.46153846153846156 0.545673076923077 0.5937500000000001 0.6875 0.5937500000000001
0 0.7043269230769231 0.5961538461538463 0.5048076923076924 0.5961538461538461 0.5048076923076924 0.7163461538461539 0.7043269230769231 0.7163461538461539
0 0.7139423076923077 0.7139423076923077 0.5072115384615385 0.7139423076923077 0.5072115384615385 0.8365384615384616 0.7139423076923077 0.8365384615384616
0 0.7235576923076923 0.8341346153846154 0.6394230769230769 0.8341346153846154 0.6394230769230769 0.9471153846153846 0.7235576923076923 0.9471153846153846
0 0.44471153846153844 0.42788461538461536 0.2548076923076924 0.42788461538461536 0.2548076923076924 0.5168269230769231 0.44471153846153844 0.5168269230769231
0 0.46875000000000006 0.5096153846153846 0.25000000000000006 0.5096153846153846 0.25000000000000006 0.6634615384615384 0.4687500000000001 0.6634615384615384
0 0.4495192307692309 0.6538461538461539 0.22355769230769237 0.6538461538461539 0.22355769230769237 0.7451923076923077 0.4495192307692309 0.7451923076923077
0 0.4447115384615386 0.7283653846153846 0.31730769230769246 0.7283653846153846 0.31730769230769246 0.8100961538461539 0.4447115384615386 0.8100961538461539
0 0.2211538461538462 0.25961538461538464 0.08173076923076926 0.25961538461538464 0.08173076923076926 0.3557692307692308 0.22115384615384623 0.3557692307692308
0 0.2067307692307693 0.34375 0.15144230769230774 0.34375 0.15144230769230774 0.4230769230769231 0.2067307692307693 0.4230769230769231
0 0.21875000000000006 0.40625 0.07932692307692311 0.40625 0.07932692307692313 0.46875 0.21875000000000006 0.46875
0 0.21394230769230776 0.45913461538461536 0.06730769230769236 0.45913461538461536 0.06730769230769237 0.5168269230769231 0.21394230769230776 0.5168269230769231
0 0.22596153846153852 0.5096153846153846 0.0865384615384616 0.5096153846153846 0.0865384615384616 0.5625 0.22596153846153852 0.5625
0 0.22115384615384623 0.5600961538461539 0.12259615384615391 0.5600961538461539 0.12259615384615391 0.6009615384615384 0.22115384615384623 0.6009615384615384
0 0.21875000000000006 0.5985576923076923 0.10336538461538468 0.5985576923076923 0.10336538461538468 0.6706730769230769 0.21875000000000006 0.6706730769230769
2 0.9735457788461539 0.13360069711538466 0.047650754807692326 0.1336006971153846 0.04765075480769238 1 0.9735457788461539 1