0 0.6995192307692307 0.07211538461538469 0.6081730769230769 0.07211538461538468 0.6081730769230769 0.19951923076923084 0.6995192307692307 0.19951923076923084
0 0.6105769230769231 0.06730769230769237 0.5408653846153846 0.06730769230769237 0.5408653846153846 0.21875000000000006 0.6105769230769231 0.21875000000000006
0 0.5552884615384616 0.06250000000000006 0.4807692307692308 0.06250000000000006 0.4807692307692308 0.22355769230769237 0.5552884615384616 0.22355769230769237
0 0.49278846153846156 0.07211538461538468 0.43028846153846156 0.07211538461538466 0.43028846153846156 0.22355769230769237 0.49278846153846156 0.22355769230769237
0 0.4326923076923077 0.060096153846153896 0.37740384615384615 0.060096153846153896 0.37740384615384615 0.23557692307692316 0.4326923076923077 0.23557692307692316
0 0.7283653846153846 0.3076923076923078 0.5913461538461539 0.3076923076923078 0.591346153846154 0.6706730769230769 0.7283653846153846 0.6706730769230769
0 0.5721153846153846 0.3221153846153847 0.46153846153846156 0.32211538461538464 0.46153846153846156 0.4663461538461539 0.5721153846153846 0.46634615384615397
0 0.4519230769230769 0.3052884615384616 0.3605769230769231 0.3052884615384616 0.3605769230769231 0.5096153846153846 0.4519230769230769 0.5096153846153846
0 0.34375 0.3004807692307693 0.2740384615384616 0.3004807692307692 0.2740384615384616 0.35336538461538464 0.34375 0.35336538461538464
0 0.7331730769230769 0.7836538461538461 0.6514423076923077 0.7836538461538461 0.6514423076923077 0.9423076923076923 0.7331730769230769 0.9423076923076923
0 0.6586538461538461 0.8052884615384616 0.5865384615384617 0.8052884615384616 0.5865384615384617 0.8798076923076923 0.6586538461538461 0.8798076923076923
0 0.5889423076923078 0.8052884615384616 0.5312500000000001 0.8052884615384616 0.5312500000000001 0.9471153846153846 0.5889423076923078 0.9471153846153846
0 0.5384615384615385 0.8076923076923077 0.4879807692307694 0.8076923076923077 0.4879807692307694 0.9567307692307693 0.5384615384615385 0.9567307692307693
0 0.5000000000000001 0.8004807692307693 0.44230769230769246 0.8004807692307693 0.44230769230769246 0.9302884615384616 0.5000000000000001 0.9302884615384616
0 0.45192307692307704 0.8028846153846154 0.38942307692307704 0.8028846153846154 0.38942307692307704 0.90625 0.45192307692307704 0.90625
0 0.4086538461538463 0.8052884615384616 0.34134615384615397 0.8052884615384616 0.34134615384615397 0.9254807692307693 0.4086538461538463 0.9254807692307693
1 0.6177884615384616 0.09375000000000003 0.03365384615384616 0.09375 0.03365384615384618 0.35576923076923084 0.6177884615384616 0.3557692307692309
2 0.9138820793269231 0.029145444711538578 0.07538685099336812 0.019388671293058136 0.06433289461748147 0.969363553135898 0.9028281229510365 0.9791203265543784