0 0.6610576923076923 0.2524038461538462 0.28846153846153844 0.2524038461538462 0.2884615384615385 0.4110576923076924 0.6610576923076923 0.41105769230769246
0 0.19471153846153852 0.30288461538461536 0.05048076923076927 0.30288461538461536 0.050480769230769273 0.3918269230769231 0.19471153846153852 0.3918269230769231
0 0.2067307692307693 0.3870192307692308 0.05528846153846159 0.3870192307692308 0.05528846153846159 0.4639423076923077 0.2067307692307693 0.4639423076923077
0 0.21394230769230776 0.46634615384615385 0.05288461538461543 0.46634615384615385 0.05288461538461545 0.5264423076923077 0.21394230769230776 0.5264423076923077
0 0.20192307692307698 0.5264423076923077 0.04807692307692314 0.5264423076923077 0.04807692307692314 0.5721153846153846 0.20192307692307698 0.5721153846153846
0 0.23076923076923084 0.5793269230769231 0.0504807692307693 0.5793269230769231 0.05048076923076931 0.6346153846153846 0.23076923076923084 0.6346153846153846
0 0.4423076923076923 0.4230769230769231 0.295673076923077 0.4230769230769231 0.295673076923077 0.5432692307692307 0.4423076923076923 0.5432692307692307
0 0.4783653846153847 0.5576923076923077 0.27644230769230776 0.5576923076923077 0.27644230769230776 0.6634615384615384 0.47836538461538475 0.6634615384615384
0 0.47355769230769246 0.6754807692307693 0.264423076923077 0.6754807692307693 0.264423076923077 0.7836538461538461 0.47355769230769246 0.7836538461538461
0 0.3365384615384617 0.7860576923076923 0.25000000000000006 0.7860576923076923 0.2500000000000001 0.8942307692307693 0.3365384615384617 0.8942307692307693
0 0.7331730769230769 0.41346153846153855 0.5408653846153846 0.41346153846153844 0.5408653846153846 0.4903846153846155 0.7331730769230769 0.49038461538461553
0 0.7355769230769231 0.4975961538461539 0.5144230769230769 0.49759615384615385 0.514423076923077 0.6346153846153846 0.7355769230769231 0.6346153846153846
0 0.7596153846153846 0.6442307692307693 0.528846153846154 0.6442307692307693 0.528846153846154 0.71875 0.7596153846153846 0.71875
0 0.6610576923076923 0.7091346153846154 0.5336538461538463 0.7091346153846154 0.5336538461538463 0.7836538461538461 0.6610576923076923 0.7836538461538461
0 0.9110576923076923 0.2620192307692309 0.7668269230769231 0.26201923076923084 0.7668269230769231 0.34855769230769246 0.9110576923076923 0.34855769230769246
0 0.8389423076923077 0.34134615384615397 0.78125 0.34134615384615397 0.78125 0.4182692307692309 0.8389423076923077 0.4182692307692309
0 0.9086538461538461 0.41105769230769246 0.7668269230769231 0.41105769230769246 0.7668269230769231 0.4615384615384617 0.9086538461538461 0.4615384615384617
0 0.9182692307692307 0.4639423076923078 0.7716346153846154 0.4639423076923078 0.7716346153846154 0.512019230769231 0.9182692307692307 0.512019230769231
0 0.8990384615384616 0.512019230769231 0.7572115384615384 0.512019230769231 0.7572115384615384 0.5552884615384617 0.8990384615384616 0.5552884615384617
0 0.8605769230769231 0.560096153846154 0.7620192307692307 0.560096153846154 0.7620192307692307 0.5937500000000001 0.8605769230769231 0.5937500000000001
0 0.8798076923076923 0.6009615384615385 0.7620192307692307 0.6009615384615385 0.7620192307692307 0.6634615384615384 0.8798076923076923 0.6634615384615384
2 0.9493603653162311 0.1284486400096153 0.030127800480769244 0.07033252163461538 -0.024992460190183457 0.9421790937683012 0.8942401046452784 1.000295212143301