0 0.35096153846153844 0.0697115384615385 0.2692307692307692 0.06971153846153849 0.2692307692307692 0.17548076923076927 0.35096153846153844 0.1754807692307693
0 0.4014423076923077 0.05769230769230774 0.3485576923076923 0.05769230769230772 0.3485576923076923 0.1971153846153847 0.4014423076923077 0.1971153846153847
0 0.4519230769230769 0.057692307692307744 0.40384615384615385 0.057692307692307744 0.40384615384615385 0.19951923076923084 0.4519230769230769 0.19951923076923084
0 0.49278846153846156 0.06490384615384621 0.4495192307692308 0.0649038461538462 0.4495192307692308 0.18990384615384623 0.49278846153846156 0.18990384615384623
0 0.5408653846153846 0.052884615384615453 0.49038461538461536 0.052884615384615453 0.49038461538461536 0.21394230769230776 0.5408653846153846 0.21394230769230776
0 0.3413461538461539 0.264423076923077 0.23798076923076922 0.2644230769230769 0.23798076923076927 0.6322115384615384 0.34134615384615397 0.6322115384615384
0 0.4639423076923077 0.2788461538461539 0.3701923076923077 0.2788461538461539 0.3701923076923077 0.40625 0.4639423076923077 0.40625
0 0.5552884615384616 0.264423076923077 0.47596153846153844 0.264423076923077 0.47596153846153844 0.40865384615384615 0.5552884615384616 0.40865384615384615
0 0.65625 0.2548076923076924 0.5841346153846154 0.2548076923076924 0.5841346153846154 0.33413461538461553 0.65625 0.33413461538461553
0 0.7644230769230769 0.2475961538461539 0.6826923076923077 0.2475961538461539 0.6826923076923077 0.31730769230769246 0.7644230769230769 0.31730769230769246
0 0.41826923076923084 0.5216346153846154 0.35336538461538464 0.5216346153846154 0.3533653846153847 0.7235576923076923 0.4182692307692309 0.7235576923076923
0 0.5408653846153847 0.5 0.43028846153846156 0.5 0.4302884615384616 0.7139423076923077 0.5408653846153848 0.7139423076923077
0 0.2860576923076924 0.7572115384615384 0.21153846153846162 0.7572115384615384 0.21153846153846165 0.9254807692307693 0.28605769230769246 0.9254807692307693
0 0.34855769230769246 0.7740384615384616 0.2788461538461539 0.7740384615384616 0.27884615384615397 0.8485576923076923 0.34855769230769246 0.8485576923076923
0 0.40384615384615397 0.7764423076923077 0.3461538461538463 0.7764423076923077 0.3461538461538463 0.9206730769230769 0.40384615384615397 0.9206730769230769
0 0.4495192307692309 0.7644230769230769 0.40384615384615397 0.7644230769230769 0.40384615384615397 0.9423076923076923 0.4495192307692309 0.9423076923076923
0 0.5000000000000001 0.7692307692307693 0.4495192307692309 0.7692307692307693 0.4495192307692309 0.9254807692307693 0.5000000000000001 0.9254807692307693
0 0.5384615384615385 0.7716346153846154 0.5024038461538463 0.7716346153846154 0.5024038461538463 0.8774038461538461 0.5384615384615385 0.8774038461538461
0 0.6081730769230771 0.7692307692307693 0.5456730769230771 0.7692307692307693 0.5456730769230771 0.8990384615384616 0.6081730769230771 0.8990384615384616
1 0.96875 0.2812500000000001 0.3125 0.28125000000000006 0.31250000000000006 0.5673076923076924 0.96875 0.5673076923076924
2 0.9114311490384615 0.952386701923077 0.9019286402595768 0.02513676794709937 0.07327120275957677 0.03362889535094548 0.08277371153846153 0.960878829326923