0 0.8677884615384616 0.6682692307692307 0.7307692307692307 0.6682692307692307 0.7307692307692307 0.7644230769230769 0.8677884615384616 0.7644230769230769
0 0.8774038461538461 0.6009615384615385 0.7211538461538461 0.6009615384615385 0.7211538461538461 0.6730769230769231 0.8774038461538461 0.6730769230769231
0 0.8870192307692307 0.5408653846153848 0.7235576923076923 0.5408653846153848 0.7235576923076923 0.6177884615384616 0.8870192307692307 0.6177884615384616
0 0.8846153846153846 0.49038461538461553 0.7283653846153846 0.49038461538461553 0.7283653846153846 0.5552884615384617 0.8846153846153846 0.5552884615384617
0 0.8990384615384616 0.4375000000000001 0.7235576923076923 0.4375000000000001 0.7235576923076923 0.4951923076923078 0.8990384615384616 0.4951923076923078
0 0.6274038461538461 0.6442307692307693 0.25721153846153855 0.6442307692307693 0.25721153846153855 0.7884615384615384 0.6274038461538461 0.7884615384615384
0 0.6298076923076923 0.5168269230769231 0.47596153846153844 0.5168269230769231 0.47596153846153855 0.6298076923076923 0.6298076923076923 0.6298076923076923
0 0.65625 0.4158653846153847 0.44711538461538464 0.41586538461538464 0.44711538461538464 0.5096153846153847 0.65625 0.5096153846153848
0 0.6706730769230769 0.3317307692307694 0.6129807692307693 0.3317307692307694 0.6129807692307693 0.4014423076923078 0.6706730769230769 0.4014423076923078
0 0.14663461538461547 0.6971153846153846 8.537201244056068e-17 0.6971153846153846 9.067096493687133e-17 0.7836538461538461 0.14663461538461547 0.7836538461538461
0 0.1298076923076924 0.6370192307692307 0.05288461538461547 0.6370192307692307 0.05288461538461547 0.7067307692307693 0.1298076923076924 0.7067307692307693
0 0.13701923076923084 0.5769230769230769 7.065269995080885e-17 0.5769230769230769 7.447972119814432e-17 0.6394230769230769 0.13701923076923084 0.6394230769230769
0 0.13942307692307698 0.5360576923076923 6.564813370429321e-17 0.5360576923076923 6.888638245203861e-17 0.5889423076923077 0.13942307692307698 0.5889423076923077
0 0.14903846153846162 0.49038461538461536 0.016826923076923135 0.49038461538461536 0.016826923076923142 0.5504807692307693 0.14903846153846162 0.5504807692307693
0 0.1538461538461539 0.4375 0.045673076923076976 0.4375 0.04567307692307698 0.5024038461538461 0.1538461538461539 0.5024038461538461
0 0.15625000000000006 0.3894230769230769 0.03125000000000005 0.3894230769230769 0.031250000000000056 0.45913461538461536 0.15625000000000006 0.45913461538461536
1 0.8942307692307693 0.09134615384615394 0.5889423076923077 0.09134615384615391 0.5889423076923077 0.6778846153846154 0.8942307692307693 0.6778846153846154
2 0.9534611947115386 0.13854587019230782 0.0244519062531479 0.05726808926307548 -0.048926788458390616 0.8959904089746138 0.8800825000000002 0.9772681899038461