0 0.2788461538461539 0.28846153846153844 0.11298076923076926 0.28846153846153844 0.11298076923076926 0.375 0.2788461538461539 0.375
0 0.31971153846153844 0.3798076923076923 0.12019230769230772 0.3798076923076923 0.12019230769230774 0.43509615384615385 0.31971153846153844 0.43509615384615385
0 0.32211538461538464 0.4375 0.12259615384615391 0.4375 0.12259615384615391 0.49278846153846156 0.32211538461538464 0.49278846153846156
0 0.35576923076923084 0.5024038461538461 0.1177884615384616 0.5024038461538461 0.1177884615384616 0.5985576923076923 0.3557692307692309 0.5985576923076923
0 0.75 0.25000000000000006 0.40625 0.25000000000000006 0.40625 0.35096153846153855 0.75 0.3509615384615386
0 0.5697115384615384 0.3774038461538462 0.4182692307692308 0.37740384615384615 0.4182692307692308 0.4711538461538462 0.5697115384615384 0.4711538461538463
0 0.608173076923077 0.483173076923077 0.4230769230769231 0.4831730769230769 0.42307692307692313 0.5721153846153847 0.6081730769230771 0.5721153846153848
0 0.6274038461538461 0.5937500000000001 0.41105769230769246 0.59375 0.41105769230769246 0.6802884615384616 0.6274038461538461 0.6802884615384616
0 0.4879807692307694 0.6971153846153846 0.4086538461538463 0.6971153846153846 0.4086538461538463 0.7836538461538461 0.4879807692307694 0.7836538461538461
0 0.8221153846153846 0.34855769230769246 0.65625 0.34855769230769246 0.65625 0.41105769230769246 0.8221153846153846 0.41105769230769246
0 0.8173076923076923 0.4302884615384617 0.6466346153846154 0.4302884615384617 0.6466346153846154 0.5168269230769232 0.8173076923076923 0.5168269230769232
0 0.8581730769230769 0.5264423076923078 0.6610576923076923 0.5264423076923078 0.6610576923076923 0.5841346153846155 0.8581730769230769 0.5841346153846155
0 0.7764423076923077 0.5841346153846155 0.6682692307692307 0.5841346153846155 0.6682692307692307 0.6514423076923077 0.7764423076923077 0.6514423076923077
0 0.9302884615384616 0.2500000000000001 0.8125 0.25000000000000006 0.8125 0.2980769230769232 0.9302884615384616 0.29807692307692324
0 0.8822115384615384 0.29567307692307704 0.8413461538461539 0.29567307692307704 0.8413461538461539 0.35817307692307704 0.8822115384615384 0.35817307692307704
0 0.9254807692307693 0.3437500000000001 0.8317307692307693 0.3437500000000001 0.8317307692307693 0.37980769230769246 0.9254807692307693 0.37980769230769246
0 0.9423076923076923 0.3774038461538463 0.8365384615384616 0.3774038461538463 0.8365384615384616 0.42307692307692324 0.9423076923076923 0.42307692307692324
0 0.9350961538461539 0.4182692307692309 0.8389423076923077 0.4182692307692309 0.8389423076923077 0.4447115384615386 0.9350961538461539 0.4447115384615386
0 0.9110576923076923 0.44711538461538475 0.8317307692307693 0.44711538461538475 0.8317307692307693 0.4807692307692309 0.9110576923076923 0.4807692307692309
0 0.9158653846153846 0.4807692307692309 0.84375 0.4807692307692309 0.84375 0.5240384615384617 0.9158653846153846 0.5240384615384617
2 0.9646933663932079 0.9107116572124868 0.9390346984871561 0.030428129244840674 0.048315487980769234 0.05639097836538461 0.07397415588682113 0.9366745063330307