0 0.6778846153846154 0.8076923076923077 0.5985576923076924 0.8076923076923077 0.5985576923076924 0.9206730769230769 0.6778846153846154 0.9206730769230769
0 0.5961538461538463 0.7932692307692307 0.5312500000000001 0.7932692307692307 0.5312500000000001 0.9206730769230769 0.5961538461538463 0.9206730769230769
0 0.5360576923076924 0.7836538461538461 0.47836538461538475 0.7836538461538461 0.47836538461538475 0.9206730769230769 0.5360576923076924 0.9206730769230769
0 0.48317307692307704 0.7692307692307693 0.3942307692307694 0.7692307692307693 0.3942307692307694 0.9182692307692307 0.48317307692307704 0.9182692307692307
0 0.7331730769230769 0.34134615384615397 0.6105769230769231 0.34134615384615397 0.6105769230769231 0.7139423076923077 0.7331730769230769 0.7139423076923077
0 0.5793269230769232 0.560096153846154 0.4759615384615386 0.5600961538461539 0.4759615384615386 0.6995192307692307 0.5793269230769232 0.6995192307692307
0 0.46394230769230776 0.5144230769230769 0.36778846153846156 0.5144230769230769 0.3677884615384616 0.7091346153846154 0.4639423076923078 0.7091346153846154
0 0.3629807692307693 0.5024038461538461 0.24519230769230776 0.5024038461538461 0.24519230769230776 0.7211538461538461 0.3629807692307694 0.7211538461538461
0 0.24278846153846162 0.6466346153846154 0.1442307692307693 0.6466346153846154 0.14423076923076933 0.7235576923076923 0.24278846153846162 0.7235576923076923
0 0.6201923076923077 0.24519230769230776 0.5240384615384616 0.24519230769230776 0.5240384615384616 0.45432692307692313 0.6201923076923077 0.45432692307692324
0 0.5264423076923077 0.24038461538461545 0.40384615384615385 0.24038461538461545 0.40384615384615385 0.4639423076923077 0.5264423076923077 0.4639423076923077
0 0.3918269230769231 0.20432692307692316 0.3173076923076923 0.20432692307692316 0.3173076923076923 0.4543269230769231 0.3918269230769231 0.4543269230769231
0 0.31971153846153844 0.31009615384615385 0.22355769230769237 0.31009615384615385 0.22355769230769237 0.44711538461538464 0.31971153846153844 0.44711538461538464
0 0.7692307692307693 0.040865384615384706 0.7019230769230769 0.0408653846153847 0.7019230769230769 0.21394230769230776 0.7692307692307693 0.21394230769230776
0 0.6995192307692307 0.12500000000000008 0.6274038461538461 0.12500000000000006 0.6274038461538461 0.19471153846153852 0.6995192307692307 0.19471153846153852
0 0.6370192307692307 0.05528846153846161 0.5721153846153846 0.055288461538461606 0.5721153846153846 0.1971153846153847 0.6370192307692307 0.1971153846153847
0 0.5769230769230769 0.02884615384615391 0.5216346153846154 0.028846153846153907 0.5216346153846154 0.18750000000000006 0.5769230769230769 0.18750000000000006
0 0.5240384615384616 0.0552884615384616 0.47115384615384615 0.05528846153846159 0.47115384615384615 0.21153846153846162 0.5240384615384616 0.21153846153846162
0 0.4831730769230769 0.09134615384615391 0.4326923076923077 0.09134615384615391 0.4326923076923077 0.20192307692307698 0.4831730769230769 0.20192307692307698
0 0.43028846153846156 0.07211538461538466 0.3629807692307692 0.07211538461538466 0.3629807692307692 0.1971153846153847 0.43028846153846156 0.1971153846153847
2 0.918304383651458 0.9574614519844931 0.9128908822115385 0.008929235576923076 0.07138444994238559 0.013731915131702703 0.07679795138230493 0.9622641315392728