0 0.6730769230769231 0.25000000000000006 0.3076923076923077 0.25000000000000006 0.3076923076923077 0.4038461538461539 0.6730769230769231 0.40384615384615397
0 0.20913461538461545 0.30288461538461536 0.06971153846153849 0.30288461538461536 0.0697115384615385 0.3870192307692308 0.20913461538461545 0.3870192307692308
0 0.22596153846153852 0.3870192307692308 0.07692307692307696 0.3870192307692308 0.07692307692307697 0.46153846153846156 0.22596153846153852 0.46153846153846156
0 0.23557692307692316 0.46634615384615385 0.076923076923077 0.46634615384615385 0.076923076923077 0.5240384615384616 0.23557692307692316 0.5240384615384616
0 0.22596153846153852 0.5264423076923077 0.07451923076923084 0.5264423076923077 0.07451923076923084 0.5697115384615384 0.22596153846153852 0.5697115384615384
0 0.25721153846153855 0.5769230769230769 0.07932692307692314 0.5769230769230769 0.07932692307692314 0.6322115384615384 0.25721153846153855 0.6322115384615384
0 0.4639423076923077 0.4182692307692308 0.32211538461538464 0.4182692307692308 0.32211538461538464 0.5384615384615384 0.4639423076923077 0.5384615384615384
0 0.5048076923076924 0.5552884615384616 0.3076923076923077 0.5552884615384616 0.30769230769230776 0.6586538461538461 0.5048076923076924 0.6586538461538461
0 0.5048076923076924 0.6730769230769231 0.3004807692307693 0.6730769230769231 0.3004807692307693 0.7788461538461539 0.5048076923076924 0.7788461538461539
0 0.3750000000000001 0.7836538461538461 0.2908653846153847 0.7836538461538461 0.2908653846153847 0.8894230769230769 0.3750000000000001 0.8894230769230769
0 0.75 0.4086538461538463 0.5649038461538461 0.4086538461538463 0.5649038461538461 0.48317307692307704 0.75 0.48317307692307704
0 0.7596153846153846 0.4903846153846155 0.5432692307692307 0.49038461538461536 0.5432692307692308 0.625 0.7596153846153846 0.625
0 0.7884615384615384 0.6370192307692307 0.5625000000000001 0.6370192307692307 0.5625000000000001 0.7091346153846154 0.7884615384615384 0.7091346153846154
0 0.6947115384615384 0.7043269230769231 0.5697115384615385 0.7043269230769231 0.5697115384615385 0.7764423076923077 0.6947115384615384 0.7764423076923077
0 0.9230769230769231 0.2548076923076924 0.7836538461538461 0.2548076923076924 0.7836538461538461 0.3389423076923078 0.9230769230769231 0.3389423076923078
0 0.8533653846153846 0.33413461538461553 0.8004807692307693 0.33413461538461553 0.8004807692307693 0.4086538461538463 0.8533653846153846 0.4086538461538463
0 0.9278846153846154 0.4014423076923078 0.7884615384615384 0.4014423076923078 0.7884615384615384 0.45192307692307704 0.9278846153846154 0.45192307692307704
0 0.9399038461538461 0.45432692307692324 0.7956730769230769 0.45432692307692324 0.7956730769230769 0.5000000000000001 0.9399038461538461 0.5000000000000001
0 0.9230769230769231 0.5024038461538463 0.7836538461538461 0.5024038461538463 0.7836538461538461 0.5456730769230771 0.9230769230769231 0.5456730769230771
0 0.8870192307692307 0.5504807692307694 0.7908653846153846 0.5504807692307694 0.7908653846153846 0.5841346153846155 0.8870192307692307 0.5841346153846155
0 0.9086538461538461 0.591346153846154 0.7932692307692307 0.591346153846154 0.7932692307692307 0.6538461538461539 0.9086538461538461 0.6538461538461539
2 0.9551546287482171 0.07985484074160137 0.033385497596153856 0.06994404567307694 0.02399799523487374 0.9430435130131412 0.9457671263869369 0.9529543080816656