0 0.18028846153846162 0.33413461538461536 0.06971153846153849 0.33413461538461536 0.0697115384615385 0.4110576923076923 0.18028846153846162 0.4110576923076923
0 0.1971153846153847 0.41586538461538464 0.06971153846153852 0.41586538461538464 0.06971153846153852 0.47836538461538464 0.1971153846153847 0.47836538461538464
0 0.2067307692307693 0.4735576923076923 0.07211538461538466 0.4735576923076923 0.07211538461538468 0.53125 0.2067307692307693 0.53125
0 0.22355769230769237 0.5264423076923077 0.076923076923077 0.5264423076923077 0.076923076923077 0.6153846153846154 0.22355769230769237 0.6153846153846154
0 0.6466346153846154 0.2764423076923077 0.2764423076923077 0.2764423076923077 0.2764423076923077 0.3942307692307693 0.6466346153846154 0.3942307692307694
0 0.43028846153846156 0.42788461538461536 0.29326923076923084 0.42788461538461536 0.29326923076923084 0.53125 0.43028846153846156 0.53125
0 0.4783653846153847 0.5456730769230769 0.2836538461538462 0.5456730769230769 0.2836538461538462 0.6394230769230769 0.47836538461538475 0.6394230769230769
0 0.4927884615384617 0.6466346153846154 0.2740384615384616 0.6466346153846154 0.2740384615384616 0.7596153846153846 0.4927884615384617 0.7596153846153846
0 0.3509615384615386 0.7668269230769231 0.27644230769230776 0.7668269230769231 0.2764423076923078 0.8629807692307693 0.3509615384615386 0.8629807692307693
0 0.7427884615384616 0.3846153846153847 0.5384615384615384 0.38461538461538464 0.5384615384615384 0.4783653846153847 0.7427884615384616 0.47836538461538475
0 0.75 0.4783653846153847 0.5288461538461539 0.47836538461538464 0.528846153846154 0.5985576923076924 0.75 0.5985576923076924
0 0.7908653846153846 0.6129807692307693 0.5384615384615385 0.6129807692307693 0.5384615384615385 0.6850961538461539 0.7908653846153846 0.6850961538461539
0 0.6850961538461539 0.6875 0.5504807692307694 0.6875 0.5504807692307694 0.78125 0.6850961538461539 0.78125
0 0.9471153846153846 0.23557692307692318 0.7740384615384616 0.23557692307692316 0.7740384615384616 0.30048076923076933 0.9471153846153846 0.3004807692307694
0 0.8629807692307693 0.3028846153846155 0.7932692307692307 0.3028846153846155 0.7932692307692307 0.3750000000000001 0.8629807692307693 0.3750000000000001
0 0.9350961538461539 0.3677884615384617 0.7932692307692307 0.3677884615384617 0.7932692307692307 0.4302884615384617 0.9350961538461539 0.4302884615384617
0 0.9615384615384616 0.4254807692307694 0.8028846153846154 0.4254807692307694 0.8028846153846154 0.4807692307692309 0.9615384615384616 0.4807692307692309
0 0.9350961538461539 0.4807692307692309 0.78125 0.4807692307692309 0.78125 0.5312500000000001 0.9350961538461539 0.5312500000000001
0 0.9014423076923077 0.5192307692307694 0.7908653846153846 0.5192307692307694 0.7908653846153846 0.5673076923076924 0.9014423076923077 0.5673076923076924
0 0.9206730769230769 0.5721153846153848 0.7980769230769231 0.5721153846153848 0.7980769230769231 0.6394230769230769 0.9206730769230769 0.6394230769230769
2 0.9751412427884616 0.0873983750000001 0.027234654562499856 0.08485261750192521 0.024974767543268946 0.9263160309634636 0.9728813557692307 0.9288617884615386