0 0.7043269230769231 0.13701923076923087 0.6033653846153846 0.13701923076923084 0.6033653846153846 0.3076923076923078 0.7043269230769231 0.3076923076923078
0 0.6081730769230769 0.14182692307692316 0.5408653846153846 0.14182692307692316 0.5408653846153846 0.3461538461538462 0.6081730769230769 0.3461538461538463
0 0.5504807692307693 0.1442307692307693 0.4831730769230769 0.1442307692307693 0.4831730769230769 0.34615384615384615 0.5504807692307693 0.34615384615384615
0 0.49038461538461536 0.13461538461538466 0.37259615384615385 0.13461538461538464 0.37259615384615385 0.375 0.49038461538461536 0.375
0 0.7163461538461539 0.4326923076923078 0.5889423076923077 0.4326923076923078 0.5889423076923077 0.7788461538461539 0.7163461538461539 0.7788461538461539
0 0.5889423076923077 0.4399038461538462 0.4831730769230769 0.43990384615384615 0.483173076923077 0.5961538461538463 0.5889423076923078 0.5961538461538463
0 0.483173076923077 0.43990384615384615 0.37740384615384615 0.43990384615384615 0.3774038461538462 0.6274038461538461 0.48317307692307704 0.6274038461538461
0 0.3725961538461539 0.4230769230769231 0.2692307692307693 0.4230769230769231 0.2692307692307693 0.6442307692307693 0.37259615384615397 0.6442307692307693
0 0.2692307692307693 0.4182692307692308 0.1754807692307693 0.4182692307692308 0.1754807692307693 0.5 0.2692307692307693 0.5
0 0.5985576923076924 0.6826923076923077 0.5240384615384617 0.6826923076923077 0.5240384615384617 0.8485576923076923 0.5985576923076924 0.8485576923076923
0 0.5192307692307694 0.6658653846153846 0.4182692307692309 0.6658653846153846 0.4182692307692309 0.8389423076923077 0.5192307692307694 0.8389423076923077
0 0.42067307692307704 0.6778846153846154 0.3461538461538463 0.6778846153846154 0.3461538461538463 0.8774038461538461 0.42067307692307704 0.8774038461538461
0 0.3629807692307694 0.6826923076923077 0.2860576923076924 0.6826923076923077 0.2860576923076924 0.7932692307692307 0.3629807692307694 0.7932692307692307
0 0.6826923076923077 0.8389423076923077 0.625 0.8389423076923077 0.625 0.9615384615384616 0.6826923076923077 0.9615384615384616
0 0.6370192307692307 0.8677884615384616 0.5721153846153848 0.8677884615384616 0.5721153846153848 0.9110576923076923 0.6370192307692307 0.9110576923076923
0 0.5889423076923078 0.8557692307692307 0.5456730769230771 0.8557692307692307 0.5456730769230771 0.9543269230769231 0.5889423076923078 0.9543269230769231
0 0.5552884615384617 0.8605769230769231 0.5024038461538463 0.8605769230769231 0.5024038461538463 0.96875 0.5552884615384617 0.96875
0 0.5144230769230771 0.8605769230769231 0.47836538461538475 0.8605769230769231 0.47836538461538475 0.9591346153846154 0.5144230769230771 0.9591346153846154
0 0.48557692307692324 0.8509615384615384 0.4447115384615386 0.8509615384615384 0.4447115384615386 0.9350961538461539 0.48557692307692324 0.9350961538461539
0 0.45192307692307704 0.8629807692307693 0.4014423076923078 0.8629807692307693 0.4014423076923078 0.9375 0.45192307692307704 0.9375
2 0.9499416042420387 0.9748814119454011 0.9396608573066454 0.08640118797053772 0.05623504326923078 0.09662344951923077 0.06651579020462403 0.9851036734940942