0 0.45913461538461553 0.8052884615384616 0.3750000000000001 0.8052884615384616 0.3750000000000001 0.9182692307692307 0.45913461538461553 0.9182692307692307
0 0.5264423076923078 0.7860576923076923 0.45913461538461553 0.7860576923076923 0.45913461538461553 0.9158653846153846 0.5264423076923078 0.9158653846153846
0 0.5793269230769232 0.7740384615384616 0.5144230769230771 0.7740384615384616 0.5144230769230771 0.9110576923076923 0.5793269230769232 0.9110576923076923
0 0.6634615384615384 0.7572115384615384 0.5673076923076924 0.7572115384615384 0.5673076923076924 0.90625 0.6634615384615384 0.90625
0 0.43269230769230776 0.3389423076923077 0.295673076923077 0.3389423076923077 0.295673076923077 0.7139423076923077 0.4326923076923078 0.7139423076923077
0 0.5673076923076924 0.5528846153846154 0.45913461538461536 0.5528846153846154 0.4591346153846155 0.6923076923076923 0.5673076923076924 0.6923076923076923
0 0.6754807692307693 0.5000000000000001 0.5721153846153846 0.5000000000000001 0.5721153846153847 0.6971153846153846 0.6754807692307693 0.6971153846153846
0 0.7980769230769231 0.4807692307692309 0.6730769230769231 0.4807692307692309 0.6730769230769231 0.7019230769230769 0.7980769230769231 0.7019230769230769
0 0.9014423076923077 0.6201923076923077 0.8004807692307693 0.6201923076923077 0.8004807692307693 0.6971153846153846 0.9014423076923077 0.6971153846153846
0 0.5024038461538461 0.24038461538461545 0.39903846153846156 0.24038461538461545 0.39903846153846156 0.4495192307692308 0.5024038461538461 0.4495192307692308
0 0.6225961538461539 0.2283653846153847 0.49038461538461536 0.2283653846153847 0.49038461538461536 0.45432692307692313 0.6225961538461539 0.45432692307692324
0 0.7091346153846154 0.18750000000000006 0.625 0.18750000000000006 0.625 0.4399038461538463 0.7091346153846154 0.4399038461538463
0 0.8028846153846154 0.28846153846153855 0.7019230769230769 0.28846153846153855 0.7019230769230769 0.42788461538461553 0.8028846153846154 0.42788461538461553
0 0.31009615384615385 0.0432692307692308 0.23798076923076922 0.0432692307692308 0.23798076923076922 0.21875000000000003 0.31009615384615385 0.21875000000000006
0 0.38461538461538464 0.12500000000000003 0.31009615384615385 0.12500000000000003 0.31009615384615385 0.19471153846153852 0.38461538461538464 0.19471153846153852
0 0.43990384615384615 0.05048076923076928 0.3701923076923077 0.05048076923076928 0.3701923076923077 0.19471153846153852 0.43990384615384615 0.19471153846153852
0 0.49038461538461536 0.02163461538461544 0.4254807692307692 0.021634615384615436 0.4254807692307692 0.18269230769230776 0.49038461538461536 0.18269230769230776
0 0.5408653846153846 0.04567307692307698 0.4831730769230769 0.045673076923076976 0.4831730769230769 0.20192307692307698 0.5408653846153846 0.20192307692307698
0 0.5793269230769231 0.07932692307692314 0.5240384615384616 0.07932692307692314 0.5240384615384616 0.18990384615384623 0.5793269230769231 0.18990384615384623
0 0.6490384615384616 0.05769230769230777 0.5745192307692307 0.05769230769230776 0.5745192307692307 0.18269230769230776 0.6490384615384616 0.18269230769230776
2 0.9840406016219431 0.9215945444715044 0.9288717740245382 -0.027053558233550927 0.08870116826923077 0.021806737980769233 0.14386999586663568 0.9704548406858244