0 0.7139423076923077 0.08413461538461547 0.6322115384615384 0.08413461538461545 0.6322115384615384 0.18990384615384623 0.7139423076923077 0.18990384615384623
0 0.6442307692307693 0.07211538461538469 0.5721153846153846 0.07211538461538468 0.5721153846153846 0.1971153846153847 0.6442307692307693 0.1971153846153847
0 0.5721153846153846 0.06971153846153853 0.5168269230769231 0.06971153846153853 0.5168269230769231 0.19951923076923084 0.5721153846153846 0.19951923076923084
0 0.5240384615384616 0.0600961538461539 0.46875 0.060096153846153896 0.46875 0.19471153846153852 0.5240384615384616 0.19471153846153852
0 0.4831730769230769 0.06971153846153852 0.4230769230769231 0.06971153846153852 0.4230769230769231 0.17067307692307698 0.4831730769230769 0.17067307692307698
0 0.7524038461538461 0.27644230769230776 0.59375 0.27644230769230776 0.5937500000000001 0.6394230769230769 0.7524038461538461 0.6394230769230769
0 0.5889423076923077 0.28846153846153855 0.5048076923076923 0.28846153846153855 0.5048076923076923 0.3774038461538462 0.5889423076923077 0.3774038461538463
0 0.7067307692307693 0.7596153846153846 0.6274038461538461 0.7596153846153846 0.6274038461538461 0.9302884615384616 0.7067307692307693 0.9302884615384616
0 0.6322115384615384 0.7836538461538461 0.560096153846154 0.7836538461538461 0.560096153846154 0.8509615384615384 0.6322115384615384 0.8509615384615384
0 0.560096153846154 0.7788461538461539 0.5048076923076924 0.7788461538461539 0.5048076923076924 0.9350961538461539 0.560096153846154 0.9350961538461539
0 0.5072115384615385 0.7764423076923077 0.44711538461538475 0.7764423076923077 0.44711538461538475 0.9447115384615384 0.5072115384615385 0.9447115384615384
0 0.4567307692307694 0.7764423076923077 0.4014423076923078 0.7764423076923077 0.4014423076923078 0.9230769230769231 0.4567307692307694 0.9230769230769231
0 0.41586538461538475 0.7788461538461539 0.3629807692307694 0.7788461538461539 0.3629807692307694 0.8822115384615384 0.41586538461538475 0.8822115384615384
0 0.3677884615384617 0.7716346153846154 0.28846153846153855 0.7716346153846154 0.28846153846153855 0.9014423076923077 0.3677884615384617 0.9014423076923077
1 0.6850961538461539 0.10576923076923081 0.01923076923076925 0.10576923076923077 0.019230769230769256 0.3004807692307693 0.6850961538461539 0.3004807692307693
2 0.9147754086538463 0.05638041105769244 0.08387807145436464 -0.027650433184145055 -0.014286669412800853 0.9430029326045487 0.8166106677866808 1.0270337768463862