0 0.3942307692307694 0.7836538461538461 0.3052884615384616 0.7836538461538461 0.3052884615384616 0.9158653846153846 0.3942307692307694 0.9158653846153846
0 0.47355769230769246 0.7620192307692307 0.3942307692307694 0.7620192307692307 0.3942307692307694 0.9278846153846154 0.47355769230769246 0.9278846153846154
0 0.5312500000000001 0.7548076923076923 0.4639423076923078 0.7548076923076923 0.4639423076923078 0.9134615384615384 0.5312500000000001 0.9134615384615384
0 0.5841346153846155 0.75 0.528846153846154 0.75 0.528846153846154 0.9182692307692307 0.5841346153846155 0.9182692307692307
0 0.6442307692307693 0.7355769230769231 0.5817307692307694 0.7355769230769231 0.5817307692307694 0.9158653846153846 0.6442307692307693 0.9158653846153846
0 0.40625000000000006 0.3028846153846154 0.2548076923076924 0.30288461538461536 0.2548076923076924 0.6730769230769231 0.4062500000000001 0.6730769230769231
0 0.5216346153846154 0.5024038461538461 0.4206730769230769 0.5024038461538461 0.420673076923077 0.65625 0.5216346153846155 0.65625
0 0.6370192307692307 0.4591346153846155 0.5360576923076923 0.45913461538461536 0.5360576923076924 0.6298076923076923 0.6370192307692307 0.6298076923076923
0 0.7884615384615384 0.4495192307692309 0.6610576923076923 0.4495192307692309 0.6610576923076923 0.6706730769230769 0.7884615384615384 0.6706730769230769
0 0.31009615384615385 0.05769230769230772 0.2403846153846154 0.05769230769230772 0.2403846153846154 0.1947115384615385 0.31009615384615385 0.19471153846153852
0 0.37740384615384615 0.10336538461538465 0.31009615384615385 0.10336538461538465 0.31009615384615385 0.16826923076923084 0.37740384615384615 0.16826923076923084
0 0.4254807692307692 0.043269230769230824 0.375 0.043269230769230824 0.375 0.16826923076923084 0.4254807692307692 0.16826923076923084
0 0.46875 0.026442307692307748 0.43028846153846156 0.026442307692307744 0.43028846153846156 0.18750000000000006 0.46875 0.18750000000000006
0 0.5240384615384616 0.03846153846153852 0.47115384615384615 0.03846153846153851 0.47115384615384615 0.18269230769230776 0.5240384615384616 0.18269230769230776
0 0.5600961538461539 0.07451923076923084 0.5240384615384616 0.07451923076923084 0.5240384615384616 0.18028846153846162 0.5600961538461539 0.18028846153846162
0 0.625 0.06009615384615392 0.5673076923076923 0.06009615384615392 0.5673076923076923 0.16346153846153852 0.625 0.16346153846153852
1 1 0.5745192307692308 0.4639423076923078 0.5745192307692307 0.4639423076923078 0.875 1 0.875
2 0.9632852259615384 0.94396165625 0.9418204404672218 -0.0003175373751447787 0.0458371592172218 0.020049414547932236 0.06730194471153847 0.964328608173077