0 0.36538461538461553 0.7620192307692307 0.2788461538461539 0.7620192307692307 0.27884615384615397 0.9110576923076923 0.36538461538461553 0.9110576923076923
0 0.37019230769230776 0.31009615384615385 0.22596153846153852 0.31009615384615385 0.22596153846153852 0.6826923076923077 0.3701923076923078 0.6826923076923077
0 0.29086538461538464 0.06971153846153849 0.2091346153846154 0.06971153846153848 0.2091346153846154 0.20673076923076927 0.29086538461538464 0.2067307692307693
0 0.34375 0.12980769230769235 0.27403846153846156 0.12980769230769235 0.27403846153846156 0.19230769230769235 0.34375 0.19230769230769237
0 0.39903846153846156 0.0649038461538462 0.3293269230769231 0.06490384615384619 0.3293269230769231 0.20192307692307698 0.39903846153846156 0.20192307692307698
0 0.4375 0.040865384615384664 0.39663461538461536 0.040865384615384664 0.39663461538461536 0.18990384615384623 0.4375 0.18990384615384623
0 0.4831730769230769 0.0649038461538462 0.43990384615384615 0.0649038461538462 0.43990384615384615 0.1971153846153847 0.4831730769230769 0.1971153846153847
0 0.5216346153846154 0.09134615384615391 0.47836538461538464 0.09134615384615391 0.47836538461538464 0.18750000000000006 0.5216346153846154 0.18750000000000006
0 0.5961538461538461 0.06730769230769237 0.5216346153846154 0.06730769230769237 0.5216346153846154 0.1850961538461539 0.5961538461538461 0.1850961538461539
0 0.42788461538461553 0.7980769230769231 0.3677884615384617 0.7980769230769231 0.3677884615384617 0.9014423076923077 0.42788461538461553 0.9014423076923077
0 0.48317307692307704 0.8052884615384616 0.4326923076923078 0.8052884615384616 0.4326923076923078 0.90625 0.48317307692307704 0.90625
0 0.543269230769231 0.8125 0.48317307692307704 0.8125 0.48317307692307704 0.9086538461538461 0.543269230769231 0.9086538461538461
0 0.5841346153846155 0.8125 0.5360576923076924 0.8125 0.5360576923076924 0.9086538461538461 0.5841346153846155 0.9086538461538461
0 0.4903846153846155 0.5072115384615384 0.3870192307692308 0.5072115384615384 0.38701923076923084 0.65625 0.49038461538461553 0.65625
0 0.6105769230769231 0.46394230769230776 0.49759615384615385 0.4639423076923077 0.4975961538461539 0.6610576923076923 0.6105769230769232 0.6610576923076923
1 0.9615384615384616 0.6514423076923077 0.3701923076923078 0.6514423076923077 0.3701923076923078 0.9375 0.9615384615384616 0.9375
2 0.9215037788461539 0.926431872596154 0.8905506849520587 0.019582829672788436 0.01800193495205861 0.04936516621124999 0.04895502884615385 0.9562142091346156