0 0.9495192307692307 0.2884615384615386 0.8389423076923077 0.2884615384615386 0.8389423076923077 0.3629807692307694 0.9495192307692307 0.3629807692307694
0 0.9663461538461539 0.36057692307692324 0.8365384615384616 0.36057692307692324 0.8365384615384616 0.4254807692307694 0.9663461538461539 0.4254807692307694
0 0.9735576923076923 0.4302884615384617 0.8389423076923077 0.4302884615384617 0.8389423076923077 0.47836538461538475 0.9735576923076923 0.47836538461538475
0 0.9855769230769231 0.4807692307692309 0.8461538461538461 0.4807692307692309 0.8461538461538461 0.528846153846154 0.9855769230769231 0.528846153846154
0 0.9783653846153846 0.5216346153846155 0.8725961538461539 0.5216346153846155 0.8725961538461539 0.574519230769231 0.9783653846153846 0.574519230769231
0 0.7572115384615384 0.23076923076923084 0.3870192307692308 0.23076923076923084 0.3870192307692308 0.3653846153846155 0.7572115384615384 0.36538461538461553
0 0.7524038461538461 0.39663461538461553 0.6586538461538461 0.39663461538461553 0.6586538461538461 0.47355769230769246 0.7524038461538461 0.47355769230769246
0 0.2692307692307693 0.23076923076923078 0.09615384615384619 0.23076923076923078 0.09615384615384619 0.3004807692307692 0.2692307692307693 0.3004807692307692
0 0.2524038461538462 0.30528846153846156 0.18028846153846162 0.30528846153846156 0.18028846153846162 0.375 0.2524038461538462 0.375
0 0.2596153846153847 0.37740384615384615 0.10096153846153849 0.37740384615384615 0.10096153846153852 0.4230769230769231 0.2596153846153847 0.4230769230769231
0 0.26682692307692313 0.43028846153846156 0.09615384615384623 0.43028846153846156 0.09615384615384623 0.4807692307692308 0.26682692307692313 0.4807692307692308
0 0.2692307692307693 0.4807692307692308 0.12019230769230776 0.4807692307692308 0.12019230769230776 0.5264423076923077 0.2692307692307693 0.5264423076923077
0 0.2692307692307693 0.5240384615384616 0.16346153846153852 0.5240384615384616 0.16346153846153852 0.5673076923076923 0.2692307692307693 0.5673076923076923
0 0.28125000000000006 0.5697115384615384 0.14663461538461545 0.5697115384615384 0.14663461538461545 0.6418269230769231 0.28125000000000006 0.6418269230769231
1 0.9663461538461539 0.3149038461538463 0.7307692307692307 0.3149038461538463 0.7307692307692307 0.96875 0.9663461538461539 0.96875
2 1.040864700331044 0.8568933452975822 0.9512004535025187 0.004341306794906963 0.03965286374839763 0.1002102090934785 0.12931711057692308 0.9527622475961538