0 0.6826923076923077 0.7764423076923077 0.5961538461538463 0.7764423076923077 0.5961538461538463 0.9254807692307693 0.6826923076923077 0.9254807692307693
0 0.75 0.32692307692307704 0.6057692307692307 0.32692307692307704 0.6057692307692308 0.6971153846153846 0.75 0.6971153846153846
0 0.7836538461538461 0.08413461538461549 0.7019230769230769 0.08413461538461549 0.7019230769230769 0.22115384615384623 0.7836538461538461 0.22115384615384623
0 0.71875 0.14423076923076933 0.6490384615384616 0.1442307692307693 0.6490384615384616 0.2067307692307693 0.71875 0.2067307692307693
0 0.6634615384615384 0.0817307692307693 0.59375 0.0817307692307693 0.59375 0.2163461538461539 0.6634615384615384 0.2163461538461539
0 0.5961538461538461 0.05769230769230776 0.5552884615384616 0.05769230769230776 0.5552884615384616 0.20432692307692316 0.5961538461538461 0.20432692307692316
0 0.5528846153846154 0.0817307692307693 0.5096153846153846 0.0817307692307693 0.5096153846153846 0.21394230769230776 0.5528846153846154 0.21394230769230776
0 0.5144230769230769 0.108173076923077 0.47115384615384615 0.108173076923077 0.47115384615384615 0.2067307692307693 0.5144230769230769 0.2067307692307693
0 0.47115384615384615 0.08653846153846159 0.39663461538461536 0.08653846153846158 0.39663461538461536 0.20192307692307698 0.47115384615384615 0.20192307692307698
0 0.5937500000000001 0.8149038461538461 0.5336538461538463 0.8149038461538461 0.5336538461538463 0.9158653846153846 0.5937500000000001 0.9158653846153846
0 0.5264423076923078 0.8221153846153846 0.4759615384615386 0.8221153846153846 0.4759615384615386 0.9230769230769231 0.5264423076923078 0.9230769230769231
0 0.47836538461538475 0.8293269230769231 0.4182692307692309 0.8293269230769231 0.4182692307692309 0.9254807692307693 0.47836538461538475 0.9254807692307693
0 0.4254807692307694 0.8293269230769231 0.3774038461538463 0.8293269230769231 0.3774038461538463 0.9278846153846154 0.4254807692307694 0.9278846153846154
0 0.5841346153846154 0.5240384615384616 0.4807692307692308 0.5240384615384616 0.48076923076923084 0.6730769230769231 0.5841346153846155 0.6730769230769231
0 0.47596153846153855 0.4831730769230769 0.3629807692307692 0.4831730769230769 0.3629807692307693 0.6778846153846154 0.4759615384615386 0.6778846153846154
1 0.591346153846154 0.6730769230769231 8.242814994261032e-17 0.6730769230769231 9.964974555561998e-17 0.9543269230769231 0.591346153846154 0.9543269230769231
2 0.9170329434653729 0.059657052812576265 0.04481511976029583 0.04950788012181211 0.03423768591030754 0.9585303801938513 0.9064555096153846 0.9686795528846154