0 0.21153846153846162 0.30288461538461536 0.08173076923076926 0.30288461538461536 0.08173076923076926 0.375 0.21153846153846162 0.375
0 0.22115384615384623 0.37740384615384615 0.07451923076923082 0.37740384615384615 0.07451923076923082 0.44471153846153844 0.22115384615384623 0.44471153846153844
0 0.2283653846153847 0.4375 0.0817307692307693 0.4375 0.0817307692307693 0.5 0.2283653846153847 0.5
0 0.22355769230769237 0.4951923076923077 0.07932692307692314 0.4951923076923077 0.07932692307692314 0.5528846153846154 0.22355769230769237 0.5528846153846154
0 0.2548076923076924 0.5528846153846154 0.07451923076923084 0.5528846153846154 0.07451923076923084 0.6177884615384616 0.2548076923076924 0.6177884615384616
0 0.6826923076923077 0.26201923076923084 0.3125 0.26201923076923084 0.3125 0.37500000000000006 0.6826923076923077 0.3750000000000001
0 0.4639423076923077 0.40865384615384615 0.32211538461538464 0.40865384615384615 0.32211538461538464 0.5096153846153846 0.4639423076923077 0.5096153846153846
0 0.5048076923076924 0.5288461538461539 0.31490384615384615 0.5288461538461539 0.3149038461538462 0.6177884615384616 0.5048076923076924 0.6177884615384616
0 0.5048076923076924 0.6346153846153846 0.3004807692307693 0.6346153846153846 0.3004807692307693 0.7379807692307693 0.5048076923076924 0.7379807692307693
0 0.3774038461538463 0.7572115384615384 0.3004807692307693 0.7572115384615384 0.30048076923076933 0.84375 0.3774038461538463 0.84375
0 0.7620192307692307 0.38942307692307704 0.5649038461538461 0.38942307692307704 0.5649038461538461 0.4711538461538463 0.7620192307692307 0.4711538461538463
0 0.7548076923076923 0.48076923076923084 0.5432692307692307 0.4807692307692308 0.5432692307692307 0.5504807692307693 0.7548076923076923 0.5504807692307694
0 0.6346153846153846 0.5408653846153848 0.5600961538461539 0.5408653846153848 0.560096153846154 0.6009615384615385 0.6346153846153846 0.6009615384615385
0 0.7956730769230769 0.6129807692307694 0.5625000000000001 0.6129807692307694 0.5625000000000001 0.6923076923076923 0.7956730769230769 0.6923076923076923
0 0.6899038461538461 0.6754807692307693 0.5625000000000001 0.6754807692307693 0.5625000000000001 0.7427884615384616 0.6899038461538461 0.7427884615384616
0 0.9230769230769231 0.2620192307692309 0.7764423076923077 0.26201923076923084 0.7764423076923077 0.3197115384615386 0.9230769230769231 0.3197115384615386
0 0.8581730769230769 0.32211538461538475 0.7932692307692307 0.32211538461538475 0.7932692307692307 0.39182692307692324 0.8581730769230769 0.39182692307692324
0 0.9230769230769231 0.38942307692307704 0.7908653846153846 0.38942307692307704 0.7908653846153846 0.4375000000000001 0.9230769230769231 0.4375000000000001
0 0.9447115384615384 0.44230769230769246 0.8028846153846154 0.44230769230769246 0.8028846153846154 0.49038461538461553 0.9447115384615384 0.49038461538461553
0 0.9182692307692307 0.48557692307692324 0.7884615384615384 0.48557692307692324 0.7884615384615384 0.5384615384615385 0.9182692307692307 0.5384615384615385
0 0.8846153846153846 0.5312500000000001 0.78125 0.5312500000000001 0.78125 0.5697115384615385 0.8846153846153846 0.5697115384615385
0 0.9134615384615384 0.5625000000000001 0.7884615384615384 0.5625000000000001 0.7884615384615384 0.6442307692307693 0.9134615384615384 0.6442307692307693
2 0.9651011711416346 0.8935166626846306 0.9572053412478437 0.05662337394959171 0.03271028125 0.06534569951923078 0.04060611114379087 0.9022389882542696