0 0.6899038461538461 0.7427884615384616 0.6153846153846154 0.7427884615384616 0.6153846153846154 0.8774038461538461 0.6899038461538461 0.8774038461538461
0 0.6129807692307694 0.7379807692307693 0.5456730769230771 0.7379807692307693 0.5456730769230771 0.8918269230769231 0.6129807692307694 0.8918269230769231
0 0.5528846153846155 0.7379807692307693 0.49038461538461553 0.7379807692307693 0.49038461538461553 0.8846153846153846 0.5528846153846155 0.8846153846153846
0 0.4951923076923078 0.7451923076923077 0.4375000000000001 0.7451923076923077 0.4375000000000001 0.8942307692307693 0.4951923076923078 0.8942307692307693
0 0.4375000000000001 0.7163461538461539 0.37259615384615397 0.7163461538461539 0.37259615384615397 0.9014423076923077 0.4375000000000001 0.9014423076923077
0 0.7355769230769231 0.2692307692307693 0.6153846153846154 0.2692307692307693 0.6153846153846154 0.6466346153846154 0.7355769230769231 0.6466346153846154
0 0.5841346153846154 0.5000000000000001 0.4831730769230769 0.5 0.483173076923077 0.6466346153846154 0.5841346153846155 0.6466346153846154
0 0.4663461538461539 0.4639423076923077 0.375 0.4639423076923077 0.37500000000000006 0.6610576923076923 0.46634615384615397 0.6610576923076923
0 0.36057692307692313 0.4735576923076923 0.2548076923076924 0.4735576923076923 0.2548076923076924 0.6850961538461539 0.36057692307692324 0.6850961538461539
0 0.23557692307692316 0.6081730769230769 0.14903846153846162 0.6081730769230769 0.14903846153846162 0.6899038461538461 0.23557692307692316 0.6899038461538461
0 0.6081730769230769 0.19951923076923084 0.5240384615384616 0.19951923076923084 0.5240384615384616 0.40144230769230776 0.6081730769230769 0.4014423076923078
0 0.5168269230769231 0.21153846153846162 0.44471153846153844 0.21153846153846162 0.44471153846153844 0.42788461538461536 0.5168269230769231 0.42788461538461536
0 0.4543269230769231 0.33653846153846156 0.3942307692307692 0.33653846153846156 0.3942307692307692 0.41586538461538464 0.4543269230769231 0.41586538461538464
0 0.38461538461538464 0.17788461538461545 0.30288461538461536 0.17788461538461545 0.3028846153846154 0.4182692307692308 0.38461538461538464 0.4182692307692308
0 0.32211538461538464 0.2884615384615385 0.2524038461538462 0.28846153846153844 0.2524038461538462 0.4206730769230769 0.32211538461538464 0.4206730769230769
0 0.7379807692307693 0.03125000000000009 0.6778846153846154 0.03125000000000008 0.6778846153846154 0.17788461538461545 0.7379807692307693 0.17788461538461545
0 0.6754807692307693 0.09855769230769237 0.6057692307692307 0.09855769230769237 0.6057692307692307 0.1658653846153847 0.6754807692307693 0.1658653846153847
0 0.6105769230769231 0.03846153846153853 0.5600961538461539 0.03846153846153853 0.5600961538461539 0.17307692307692316 0.6105769230769231 0.17307692307692316
0 0.5576923076923077 0.02163461538461545 0.5072115384615384 0.021634615384615443 0.5072115384615384 0.1658653846153847 0.5576923076923077 0.1658653846153847
0 0.5144230769230769 0.05048076923076929 0.45913461538461536 0.05048076923076928 0.45913461538461536 0.18269230769230776 0.5144230769230769 0.18269230769230776
0 0.46634615384615385 0.0865384615384616 0.42788461538461536 0.0865384615384616 0.42788461538461536 0.19230769230769237 0.46634615384615385 0.19230769230769237
0 0.4375 0.057692307692307744 0.35336538461538464 0.057692307692307744 0.35336538461538464 0.18990384615384623 0.4375 0.18990384615384623
2 0.9233988653846155 0.9073943485576924 0.8787842210588075 -0.008044489105989141 0.0420872066357304 0.03273260945170299 0.08670185096153846 0.9481714471153845