0 0.6706730769230769 0.12019230769230776 0.5865384615384616 0.12019230769230776 0.5865384615384616 0.25721153846153855 0.6706730769230769 0.25721153846153855
0 0.59375 0.1177884615384616 0.5216346153846154 0.1177884615384616 0.5216346153846154 0.26682692307692313 0.59375 0.26682692307692313
0 0.5240384615384616 0.10336538461538468 0.46634615384615385 0.10336538461538468 0.46634615384615385 0.2379807692307693 0.5240384615384616 0.2379807692307693
0 0.46875 0.11057692307692314 0.4206730769230769 0.11057692307692314 0.4206730769230769 0.2524038461538462 0.46875 0.2524038461538462
0 0.4254807692307692 0.10336538461538466 0.3701923076923077 0.10336538461538465 0.3701923076923077 0.24519230769230776 0.4254807692307692 0.24519230769230776
0 0.78125 0.8317307692307693 0.6995192307692307 0.8317307692307693 0.6995192307692307 0.9783653846153846 0.78125 0.9783653846153846
0 0.7043269230769231 0.8413461538461539 0.6490384615384616 0.8413461538461539 0.6490384615384616 0.8990384615384616 0.7043269230769231 0.8990384615384616
0 0.6634615384615384 0.8317307692307693 0.5985576923076924 0.8317307692307693 0.5985576923076924 0.9663461538461539 0.6634615384615384 0.9663461538461539
0 0.6033653846153848 0.8413461538461539 0.5504807692307694 0.8413461538461539 0.5504807692307694 0.9783653846153846 0.6033653846153848 0.9783653846153846
0 0.5576923076923078 0.8245192307692307 0.42307692307692324 0.8245192307692307 0.42307692307692324 0.9615384615384616 0.5576923076923078 0.9615384615384616
1 0.6177884615384616 0.17067307692307696 0.016826923076923097 0.17067307692307693 0.016826923076923114 0.4158653846153847 0.6177884615384616 0.41586538461538475
2 0.8904609951923076 0.9997349326923076 0.8821034237947009 0.05776995693088675 0.05710868028846154 0.06508971153846153 0.06546625168606837 1.0070546872998825