0 0.39903846153846156 0.08413461538461542 0.2956730769230769 0.08413461538461542 0.2956730769230769 0.22596153846153852 0.39903846153846156 0.22596153846153852
0 0.46634615384615385 0.08653846153846159 0.39903846153846156 0.08653846153846158 0.39903846153846156 0.24038461538461545 0.46634615384615385 0.24038461538461545
0 0.5288461538461539 0.09134615384615391 0.4639423076923077 0.09134615384615391 0.4639423076923077 0.2475961538461539 0.5288461538461539 0.2475961538461539
0 0.5745192307692307 0.0865384615384616 0.5120192307692307 0.0865384615384616 0.5120192307692307 0.2379807692307693 0.5745192307692307 0.2379807692307693
0 0.6274038461538461 0.0865384615384616 0.5673076923076923 0.0865384615384616 0.5673076923076923 0.21394230769230776 0.6274038461538461 0.21394230769230776
0 0.4423076923076924 0.3245192307692308 0.2908653846153847 0.3245192307692308 0.2908653846153847 0.6899038461538461 0.44230769230769246 0.6899038461538461
0 0.5432692307692307 0.3317307692307692 0.43509615384615385 0.3317307692307692 0.43509615384615385 0.4831730769230769 0.5432692307692307 0.4831730769230769
0 0.6706730769230769 0.3341346153846155 0.5480769230769231 0.33413461538461536 0.5480769230769231 0.5312500000000001 0.6706730769230769 0.5312500000000001
0 0.39182692307692324 0.8004807692307693 0.3076923076923078 0.8004807692307693 0.3076923076923078 0.9447115384615384 0.39182692307692324 0.9447115384615384
0 0.4495192307692309 0.8149038461538461 0.37980769230769246 0.8149038461538461 0.37980769230769246 0.8774038461538461 0.4495192307692309 0.8774038461538461
0 0.5048076923076924 0.8052884615384616 0.4399038461538463 0.8052884615384616 0.4399038461538463 0.9471153846153846 0.5048076923076924 0.9471153846153846
0 0.5480769230769232 0.8197115384615384 0.4951923076923078 0.8197115384615384 0.4951923076923078 0.9591346153846154 0.5480769230769232 0.9591346153846154
0 0.5961538461538463 0.8100961538461539 0.5360576923076924 0.8100961538461539 0.5360576923076924 0.9447115384615384 0.5961538461538463 0.9447115384615384
0 0.6298076923076923 0.8173076923076923 0.5841346153846155 0.8173076923076923 0.5841346153846155 0.9158653846153846 0.6298076923076923 0.9158653846153846
0 0.6923076923076923 0.8173076923076923 0.6274038461538461 0.8173076923076923 0.6274038461538461 0.9350961538461539 0.6923076923076923 0.9350961538461539
1 0.9879807692307693 0.11298076923076932 0.40384615384615385 0.11298076923076926 0.40384615384615385 0.3798076923076924 0.9879807692307693 0.37980769230769246
2 0.9649048461538462 0.9777237956730768 0.9139966704791719 -0.006120453581326939 0.08421512499999999 0.036815879807692305 0.13512330067467432 1.020660129062096