0 0.2788461538461539 0.28125 0.10576923076923081 0.28125 0.10576923076923081 0.3605769230769231 0.2788461538461539 0.3605769230769231
0 0.295673076923077 0.36538461538461536 0.11298076923076926 0.36538461538461536 0.11298076923076929 0.4230769230769231 0.295673076923077 0.4230769230769231
0 0.31009615384615385 0.42788461538461536 0.12259615384615391 0.42788461538461536 0.12259615384615391 0.4807692307692308 0.31009615384615385 0.4807692307692308
0 0.3173076923076923 0.47836538461538464 0.10336538461538468 0.47836538461538464 0.10336538461538468 0.53125 0.3173076923076923 0.53125
0 0.326923076923077 0.5288461538461539 0.12019230769230776 0.5288461538461539 0.12019230769230776 0.59375 0.32692307692307704 0.59375
0 0.7403846153846154 0.24038461538461545 0.3894230769230769 0.24038461538461545 0.3894230769230769 0.3485576923076924 0.7403846153846154 0.34855769230769246
0 0.5576923076923077 0.3894230769230769 0.41346153846153844 0.3894230769230769 0.41346153846153844 0.46153846153846156 0.5576923076923077 0.46153846153846156
0 0.6009615384615385 0.4783653846153847 0.40625 0.47836538461538464 0.40625000000000006 0.5745192307692308 0.6009615384615385 0.574519230769231
0 0.6153846153846154 0.5961538461538463 0.39182692307692324 0.5961538461538461 0.39182692307692324 0.6899038461538461 0.6153846153846154 0.6899038461538461
0 0.48317307692307704 0.6971153846153846 0.38942307692307704 0.6971153846153846 0.38942307692307704 0.7860576923076923 0.48317307692307704 0.7860576923076923
0 0.8125 0.35336538461538475 0.6514423076923077 0.35336538461538475 0.6514423076923077 0.41105769230769246 0.8125 0.41105769230769246
0 0.8173076923076923 0.42788461538461553 0.6442307692307693 0.42788461538461553 0.6442307692307693 0.48557692307692324 0.8173076923076923 0.48557692307692324
0 0.7307692307692307 0.4807692307692309 0.6610576923076923 0.4807692307692309 0.6610576923076923 0.528846153846154 0.7307692307692307 0.528846153846154
0 0.8461538461538461 0.5168269230769232 0.6514423076923077 0.5168269230769232 0.6514423076923077 0.5841346153846155 0.8461538461538461 0.5841346153846155
0 0.7836538461538461 0.5865384615384617 0.6682692307692307 0.5865384615384617 0.6682692307692307 0.6538461538461539 0.7836538461538461 0.6538461538461539
0 0.9278846153846154 0.24038461538461547 0.8341346153846154 0.24038461538461545 0.8341346153846154 0.34134615384615397 0.9278846153846154 0.34134615384615397
0 0.9302884615384616 0.34134615384615397 0.8365384615384616 0.34134615384615397 0.8365384615384616 0.3870192307692309 0.9302884615384616 0.3870192307692309
0 0.9519230769230769 0.38461538461538475 0.8389423076923077 0.38461538461538475 0.8389423076923077 0.41586538461538475 0.9519230769230769 0.41586538461538475
0 0.9519230769230769 0.41586538461538475 0.8533653846153846 0.41586538461538475 0.8533653846153846 0.45432692307692324 0.9519230769230769 0.45432692307692324
0 0.9278846153846154 0.4495192307692309 0.84375 0.4495192307692309 0.84375 0.4807692307692309 0.9278846153846154 0.4807692307692309
0 0.9471153846153846 0.4711538461538463 0.8413461538461539 0.4711538461538463 0.8413461538461539 0.5216346153846155 0.9471153846153846 0.5216346153846155
2 0.9706681399924697 0.9054537005335934 0.9538915473729633 0.02464033006784853 0.04158282932692308 0.04201680528846154 0.058359421946429596 0.9228301757542064