0 0.7067307692307693 0.01682692307692316 0.6177884615384616 0.016826923076923152 0.6177884615384616 0.1538461538461539 0.7067307692307693 0.1538461538461539
0 0.6177884615384616 0.009615384615384685 0.5360576923076923 0.00961538461538468 0.5360576923076923 0.18028846153846162 0.6177884615384616 0.18028846153846162
0 0.5480769230769231 0.02884615384615391 0.47836538461538464 0.028846153846153907 0.47836538461538464 0.19230769230769237 0.5480769230769231 0.19230769230769237
0 0.4831730769230769 0.028846153846153903 0.4254807692307692 0.028846153846153896 0.4254807692307692 0.1971153846153847 0.4831730769230769 0.1971153846153847
0 0.42788461538461536 0.0336538461538462 0.36538461538461536 0.033653846153846194 0.36538461538461536 0.2163461538461539 0.42788461538461536 0.2163461538461539
0 0.7403846153846154 0.25721153846153855 0.5865384615384616 0.25721153846153855 0.5865384615384616 0.6370192307692307 0.7403846153846154 0.6370192307692307
0 0.5769230769230769 0.2860576923076924 0.47596153846153844 0.2860576923076924 0.47596153846153844 0.4423076923076924 0.5769230769230769 0.44230769230769246
0 0.46153846153846156 0.3173076923076923 0.3605769230769231 0.3173076923076923 0.3605769230769231 0.49278846153846156 0.46153846153846156 0.49278846153846156
0 0.33653846153846156 0.28125000000000006 0.20913461538461545 0.28125 0.20913461538461545 0.5096153846153846 0.33653846153846156 0.5096153846153846
0 0.7379807692307693 0.7355769230769231 0.6658653846153846 0.7355769230769231 0.6658653846153846 0.8774038461538461 0.7379807692307693 0.8774038461538461
0 0.6682692307692307 0.7644230769230769 0.5985576923076924 0.7644230769230769 0.5985576923076924 0.8341346153846154 0.6682692307692307 0.8341346153846154
0 0.6009615384615385 0.7692307692307693 0.5504807692307694 0.7692307692307693 0.5504807692307694 0.8966346153846154 0.6009615384615385 0.8966346153846154
0 0.5456730769230771 0.7548076923076923 0.5048076923076924 0.7548076923076923 0.5048076923076924 0.9158653846153846 0.5456730769230771 0.9158653846153846
0 0.5072115384615385 0.7596153846153846 0.45192307692307704 0.7596153846153846 0.45192307692307704 0.9086538461538461 0.5072115384615385 0.9086538461538461
0 0.45432692307692324 0.7644230769230769 0.41586538461538475 0.7644230769230769 0.41586538461538475 0.8725961538461539 0.45432692307692324 0.8725961538461539
0 0.41105769230769246 0.7836538461538461 0.3509615384615386 0.7836538461538461 0.3509615384615386 0.8894230769230769 0.41105769230769246 0.8894230769230769
1 0.5432692307692307 0.06730769230769235 8.242814994261032e-18 0.0673076923076923 2.840827310522105e-17 0.39663461538461536 0.5432692307692307 0.39663461538461536
2 0.9446361586538461 8.069848132404269e-17 0.05284296394230769 2.6091897253798807e-17 0.052842963942307745 0.9604390817307693 0.9446361586538461 0.9604390817307693