0 0.2716346153846155 0.625 0.12500000000000006 0.625 0.12500000000000008 0.7283653846153846 0.2716346153846155 0.7283653846153846
0 0.27644230769230776 0.5600961538461539 0.12019230769230776 0.5600961538461539 0.12019230769230776 0.625 0.27644230769230776 0.625
0 0.27644230769230776 0.49759615384615385 0.1177884615384616 0.49759615384615385 0.1177884615384616 0.5600961538461539 0.27644230769230776 0.5600961538461539
0 0.264423076923077 0.4519230769230769 0.108173076923077 0.4519230769230769 0.108173076923077 0.5120192307692307 0.264423076923077 0.5120192307692307
0 0.23317307692307698 0.3942307692307692 0.10336538461538465 0.3942307692307692 0.10336538461538466 0.4543269230769231 0.23317307692307698 0.4543269230769231
0 0.7355769230769231 0.6418269230769231 0.3629807692307694 0.6418269230769231 0.3629807692307694 0.7884615384615384 0.7355769230769231 0.7884615384615384
0 0.5168269230769231 0.5216346153846154 0.3605769230769231 0.5216346153846154 0.36057692307692313 0.6298076923076923 0.5168269230769232 0.6298076923076923
0 0.5528846153846154 0.39903846153846156 0.35096153846153844 0.39903846153846156 0.35096153846153844 0.5192307692307693 0.5528846153846154 0.5192307692307693
0 0.9927884615384616 0.75 0.8485576923076923 0.75 0.8485576923076923 0.8317307692307693 0.9927884615384616 0.8317307692307693
0 0.9206730769230769 0.6875 0.8533653846153846 0.6875 0.8533653846153846 0.7548076923076923 0.9206730769230769 0.7548076923076923
0 0.9831730769230769 0.6370192307692307 0.8413461538461539 0.6370192307692307 0.8413461538461539 0.7019230769230769 0.9831730769230769 0.7019230769230769
0 0.9927884615384616 0.5985576923076924 0.8509615384615384 0.5985576923076924 0.8509615384615384 0.6466346153846154 0.9927884615384616 0.6466346153846154
0 0.9735576923076923 0.5456730769230771 0.8341346153846154 0.5456730769230771 0.8341346153846154 0.605769230769231 0.9735576923076923 0.605769230769231
0 0.9399038461538461 0.5096153846153848 0.8413461538461539 0.5096153846153848 0.8413461538461539 0.5552884615384617 0.9399038461538461 0.5552884615384617
0 0.9543269230769231 0.4495192307692309 0.8341346153846154 0.4495192307692309 0.8341346153846154 0.512019230769231 0.9543269230769231 0.512019230769231
1 0.4038461538461539 0.05048076923076927 0.10817307692307693 0.050480769230769246 0.10817307692307696 0.6322115384615384 0.40384615384615397 0.6322115384615384
2 1 0.08896776201923084 0.04580868990384617 0.08896776201923078 0.04580868990384623 0.9559448822115384 1 0.9559448822115384