0 0.23076923076923084 0.3004807692307692 0.08413461538461542 0.3004807692307692 0.08413461538461542 0.38221153846153844 0.23076923076923084 0.38221153846153844
0 0.6826923076923077 0.24278846153846162 0.3125 0.24278846153846162 0.3125 0.3774038461538462 0.6826923076923077 0.3774038461538463
0 0.9230769230769231 0.2139423076923078 0.7884615384615384 0.21394230769230776 0.7884615384615384 0.2932692307692309 0.9230769230769231 0.2932692307692309
0 0.8629807692307693 0.27884615384615397 0.8004807692307693 0.2788461538461539 0.8004807692307693 0.34855769230769246 0.8629807692307693 0.34855769230769246
0 0.9254807692307693 0.3365384615384617 0.7908653846153846 0.3365384615384617 0.7908653846153846 0.4014423076923078 0.9254807692307693 0.4014423076923078
0 0.9495192307692307 0.4014423076923078 0.8028846153846154 0.4014423076923078 0.8028846153846154 0.4399038461538463 0.9495192307692307 0.4399038461538463
0 0.9230769230769231 0.44711538461538475 0.7932692307692307 0.44711538461538475 0.7932692307692307 0.48317307692307704 0.9230769230769231 0.48317307692307704
0 0.8966346153846154 0.48317307692307704 0.8004807692307693 0.48317307692307704 0.8004807692307693 0.5240384615384617 0.8966346153846154 0.5240384615384617
0 0.9182692307692307 0.5264423076923078 0.8028846153846154 0.5264423076923078 0.8028846153846154 0.5985576923076924 0.9182692307692307 0.5985576923076924
0 0.18990384615384623 0.3870192307692308 0.09134615384615388 0.3870192307692308 0.0913461538461539 0.44711538461538464 0.18990384615384623 0.44711538461538464
0 0.18269230769230776 0.4543269230769231 0.08413461538461545 0.4543269230769231 0.08413461538461545 0.5024038461538461 0.18269230769230776 0.5024038461538461
0 0.1754807692307693 0.5048076923076923 0.07932692307692314 0.5048076923076923 0.07932692307692314 0.5600961538461539 0.1754807692307693 0.5600961538461539
0 0.1754807692307693 0.5576923076923077 0.07932692307692314 0.5576923076923077 0.07932692307692314 0.6033653846153846 0.1754807692307693 0.6033653846153846
0 0.4807692307692308 0.40384615384615385 0.33413461538461536 0.40384615384615385 0.33413461538461536 0.5024038461538461 0.4807692307692308 0.5024038461538461
0 0.5192307692307693 0.5144230769230769 0.3293269230769231 0.5144230769230769 0.32932692307692313 0.6225961538461539 0.5192307692307694 0.6225961538461539
1 0.326923076923077 0.3918269230769231 0.05288461538461543 0.3918269230769231 0.05288461538461547 0.9783653846153846 0.32692307692307704 0.9783653846153846
2 0.9510268557692307 0.07124975961538468 0.04212743509615387 0.07124975961538461 0.042127435096153916 0.9435778918269231 0.9510268557692307 0.9435778918269231