0 0.21875000000000006 0.28846153846153844 0.07692307692307696 0.28846153846153844 0.07692307692307696 0.3798076923076923 0.21875000000000006 0.3798076923076923
0 0.23076923076923084 0.3918269230769231 0.07932692307692311 0.3918269230769231 0.07932692307692313 0.44711538461538464 0.23076923076923084 0.44711538461538464
0 0.23557692307692316 0.45913461538461536 0.0817307692307693 0.45913461538461536 0.0817307692307693 0.5096153846153846 0.23557692307692316 0.5096153846153846
0 0.22596153846153852 0.5072115384615384 0.07451923076923084 0.5072115384615384 0.07451923076923084 0.5552884615384616 0.22596153846153852 0.5552884615384616
0 0.19951923076923084 0.5600961538461539 0.07451923076923084 0.5600961538461539 0.07451923076923084 0.6105769230769231 0.19951923076923084 0.6105769230769231
0 0.6802884615384616 0.26201923076923084 0.3173076923076923 0.26201923076923084 0.3173076923076923 0.38221153846153855 0.6802884615384616 0.3822115384615386
0 0.47115384615384615 0.40625 0.32211538461538464 0.40625 0.32211538461538464 0.5024038461538461 0.47115384615384615 0.5024038461538461
0 0.5168269230769231 0.5216346153846154 0.32211538461538464 0.5216346153846154 0.3221153846153847 0.6274038461538461 0.5168269230769232 0.6274038461538461
0 0.9350961538461539 0.23798076923076933 0.7956730769230769 0.2379807692307693 0.7956730769230769 0.31009615384615397 0.9350961538461539 0.31009615384615397
0 0.8677884615384616 0.31009615384615397 0.8076923076923077 0.31009615384615397 0.8076923076923077 0.37259615384615397 0.8677884615384616 0.37259615384615397
0 0.9350961538461539 0.3701923076923078 0.7980769230769231 0.3701923076923078 0.7980769230769231 0.42307692307692324 0.9350961538461539 0.42307692307692324
0 0.9495192307692307 0.4254807692307694 0.8100961538461539 0.4254807692307694 0.8100961538461539 0.4639423076923078 0.9495192307692307 0.4639423076923078
0 0.9326923076923077 0.46634615384615397 0.7980769230769231 0.46634615384615397 0.7980769230769231 0.5168269230769232 0.9326923076923077 0.5168269230769232
0 0.9038461538461539 0.512019230769231 0.8076923076923077 0.512019230769231 0.8076923076923077 0.5528846153846155 0.9038461538461539 0.5528846153846155
0 0.9206730769230769 0.5576923076923078 0.8052884615384616 0.5576923076923078 0.8052884615384616 0.6105769230769232 0.9206730769230769 0.6105769230769232
1 0.358173076923077 0.39663461538461536 0.10576923076923081 0.39663461538461536 0.10576923076923084 0.9591346153846154 0.35817307692307704 0.9591346153846154
2 0.9650116088928797 0.08603498873921576 0.03492687259615386 0.08115942067307692 0.030561254357797236 0.9139638924625095 0.9606459906545232 0.9188394605286484