1 0.8798076923076923 0.3149038461538463 0.6322115384615384 0.3149038461538463 0.6322115384615384 0.9014423076923077 0.8798076923076923 0.9014423076923077
0 0.7475961538461539 0.23317307692307698 0.40625 0.23317307692307698 0.40625 0.32932692307692313 0.7475961538461539 0.32932692307692324
0 0.5697115384615384 0.37500000000000006 0.43509615384615385 0.375 0.43509615384615385 0.4567307692307693 0.5697115384615384 0.4567307692307694
0 0.512019230769231 0.7067307692307693 0.4254807692307694 0.7067307692307693 0.4254807692307694 0.7956730769230769 0.512019230769231 0.7956730769230769
0 0.28846153846153855 0.28605769230769235 0.1322115384615385 0.2860576923076923 0.1322115384615385 0.3629807692307692 0.28846153846153855 0.3629807692307692
0 0.31971153846153844 0.36538461538461536 0.1274038461538462 0.36538461538461536 0.1274038461538462 0.4326923076923077 0.31971153846153844 0.4326923076923077
0 0.33413461538461536 0.4326923076923077 0.12740384615384623 0.4326923076923077 0.12740384615384623 0.49278846153846156 0.33413461538461536 0.49278846153846156
0 0.6225961538461539 0.46875000000000006 0.4206730769230769 0.46875 0.420673076923077 0.5625000000000001 0.6225961538461539 0.5625000000000001
0 0.6298076923076923 0.5793269230769231 0.4254807692307694 0.5793269230769231 0.4254807692307694 0.6682692307692307 0.6298076923076923 0.6682692307692307
0 0.34461543356072283 0.5265994567257253 0.33677532807079946 0.4772025119741603 0.11587123585623048 0.512263615344589 0.12371134134615383 0.561660560096154
0 0.37664339751049536 0.5702629041920311 0.3667157596153846 0.5168905168269231 0.12851124191258154 0.5611982256156612 0.1384388798076923 0.6145706129807691
0 0.9326923076923077 0.20913461538461547 0.8197115384615384 0.20913461538461545 0.8197115384615384 0.26442307692307704 0.9326923076923077 0.26442307692307704
0 0.8846153846153846 0.2620192307692309 0.8317307692307693 0.26201923076923084 0.8317307692307693 0.3197115384615386 0.8846153846153846 0.3197115384615386
0 0.9326923076923077 0.44711538461538475 0.84375 0.44711538461538475 0.84375 0.49038461538461553 0.9326923076923077 0.49038461538461553
0 0.9206730769230769 0.4134615384615386 0.8413461538461539 0.4134615384615386 0.8413461538461539 0.44230769230769246 0.9206730769230769 0.44230769230769246
0 0.9375 0.38461538461538475 0.8461538461538461 0.38461538461538475 0.8461538461538461 0.4182692307692309 0.9375 0.4182692307692309
0 0.9399038461538461 0.34855769230769246 0.8413461538461539 0.34855769230769246 0.8413461538461539 0.38461538461538475 0.9399038461538461 0.38461538461538475
0 0.9375 0.3125000000000001 0.8317307692307693 0.3125000000000001 0.8317307692307693 0.34855769230769246 0.9375 0.34855769230769246
2 0.9830146321960018 0.9108133486352237 0.9348388653751196 0.0021648065428908794 0.05449189903846155 0.048840048076923076 0.10266766585934374 0.9574885901692559