0 0.3509615384615386 0.8004807692307693 0.2596153846153847 0.8004807692307693 0.2596153846153847 0.9230769230769231 0.3509615384615386 0.9230769230769231
0 0.4134615384615386 0.8317307692307693 0.3629807692307694 0.8317307692307693 0.3629807692307694 0.9326923076923077 0.4134615384615386 0.9326923076923077
0 0.48317307692307704 0.8413461538461539 0.41586538461538475 0.8413461538461539 0.41586538461538475 0.9326923076923077 0.48317307692307704 0.9326923076923077
0 0.5384615384615385 0.8413461538461539 0.48317307692307704 0.8413461538461539 0.48317307692307704 0.9399038461538461 0.5384615384615385 0.9399038461538461
0 0.5865384615384617 0.84375 0.5384615384615385 0.84375 0.5384615384615385 0.9423076923076923 0.5865384615384617 0.9423076923076923
0 0.3533653846153847 0.31971153846153844 0.20913461538461545 0.31971153846153844 0.20913461538461545 0.6875 0.35336538461538475 0.6875
0 0.5072115384615385 0.53125 0.3870192307692308 0.53125 0.38701923076923084 0.6778846153846154 0.5072115384615385 0.6778846153846154
0 0.6274038461538461 0.483173076923077 0.5264423076923077 0.4831730769230769 0.5264423076923077 0.6899038461538461 0.6274038461538461 0.6899038461538461
0 0.7524038461538461 0.4759615384615386 0.6466346153846154 0.4759615384615386 0.6466346153846154 0.7091346153846154 0.7524038461538461 0.7091346153846154
0 0.8677884615384616 0.6346153846153846 0.7596153846153846 0.6346153846153846 0.7596153846153846 0.71875 0.8677884615384616 0.71875
0 0.31490384615384615 0.07211538461538465 0.2403846153846154 0.07211538461538465 0.2403846153846154 0.20913461538461542 0.31490384615384615 0.20913461538461545
0 0.3798076923076923 0.12259615384615388 0.31009615384615385 0.12259615384615388 0.31009615384615385 0.18750000000000006 0.3798076923076923 0.18750000000000006
0 0.42788461538461536 0.07211538461538466 0.37259615384615385 0.07211538461538466 0.37259615384615385 0.18990384615384623 0.42788461538461536 0.18990384615384623
0 0.4807692307692308 0.04807692307692313 0.4254807692307692 0.04807692307692313 0.4254807692307692 0.20432692307692316 0.4807692307692308 0.20432692307692316
0 0.5240384615384616 0.06971153846153852 0.4807692307692308 0.06971153846153852 0.4807692307692308 0.20913461538461545 0.5240384615384616 0.20913461538461545
0 0.5673076923076923 0.11057692307692314 0.5240384615384616 0.11057692307692314 0.5240384615384616 0.20192307692307698 0.5673076923076923 0.20192307692307698
0 0.6153846153846154 0.09375000000000007 0.5649038461538461 0.09375000000000007 0.5649038461538461 0.19951923076923084 0.6153846153846154 0.19951923076923084
1 0.9735576923076923 0.7115384615384616 0.34134615384615397 0.7115384615384616 0.34134615384615397 0.9375 0.9735576923076923 0.9375
2 0.960024606216307 0.05832308698770115 0.04916855467461426 0.028266595033314267 0.018409287400615218 0.9604201138148442 0.929265338942308 0.9904766057692311