0 0.18750000000000003 0.25961538461538464 0.06971153846153849 0.25961538461538464 0.06971153846153849 0.3485576923076923 0.18750000000000006 0.3485576923076923
0 0.20192307692307698 0.34615384615384615 0.05769230769230772 0.34615384615384615 0.05769230769230774 0.4110576923076923 0.20192307692307698 0.4110576923076923
0 0.19471153846153852 0.41586538461538464 0.06250000000000006 0.41586538461538464 0.06250000000000006 0.4735576923076923 0.19471153846153852 0.4735576923076923
0 0.1971153846153847 0.46634615384615385 0.06250000000000006 0.46634615384615385 0.06250000000000006 0.5096153846153846 0.1971153846153847 0.5096153846153846
0 0.21875000000000006 0.5096153846153846 0.06730769230769237 0.5096153846153846 0.06730769230769237 0.5817307692307693 0.21875000000000006 0.5817307692307693
0 0.6394230769230769 0.22836538461538464 0.2644230769230769 0.2283653846153846 0.264423076923077 0.32932692307692313 0.6394230769230769 0.32932692307692324
0 0.4254807692307692 0.3798076923076923 0.2836538461538462 0.3798076923076923 0.2836538461538462 0.47836538461538464 0.4254807692307692 0.47836538461538464
0 0.4567307692307693 0.5 0.27644230769230776 0.5 0.27644230769230776 0.5913461538461539 0.4567307692307694 0.5913461538461539
0 0.41586538461538475 0.6033653846153846 0.26201923076923084 0.6033653846153846 0.26201923076923084 0.7163461538461539 0.41586538461538475 0.7163461538461539
0 0.32692307692307704 0.7115384615384616 0.2524038461538462 0.7115384615384616 0.2524038461538462 0.8100961538461539 0.32692307692307704 0.8100961538461539
0 0.7283653846153846 0.3389423076923078 0.59375 0.3389423076923078 0.59375 0.42307692307692324 0.7283653846153846 0.42307692307692324
0 0.6923076923076923 0.4399038461538463 0.5913461538461539 0.4399038461538463 0.5913461538461539 0.5312500000000001 0.6923076923076923 0.5312500000000001
0 0.9350961538461539 0.1826923076923078 0.7596153846153846 0.18269230769230776 0.7596153846153846 0.2596153846153847 0.9350961538461539 0.25961538461538475
0 0.8461538461538461 0.26923076923076933 0.7788461538461539 0.2692307692307693 0.7788461538461539 0.3389423076923078 0.8461538461538461 0.3389423076923078
0 0.9278846153846154 0.32211538461538475 0.7620192307692307 0.32211538461538475 0.7620192307692307 0.3942307692307694 0.9278846153846154 0.3942307692307694
0 0.9447115384615384 0.39663461538461553 0.7836538461538461 0.39663461538461553 0.7836538461538461 0.45192307692307704 0.9447115384615384 0.45192307692307704
0 0.9230769230769231 0.4399038461538463 0.7716346153846154 0.4399038461538463 0.7716346153846154 0.4927884615384617 0.9230769230769231 0.4927884615384617
0 0.8870192307692307 0.4951923076923078 0.7692307692307693 0.4951923076923078 0.7692307692307693 0.5384615384615385 0.8870192307692307 0.5384615384615385
0 0.9086538461538461 0.5384615384615385 0.7740384615384616 0.5384615384615385 0.7740384615384616 0.6225961538461539 0.9086538461538461 0.6225961538461539
1 0.6490384615384616 0.3149038461538462 0.4014423076923077 0.31490384615384615 0.40144230769230776 0.9879807692307693 0.6490384615384616 0.9879807692307693
2 0.9684095865384618 0.04752475240384628 0.039201802857659965 0.03395398560814218 0.026129906223044556 0.9290034904158345 0.9553376899038464 0.9425742572115385