1 0.36057692307692313 0.10576923076923078 0.08173076923076923 0.10576923076923077 0.08173076923076929 0.7091346153846154 0.36057692307692324 0.7091346153846154
0 0.5552884615384617 0.6875 0.2067307692307693 0.6875 0.2067307692307693 0.8052884615384616 0.5552884615384617 0.8052884615384616
0 0.5336538461538463 0.5697115384615384 0.3942307692307694 0.5697115384615384 0.3942307692307694 0.6610576923076923 0.5336538461538463 0.6610576923076923
0 0.5649038461538461 0.23557692307692316 0.47115384615384615 0.23557692307692316 0.47115384615384615 0.3317307692307693 0.5649038461538461 0.3317307692307694
0 0.8317307692307693 0.6826923076923077 0.6682692307692307 0.6826923076923077 0.6682692307692307 0.7716346153846154 0.8317307692307693 0.7716346153846154
0 0.8389423076923077 0.6129807692307694 0.6442307692307693 0.6129807692307694 0.6442307692307693 0.6923076923076923 0.8389423076923077 0.6923076923076923
0 0.84375 0.5504807692307694 0.6322115384615384 0.5504807692307694 0.6322115384615384 0.6225961538461539 0.84375 0.6225961538461539
0 0.5552884615384616 0.4639423076923077 0.3485576923076923 0.4639423076923077 0.3485576923076924 0.5697115384615384 0.5552884615384617 0.5697115384615384
0 0.5552884615384616 0.3557692307692308 0.34615384615384615 0.3557692307692308 0.34615384615384615 0.4567307692307692 0.5552884615384616 0.4567307692307692
0 0.8547267738586323 0.5446097192700626 0.8507582932692308 0.49449456971153843 0.628499461718291 0.5120946340953219 0.6324679423076923 0.5622097836538461
0 0.8458767520442294 0.49196462635333016 0.8387760672429987 0.43808871323937765 0.5980456325064616 0.469816267174509 0.6051463173076923 0.5236921802884615
0 0.13942307692307704 0.7403846153846154 0.021634615384615478 0.7403846153846154 0.02163461538461548 0.8028846153846154 0.13942307692307704 0.8028846153846154
0 0.1298076923076924 0.6875 0.0721153846153847 0.6875 0.0721153846153847 0.7475961538461539 0.1298076923076924 0.7475961538461539
0 0.12740384615384623 0.5144230769230769 0.03605769230769237 0.5144230769230769 0.036057692307692374 0.5625 0.12740384615384623 0.5625
0 0.12740384615384623 0.5625 0.04326923076923084 0.5625 0.04326923076923084 0.5961538461538461 0.12740384615384623 0.5961538461538461
0 0.12019230769230776 0.5865384615384616 0.02644230769230776 0.5865384615384616 0.026442307692307765 0.625 0.12019230769230776 0.625
0 0.12500000000000006 0.6201923076923077 0.02163461538461546 0.6201923076923077 0.02163461538461546 0.6610576923076923 0.12500000000000006 0.6610576923076923
0 0.1298076923076924 0.65625 0.02163461538461546 0.65625 0.021634615384615467 0.6995192307692307 0.1298076923076924 0.6995192307692307
2 0.8899175504807691 0.9999999999999999 0.8752249711538462 0.09979855048076924 -0.004900313133862882 0.11416345798445526 0.009792266193060126 1.014364907503686