0 0.7524038461538461 0.024038461538461623 0.6586538461538461 0.024038461538461616 0.6586538461538461 0.14423076923076933 0.7524038461538461 0.14423076923076933
0 0.6682692307692307 0.016826923076923152 0.5913461538461539 0.01682692307692315 0.5913461538461539 0.16346153846153852 0.6682692307692307 0.16346153846153852
0 0.5985576923076923 0.024038461538461613 0.53125 0.024038461538461606 0.53125 0.16105769230769237 0.5985576923076923 0.16105769230769237
0 0.5480769230769231 0.02884615384615391 0.4951923076923077 0.028846153846153907 0.4951923076923077 0.1658653846153847 0.5480769230769231 0.1658653846153847
0 0.5048076923076923 0.03605769230769236 0.4230769230769231 0.03605769230769236 0.4230769230769231 0.18990384615384623 0.5048076923076923 0.18990384615384623
0 0.8173076923076923 0.21394230769230776 0.6899038461538461 0.21394230769230776 0.6899038461538461 0.5961538461538463 0.8173076923076923 0.5961538461538463
0 0.6514423076923077 0.24278846153846162 0.5432692307692307 0.24278846153846162 0.5432692307692307 0.39182692307692313 0.6514423076923077 0.39182692307692324
0 0.53125 0.24519230769230776 0.42788461538461536 0.24519230769230776 0.42788461538461536 0.43028846153846156 0.53125 0.43028846153846156
0 0.42788461538461536 0.23557692307692316 0.3004807692307692 0.23557692307692316 0.3004807692307693 0.39663461538461536 0.42788461538461536 0.39663461538461536
0 0.31009615384615385 0.2355769230769231 0.2091346153846154 0.23557692307692307 0.20913461538461542 0.3125 0.31009615384615385 0.3125
0 0.7115384615384616 0.5504807692307694 0.6177884615384616 0.5504807692307694 0.6177884615384616 0.6899038461538461 0.7115384615384616 0.6899038461538461
0 0.608173076923077 0.5552884615384616 0.5096153846153846 0.5552884615384616 0.5096153846153847 0.6634615384615384 0.6081730769230771 0.6634615384615384
0 0.8822115384615384 0.7067307692307693 0.7932692307692307 0.7067307692307693 0.7932692307692307 0.8870192307692307 0.8822115384615384 0.8870192307692307
0 0.7908653846153846 0.7307692307692307 0.7139423076923077 0.7307692307692307 0.7139423076923077 0.8028846153846154 0.7908653846153846 0.8028846153846154
0 0.7427884615384616 0.71875 0.6586538461538461 0.71875 0.6586538461538461 0.8894230769230769 0.7427884615384616 0.8894230769230769
0 0.6706730769230769 0.7427884615384616 0.6033653846153848 0.7427884615384616 0.6033653846153848 0.9086538461538461 0.6706730769230769 0.9086538461538461
0 0.625 0.7355769230769231 0.560096153846154 0.7355769230769231 0.560096153846154 0.8918269230769231 0.625 0.8918269230769231
0 0.5673076923076924 0.7379807692307693 0.5144230769230771 0.7379807692307693 0.5144230769230771 0.8581730769230769 0.5673076923076924 0.8581730769230769
0 0.5240384615384617 0.7451923076923077 0.4326923076923078 0.7451923076923077 0.4326923076923078 0.8846153846153846 0.5240384615384617 0.8846153846153846
1 0.7307692307692307 0.358173076923077 0.040865384615384664 0.3581730769230769 0.040865384615384685 0.6466346153846154 0.7307692307692307 0.6466346153846154
2 1.0112008130733317 0.9078166644623695 0.9652159157831458 -0.022528714884290292 0.07824456424827574 0.02131230094180148 0.12422946153846154 0.9516576802884613