0 0.9495192307692307 0.1875000000000001 0.8004807692307693 0.18750000000000006 0.8004807692307693 0.26442307692307704 0.9495192307692307 0.26442307692307704
0 0.8798076923076923 0.26923076923076933 0.8173076923076923 0.2692307692307693 0.8173076923076923 0.33413461538461553 0.8798076923076923 0.33413461538461553
0 0.9495192307692307 0.32932692307692324 0.8125 0.32932692307692324 0.8125 0.38461538461538475 0.9495192307692307 0.38461538461538475
0 0.9663461538461539 0.3822115384615386 0.8125 0.3822115384615386 0.8125 0.4399038461538463 0.9663461538461539 0.4399038461538463
0 0.9423076923076923 0.4326923076923078 0.8173076923076923 0.4326923076923078 0.8173076923076923 0.47836538461538475 0.9423076923076923 0.47836538461538475
0 0.9182692307692307 0.47355769230769246 0.8125 0.47355769230769246 0.8125 0.5216346153846155 0.9182692307692307 0.5216346153846155
0 0.9302884615384616 0.5312500000000001 0.8149038461538461 0.5312500000000001 0.8149038461538461 0.5841346153846155 0.9302884615384616 0.5841346153846155
0 0.22115384615384623 0.3293269230769231 0.10096153846153849 0.3293269230769231 0.10096153846153849 0.40384615384615385 0.22115384615384623 0.40384615384615385
0 0.24519230769230776 0.41346153846153844 0.11298076923076926 0.41346153846153844 0.11298076923076929 0.47115384615384615 0.24519230769230776 0.47115384615384615
0 0.2596153846153847 0.4831730769230769 0.12500000000000006 0.4831730769230769 0.12500000000000006 0.5264423076923077 0.2596153846153847 0.5264423076923077
0 0.2548076923076924 0.5288461538461539 0.1177884615384616 0.5288461538461539 0.1177884615384616 0.6057692307692307 0.2548076923076924 0.6057692307692307
1 0.1826923076923078 0.40865384615384615 0.0048076923076923565 0.40865384615384615 0.004807692307692392 0.9831730769230769 0.18269230769230782 0.9831730769230769
2 0.9746126633592568 0.9568684900738886 0.9720982139423077 0.050052137019230766 0.05565448383739506 0.05259328153550095 0.05816893325434418 0.9594096345901589