0 0.18269230769230774 0.24759615384615385 0.06250000000000003 0.24759615384615385 0.06250000000000004 0.35336538461538464 0.18269230769230776 0.35336538461538464
0 0.20913461538461545 0.35336538461538464 0.060096153846153896 0.35336538461538464 0.060096153846153896 0.42788461538461536 0.20913461538461545 0.42788461538461536
0 0.1658653846153847 0.4230769230769231 0.060096153846153896 0.4230769230769231 0.0600961538461539 0.49278846153846156 0.1658653846153847 0.49278846153846156
0 0.16105769230769237 0.49038461538461536 0.06730769230769237 0.49038461538461536 0.06730769230769237 0.5336538461538461 0.16105769230769237 0.5336538461538461
0 0.15625000000000006 0.5360576923076923 0.06009615384615392 0.5360576923076923 0.06009615384615392 0.5769230769230769 0.15625000000000006 0.5769230769230769
0 0.6394230769230769 0.2211538461538462 0.2764423076923077 0.22115384615384615 0.2764423076923077 0.33894230769230776 0.6394230769230769 0.3389423076923078
0 0.43990384615384615 0.3942307692307692 0.29807692307692313 0.3942307692307692 0.29807692307692313 0.4855769230769231 0.43990384615384615 0.4855769230769231
0 0.47596153846153855 0.5120192307692307 0.2836538461538462 0.5120192307692307 0.2836538461538462 0.6153846153846154 0.4759615384615386 0.6153846153846154
0 0.4807692307692309 0.6346153846153846 0.2740384615384616 0.6346153846153846 0.2740384615384616 0.7403846153846154 0.4807692307692309 0.7403846153846154
0 0.9206730769230769 0.19711538461538472 0.7692307692307693 0.1971153846153847 0.7692307692307693 0.27884615384615397 0.9206730769230769 0.27884615384615397
0 0.8581730769230769 0.27884615384615397 0.7836538461538461 0.2788461538461539 0.7836538461538461 0.34855769230769246 0.8581730769230769 0.34855769230769246
0 0.9206730769230769 0.34134615384615397 0.7836538461538461 0.34134615384615397 0.7836538461538461 0.4014423076923078 0.9206730769230769 0.4014423076923078
0 0.9375 0.4014423076923078 0.7788461538461539 0.4014423076923078 0.7788461538461539 0.45432692307692324 0.9375 0.45432692307692324
0 0.9182692307692307 0.4447115384615386 0.7692307692307693 0.4447115384615386 0.7692307692307693 0.5000000000000001 0.9182692307692307 0.5000000000000001
0 0.8774038461538461 0.49759615384615397 0.78125 0.49759615384615397 0.78125 0.5480769230769232 0.8774038461538461 0.5480769230769232
0 0.8966346153846154 0.5576923076923078 0.7788461538461539 0.5576923076923078 0.7788461538461539 0.6201923076923077 0.8966346153846154 0.6201923076923077
1 0.2620192307692309 0.4110576923076923 0.040865384615384664 0.4110576923076923 0.0408653846153847 0.9855769230769231 0.2620192307692309 0.9855769230769231
2 0.9567698052884617 0.06512605048076936 0.029698210088439495 0.053141275211424935 0.018726077876900997 0.9018807704037326 0.9457976730769231 0.9138655456730771