0 0.37259615384615385 0.0649038461538462 0.2860576923076923 0.06490384615384619 0.2860576923076923 0.19951923076923084 0.37259615384615385 0.19951923076923084
0 0.4519230769230769 0.057692307692307744 0.3701923076923077 0.057692307692307744 0.3701923076923077 0.21875000000000006 0.4519230769230769 0.21875000000000006
0 0.5096153846153846 0.0552884615384616 0.43990384615384615 0.05528846153846159 0.43990384615384615 0.2163461538461539 0.5096153846153846 0.2163461538461539
0 0.5600961538461539 0.04326923076923084 0.49759615384615385 0.04326923076923084 0.49759615384615385 0.2067307692307693 0.5600961538461539 0.2067307692307693
0 0.6105769230769231 0.052884615384615453 0.5480769230769231 0.052884615384615453 0.5480769230769231 0.2163461538461539 0.6105769230769231 0.2163461538461539
0 0.34375000000000006 0.3028846153846154 0.21153846153846162 0.30288461538461536 0.21153846153846162 0.6682692307692307 0.3437500000000001 0.6682692307692307
0 0.4855769230769231 0.31490384615384615 0.3870192307692308 0.31490384615384615 0.3870192307692308 0.46153846153846156 0.4855769230769231 0.46153846153846156
0 0.6081730769230769 0.295673076923077 0.5096153846153846 0.295673076923077 0.5096153846153846 0.5000000000000001 0.6081730769230769 0.5000000000000001
0 0.7307692307692307 0.27644230769230776 0.6394230769230769 0.27644230769230776 0.6394230769230769 0.36538461538461553 0.7307692307692307 0.36538461538461553
0 0.2548076923076924 0.7860576923076923 0.17788461538461545 0.7860576923076923 0.17788461538461547 0.9399038461538461 0.25480769230769246 0.9399038461538461
0 0.32211538461538475 0.8028846153846154 0.2524038461538462 0.8028846153846154 0.25240384615384626 0.8677884615384616 0.32211538461538475 0.8677884615384616
0 0.3701923076923078 0.8028846153846154 0.3125000000000001 0.8028846153846154 0.3125000000000001 0.9278846153846154 0.3701923076923078 0.9278846153846154
0 0.41586538461538475 0.8028846153846154 0.3629807692307694 0.8028846153846154 0.3629807692307694 0.9399038461538461 0.41586538461538475 0.9399038461538461
0 0.4639423076923078 0.7836538461538461 0.41105769230769246 0.7836538461538461 0.41105769230769246 0.9302884615384616 0.4639423076923078 0.9302884615384616
0 0.512019230769231 0.7908653846153846 0.45432692307692324 0.7908653846153846 0.45432692307692324 0.8966346153846154 0.512019230769231 0.8966346153846154
0 0.5673076923076924 0.7908653846153846 0.512019230769231 0.7908653846153846 0.512019230769231 0.8990384615384616 0.5673076923076924 0.8990384615384616
1 0.9903846153846154 0.06730769230769239 0.3629807692307692 0.06730769230769236 0.3629807692307692 0.3725961538461539 0.9903846153846154 0.37259615384615397
2 0.956522701923077 0.0029688798076924253 0.047335359915000826 0.002425549158385765 0.04675750280100794 0.9693880685785472 0.9559448448090841 0.9699313992278539