0 0.21153846153846162 0.3004807692307692 0.07932692307692311 0.3004807692307692 0.07932692307692311 0.3798076923076923 0.21153846153846162 0.3798076923076923
0 0.23557692307692316 0.38461538461538464 0.07692307692307696 0.38461538461538464 0.07692307692307697 0.4567307692307692 0.23557692307692316 0.4567307692307692
0 0.23557692307692316 0.4567307692307692 0.076923076923077 0.4567307692307692 0.076923076923077 0.5168269230769231 0.23557692307692316 0.5168269230769231
0 0.2283653846153847 0.5120192307692307 0.06730769230769237 0.5120192307692307 0.06730769230769237 0.5649038461538461 0.2283653846153847 0.5649038461538461
0 0.24038461538461545 0.5625 0.076923076923077 0.5625 0.076923076923077 0.6153846153846154 0.24038461538461545 0.6153846153846154
0 0.6778846153846154 0.25721153846153855 0.3173076923076923 0.25721153846153855 0.3173076923076923 0.3653846153846155 0.6778846153846154 0.36538461538461553
0 0.4807692307692308 0.4182692307692308 0.33413461538461536 0.4182692307692308 0.33413461538461536 0.5072115384615384 0.4807692307692308 0.5072115384615384
0 0.5216346153846154 0.5432692307692307 0.32211538461538464 0.5432692307692307 0.3221153846153847 0.6298076923076923 0.5216346153846155 0.6298076923076923
0 0.39182692307692324 0.6658653846153846 0.3076923076923078 0.6658653846153846 0.3076923076923078 0.75 0.39182692307692324 0.75
0 0.9519230769230769 0.23798076923076933 0.8004807692307693 0.2379807692307693 0.8004807692307693 0.3052884615384616 0.9519230769230769 0.3052884615384617
0 0.8822115384615384 0.3076923076923078 0.8173076923076923 0.3076923076923078 0.8173076923076923 0.3750000000000001 0.8822115384615384 0.3750000000000001
0 0.9447115384615384 0.37259615384615397 0.8221153846153846 0.37259615384615397 0.8221153846153846 0.42307692307692324 0.9447115384615384 0.42307692307692324
0 0.9567307692307693 0.4254807692307694 0.8221153846153846 0.4254807692307694 0.8221153846153846 0.4687500000000001 0.9567307692307693 0.4687500000000001
0 0.9519230769230769 0.47355769230769246 0.8052884615384616 0.47355769230769246 0.8052884615384616 0.5168269230769232 0.9519230769230769 0.5168269230769232
0 0.9182692307692307 0.5144230769230771 0.8149038461538461 0.5144230769230771 0.8149038461538461 0.5649038461538463 0.9182692307692307 0.5649038461538463
0 0.9206730769230769 0.5721153846153848 0.8173076923076923 0.5721153846153848 0.8173076923076923 0.6201923076923077 0.9206730769230769 0.6201923076923077
1 0.389423076923077 0.3870192307692308 0.10817307692307696 0.3870192307692308 0.10817307692307701 0.9975961538461539 0.38942307692307704 0.9975961538461539
2 0.9739543090947602 0.051073140001951886 0.04094732211538461 0.04993757932692308 0.039840642701789525 0.9592149503528001 0.9728476296811651 0.9603505110278289