0 0.7451923076923077 0.7716346153846154 0.65625 0.7716346153846154 0.65625 0.8918269230769231 0.7451923076923077 0.8918269230769231
0 0.6610576923076923 0.7596153846153846 0.591346153846154 0.7596153846153846 0.591346153846154 0.9086538461538461 0.6610576923076923 0.9086538461538461
0 0.5889423076923078 0.7716346153846154 0.5312500000000001 0.7716346153846154 0.5312500000000001 0.90625 0.5889423076923078 0.90625
0 0.5384615384615385 0.7716346153846154 0.4951923076923078 0.7716346153846154 0.4951923076923078 0.9086538461538461 0.5384615384615385 0.9086538461538461
0 0.4951923076923078 0.7548076923076923 0.42307692307692324 0.7548076923076923 0.42307692307692324 0.90625 0.4951923076923078 0.90625
0 0.7764423076923077 0.3149038461538463 0.6730769230769231 0.3149038461538463 0.6730769230769231 0.6971153846153846 0.7764423076923077 0.6971153846153846
0 0.625 0.5384615384615385 0.5264423076923077 0.5384615384615384 0.5264423076923077 0.6850961538461539 0.625 0.6850961538461539
0 0.5048076923076924 0.5144230769230769 0.4110576923076923 0.5144230769230769 0.4110576923076924 0.6995192307692307 0.5048076923076924 0.6995192307692307
0 0.4014423076923078 0.5600961538461539 0.2860576923076924 0.5600961538461539 0.2860576923076924 0.7211538461538461 0.4014423076923078 0.7211538461538461
0 0.2908653846153847 0.65625 0.19471153846153852 0.65625 0.19471153846153852 0.7355769230769231 0.2908653846153847 0.7355769230769231
0 0.6634615384615384 0.23317307692307698 0.5793269230769231 0.23317307692307698 0.5793269230769231 0.3750000000000001 0.6634615384615384 0.3750000000000001
0 0.5625 0.2740384615384616 0.47115384615384615 0.2740384615384616 0.47115384615384615 0.38221153846153855 0.5625 0.3822115384615386
0 0.8197115384615384 0.01923076923076933 0.7403846153846154 0.019230769230769326 0.7403846153846154 0.19951923076923084 0.8197115384615384 0.19951923076923084
0 0.7331730769230769 0.11298076923076932 0.6610576923076923 0.1129807692307693 0.6610576923076923 0.1850961538461539 0.7331730769230769 0.1850961538461539
0 0.6802884615384616 0.033653846153846236 0.6057692307692307 0.03365384615384623 0.6057692307692307 0.20192307692307698 0.6802884615384616 0.20192307692307698
0 0.6057692307692307 0.021634615384615457 0.5504807692307693 0.021634615384615453 0.5504807692307693 0.1850961538461539 0.6057692307692307 0.1850961538461539
0 0.5625 0.04326923076923084 0.5072115384615384 0.04326923076923084 0.5072115384615384 0.19951923076923084 0.5625 0.19951923076923084
0 0.5072115384615384 0.08413461538461545 0.46153846153846156 0.08413461538461545 0.46153846153846156 0.20432692307692316 0.5072115384615384 0.20432692307692316
0 0.4639423076923077 0.0649038461538462 0.37740384615384615 0.0649038461538462 0.37740384615384615 0.20432692307692316 0.4639423076923077 0.20432692307692316
1 0.6875 0.31250000000000006 0.014423076923076962 0.3125 0.01442307692307698 0.5961538461538463 0.6875 0.5961538461538463
2 1.0219279340737484 0.896738540421034 0.9501702879928078 -0.02794155613326295 0.05768557932692309 0.041317641826923074 0.12944322540786374 0.96599773838122