0 0.7091346153846154 0.8341346153846154 0.5985576923076924 0.8341346153846154 0.5985576923076924 0.9567307692307693 0.7091346153846154 0.9567307692307693
0 0.605769230769231 0.8052884615384616 0.5216346153846155 0.8052884615384616 0.5216346153846155 0.9567307692307693 0.605769230769231 0.9567307692307693
0 0.5336538461538463 0.8461538461538461 0.4567307692307694 0.8461538461538461 0.4567307692307694 0.9543269230769231 0.5336538461538463 0.9543269230769231
0 0.46634615384615397 0.8509615384615384 0.4182692307692309 0.8509615384615384 0.4182692307692309 0.9423076923076923 0.46634615384615397 0.9423076923076923
0 0.42067307692307704 0.8533653846153846 0.37259615384615397 0.8533653846153846 0.37259615384615397 0.9519230769230769 0.42067307692307704 0.9519230769230769
0 0.7620192307692307 0.3750000000000001 0.625 0.3750000000000001 0.625 0.7427884615384616 0.7620192307692307 0.7427884615384616
0 0.5769230769230771 0.5697115384615385 0.47836538461538475 0.5697115384615384 0.47836538461538475 0.7163461538461539 0.5769230769230771 0.7163461538461539
0 0.4615384615384616 0.5336538461538461 0.3485576923076923 0.5336538461538461 0.3485576923076924 0.7283653846153846 0.4615384615384617 0.7283653846153846
0 0.33894230769230776 0.5264423076923077 0.22115384615384623 0.5264423076923077 0.22115384615384623 0.7355769230769231 0.3389423076923078 0.7355769230769231
0 0.8004807692307693 0.09615384615384626 0.7091346153846154 0.09615384615384626 0.7091346153846154 0.25000000000000006 0.8004807692307693 0.25000000000000006
0 0.7139423076923077 0.15865384615384623 0.6394230769230769 0.15865384615384623 0.6394230769230769 0.23317307692307698 0.7139423076923077 0.23317307692307698
0 0.65625 0.09375000000000007 0.5865384615384616 0.09375000000000007 0.5865384615384616 0.23317307692307698 0.65625 0.23317307692307698
0 0.5961538461538461 0.07451923076923084 0.5336538461538461 0.07451923076923084 0.5336538461538461 0.23557692307692316 0.5961538461538461 0.23557692307692316
0 0.5504807692307693 0.09375000000000007 0.4879807692307692 0.09375000000000007 0.4879807692307692 0.24278846153846162 0.5504807692307693 0.24278846153846162
0 0.4951923076923077 0.13221153846153852 0.43990384615384615 0.13221153846153852 0.43990384615384615 0.23076923076923084 0.4951923076923077 0.23076923076923084
0 0.4375 0.11298076923076929 0.3701923076923077 0.11298076923076926 0.3701923076923077 0.23076923076923084 0.4375 0.23076923076923084
1 0.5480769230769232 0.7379807692307693 9.03765786870763e-17 0.7379807692307693 1.0480150492703311e-16 0.9735576923076923 0.5480769230769232 0.9735576923076923
2 0.9326083509615385 0.06498962740384612 0.06992452979754055 0.056068879568009176 0.060332195259945966 0.9836987111760904 0.9230160164239438 0.9926194590119274