0 0.20673076923076927 0.2764423076923077 0.08653846153846158 0.2764423076923077 0.08653846153846158 0.36538461538461536 0.2067307692307693 0.36538461538461536
0 0.17788461538461545 0.3798076923076923 0.07692307692307696 0.3798076923076923 0.07692307692307697 0.42788461538461536 0.17788461538461545 0.42788461538461536
0 0.16826923076923084 0.43028846153846156 0.07932692307692314 0.43028846153846156 0.07932692307692314 0.5 0.16826923076923084 0.5
0 0.17067307692307698 0.5 0.07211538461538468 0.5 0.07211538461538468 0.5528846153846154 0.17067307692307698 0.5528846153846154
0 0.16826923076923084 0.5528846153846154 0.07211538461538468 0.5528846153846154 0.07211538461538468 0.6033653846153846 0.16826923076923084 0.6033653846153846
0 0.6850961538461539 0.22115384615384623 0.32211538461538464 0.22115384615384623 0.32211538461538464 0.358173076923077 0.6850961538461539 0.35817307692307704
0 0.47836538461538464 0.39903846153846156 0.33413461538461536 0.39903846153846156 0.33413461538461536 0.5168269230769231 0.47836538461538464 0.5168269230769231
0 0.528846153846154 0.5384615384615384 0.3245192307692308 0.5384615384615384 0.32451923076923084 0.6346153846153846 0.528846153846154 0.6346153846153846
0 0.5384615384615385 0.6610576923076923 0.3076923076923078 0.6610576923076923 0.3076923076923078 0.7596153846153846 0.5384615384615385 0.7596153846153846
0 0.3822115384615386 0.7716346153846154 0.3004807692307693 0.7716346153846154 0.30048076923076933 0.8774038461538461 0.3822115384615386 0.8774038461538461
0 0.9350961538461539 0.24278846153846165 0.7980769230769231 0.24278846153846162 0.7980769230769231 0.3149038461538463 0.9350961538461539 0.3149038461538463
0 0.8846153846153846 0.3125000000000001 0.8221153846153846 0.3125000000000001 0.8221153846153846 0.3822115384615386 0.8846153846153846 0.3822115384615386
0 0.9375 0.3774038461538463 0.8197115384615384 0.3774038461538463 0.8197115384615384 0.42788461538461553 0.9375 0.42788461538461553
0 0.9615384615384616 0.42788461538461553 0.8076923076923077 0.42788461538461553 0.8076923076923077 0.48317307692307704 0.9615384615384616 0.48317307692307704
0 0.9423076923076923 0.48557692307692324 0.8028846153846154 0.48557692307692324 0.8028846153846154 0.5264423076923078 0.9423076923076923 0.5264423076923078
0 0.9014423076923077 0.5264423076923078 0.8125 0.5264423076923078 0.8125 0.5697115384615385 0.9014423076923077 0.5697115384615385
0 0.9206730769230769 0.5673076923076924 0.8149038461538461 0.5673076923076924 0.8149038461538461 0.6177884615384616 0.9206730769230769 0.6177884615384616
1 0.29567307692307704 0.3557692307692308 0.08653846153846158 0.3557692307692308 0.08653846153846162 0.9879807692307693 0.29567307692307704 0.9879807692307693
2 0.9729413686382902 0.04423495351121908 0.040398089353240615 0.035173230264540056 0.0315457403846155 0.9461697716346156 0.964089019669665 0.9552314948812946