0 0.18750000000000003 0.27884615384615385 0.06009615384615388 0.27884615384615385 0.06009615384615389 0.3701923076923077 0.18750000000000006 0.3701923076923077
0 0.15144230769230774 0.38221153846153844 0.04807692307692313 0.38221153846153844 0.04807692307692313 0.4326923076923077 0.15144230769230776 0.4326923076923077
0 0.13701923076923084 0.4326923076923077 0.043269230769230824 0.4326923076923077 0.04326923076923083 0.5048076923076923 0.13701923076923084 0.5048076923076923
0 0.1346153846153847 0.5024038461538461 0.033653846153846215 0.5024038461538461 0.033653846153846215 0.5576923076923077 0.1346153846153847 0.5576923076923077
0 0.12980769230769237 0.5552884615384616 0.028846153846153914 0.5552884615384616 0.028846153846153917 0.6081730769230769 0.12980769230769237 0.6081730769230769
0 0.6706730769230769 0.23076923076923084 0.2956730769230769 0.23076923076923084 0.295673076923077 0.3774038461538462 0.6706730769230769 0.3774038461538463
0 0.4495192307692308 0.40865384615384615 0.29807692307692313 0.40865384615384615 0.29807692307692313 0.5288461538461539 0.4495192307692308 0.5288461538461539
0 0.4903846153846155 0.5480769230769231 0.28125000000000006 0.5480769230769231 0.28125000000000006 0.6490384615384616 0.49038461538461553 0.6490384615384616
0 0.4927884615384617 0.6682692307692307 0.2548076923076924 0.6682692307692307 0.2548076923076924 0.7764423076923077 0.4927884615384617 0.7764423076923077
0 0.32932692307692324 0.78125 0.2379807692307693 0.78125 0.23798076923076933 0.8894230769230769 0.32932692307692324 0.8894230769230769
0 0.9158653846153846 0.2668269230769232 0.7764423076923077 0.26682692307692313 0.7764423076923077 0.34134615384615397 0.9158653846153846 0.34134615384615397
0 0.8629807692307693 0.3365384615384617 0.7956730769230769 0.3365384615384617 0.7956730769230769 0.4062500000000001 0.8629807692307693 0.4062500000000001
0 0.9110576923076923 0.3990384615384617 0.7908653846153846 0.3990384615384617 0.7908653846153846 0.4567307692307694 0.9110576923076923 0.4567307692307694
0 0.9326923076923077 0.45192307692307704 0.7740384615384616 0.45192307692307704 0.7740384615384616 0.5096153846153848 0.9326923076923077 0.5096153846153848
0 0.9086538461538461 0.5072115384615385 0.7668269230769231 0.5072115384615385 0.7668269230769231 0.5528846153846155 0.9086538461538461 0.5528846153846155
0 0.8653846153846154 0.5504807692307694 0.7716346153846154 0.5504807692307694 0.7716346153846154 0.5961538461538463 0.8653846153846154 0.5961538461538463
0 0.8798076923076923 0.591346153846154 0.7716346153846154 0.591346153846154 0.7716346153846154 0.6442307692307693 0.8798076923076923 0.6442307692307693
1 0.26923076923076933 0.3605769230769231 0.019230769230769273 0.3605769230769231 0.01923076923076931 0.9951923076923077 0.2692307692307694 0.9951923076923077
2 0.9668440734968318 0.11025290882915854 0.03905665222776175 0.03633928479624236 -0.03330106970363456 0.94459652583936 0.8944863515654355 1.0185101498722762