0 0.6947115384615384 0.09134615384615391 0.6033653846153846 0.09134615384615391 0.6033653846153846 0.22355769230769237 0.6947115384615384 0.22355769230769237
0 0.6081730769230769 0.08413461538461545 0.5240384615384616 0.08413461538461545 0.5240384615384616 0.24519230769230776 0.6081730769230769 0.24519230769230776
0 0.5384615384615384 0.0865384615384616 0.46634615384615385 0.0865384615384616 0.46634615384615385 0.24519230769230776 0.5384615384615384 0.24519230769230776
0 0.4831730769230769 0.07451923076923082 0.41586538461538464 0.07451923076923082 0.41586538461538464 0.23557692307692316 0.4831730769230769 0.23557692307692316
0 0.43028846153846156 0.08413461538461543 0.36538461538461536 0.08413461538461542 0.36538461538461536 0.2475961538461539 0.43028846153846156 0.2475961538461539
0 0.71875 0.32932692307692324 0.5793269230769231 0.32932692307692324 0.5793269230769231 0.6899038461538461 0.71875 0.6899038461538461
0 0.5552884615384616 0.34375 0.4543269230769231 0.34375 0.4543269230769231 0.49038461538461536 0.5552884615384616 0.49038461538461536
0 0.43028846153846156 0.3269230769230769 0.3269230769230769 0.3269230769230769 0.3269230769230769 0.53125 0.43028846153846156 0.53125
0 0.31009615384615385 0.3125 0.2163461538461539 0.3125 0.2163461538461539 0.39663461538461536 0.31009615384615385 0.39663461538461536
0 0.6971153846153846 0.8125 0.6177884615384616 0.8125 0.6177884615384616 0.9639423076923077 0.6971153846153846 0.9639423076923077
0 0.625 0.8293269230769231 0.5528846153846155 0.8293269230769231 0.5528846153846155 0.8942307692307693 0.625 0.8942307692307693
0 0.560096153846154 0.8317307692307693 0.5000000000000001 0.8317307692307693 0.5000000000000001 0.9543269230769231 0.560096153846154 0.9543269230769231
0 0.5096153846153848 0.8317307692307693 0.45432692307692324 0.8317307692307693 0.45432692307692324 0.9663461538461539 0.5096153846153848 0.9663461538461539
0 0.4615384615384617 0.8125 0.4062500000000001 0.8125 0.4062500000000001 0.9591346153846154 0.4615384615384617 0.9591346153846154
0 0.42067307692307704 0.8221153846153846 0.36057692307692324 0.8221153846153846 0.36057692307692324 0.9254807692307693 0.42067307692307704 0.9254807692307693
0 0.36057692307692324 0.8221153846153846 0.3052884615384616 0.8221153846153846 0.3052884615384616 0.9302884615384616 0.36057692307692324 0.9302884615384616
1 0.6033653846153846 0.10817307692307696 1.3247381240776658e-17 0.10817307692307693 3.105774935337639e-17 0.3990384615384616 0.6033653846153846 0.3990384615384617
2 0.946719920673077 0.05753072355769229 0.014702327249385787 0.04239815517418434 -0.000460020101158113 0.9762498405040347 0.931557573322533 0.9913824088875428