0 0.36778846153846156 0.03125000000000004 0.25 0.031250000000000035 0.25 0.1995192307692308 0.36778846153846156 0.19951923076923084
0 0.43509615384615385 0.03605769230769235 0.36538461538461536 0.03605769230769235 0.36538461538461536 0.2067307692307693 0.43509615384615385 0.2067307692307693
0 0.49278846153846156 0.024038461538461595 0.43509615384615385 0.02403846153846159 0.43509615384615385 0.2163461538461539 0.49278846153846156 0.2163461538461539
0 0.5480769230769231 0.019230769230769294 0.4855769230769231 0.01923076923076929 0.4855769230769231 0.1971153846153847 0.5480769230769231 0.1971153846153847
0 0.6153846153846154 0.019230769230769305 0.5408653846153846 0.019230769230769298 0.5408653846153846 0.22596153846153852 0.6153846153846154 0.22596153846153852
0 0.3365384615384616 0.29807692307692313 0.18990384615384623 0.2980769230769231 0.18990384615384623 0.6754807692307693 0.3365384615384617 0.6754807692307693
0 0.4831730769230769 0.29326923076923084 0.37259615384615385 0.29326923076923084 0.37259615384615385 0.47115384615384615 0.4831730769230769 0.47115384615384615
0 0.5889423076923077 0.2836538461538462 0.4831730769230769 0.2836538461538462 0.4831730769230769 0.4903846153846155 0.5889423076923077 0.49038461538461553
0 0.7163461538461539 0.2548076923076924 0.6201923076923077 0.2548076923076924 0.6201923076923077 0.48557692307692324 0.7163461538461539 0.48557692307692324
0 0.8389423076923077 0.23798076923076933 0.7355769230769231 0.2379807692307693 0.7355769230769231 0.3365384615384617 0.8389423076923077 0.3365384615384617
0 0.25240384615384626 0.78125 0.16346153846153852 0.78125 0.16346153846153857 0.9326923076923077 0.2524038461538463 0.9326923076923077
0 0.32211538461538475 0.7836538461538461 0.2524038461538462 0.7836538461538461 0.25240384615384626 0.8701923076923077 0.32211538461538475 0.8701923076923077
0 0.37259615384615397 0.7668269230769231 0.31009615384615397 0.7668269230769231 0.31009615384615397 0.9110576923076923 0.37259615384615397 0.9110576923076923
0 0.41586538461538475 0.78125 0.36057692307692324 0.78125 0.36057692307692324 0.9254807692307693 0.41586538461538475 0.9254807692307693
0 0.45913461538461553 0.7620192307692307 0.41105769230769246 0.7620192307692307 0.41105769230769246 0.9086538461538461 0.45913461538461553 0.9086538461538461
0 0.49759615384615397 0.7740384615384616 0.4567307692307694 0.7740384615384616 0.4567307692307694 0.8701923076923077 0.49759615384615397 0.8701923076923077
0 0.5480769230769232 0.7692307692307693 0.4951923076923078 0.7692307692307693 0.4951923076923078 0.8894230769230769 0.5480769230769232 0.8894230769230769
1 0.9639423076923077 0.514423076923077 0.3293269230769231 0.5144230769230769 0.32932692307692313 0.8100961538461539 0.9639423076923077 0.8100961538461539
2 0.946641627403846 7.685086363712655e-17 0.040453841346153846 2.136286505602759e-17 0.0404538413461539 0.9576479807692307 0.946641627403846 0.9576479807692307