0 0.2620192307692308 0.055288461538461564 0.17548076923076922 0.05528846153846156 0.17548076923076922 0.20673076923076922 0.2620192307692308 0.20673076923076922
0 0.3269230769230769 0.1274038461538462 0.25721153846153844 0.1274038461538462 0.25721153846153844 0.1899038461538462 0.3269230769230769 0.18990384615384623
0 0.3798076923076923 0.06009615384615389 0.31971153846153844 0.06009615384615388 0.31971153846153844 0.19471153846153852 0.3798076923076923 0.19471153846153852
0 0.4375 0.043269230769230824 0.3701923076923077 0.043269230769230824 0.3701923076923077 0.1971153846153847 0.4375 0.1971153846153847
0 0.4735576923076923 0.06971153846153852 0.4206730769230769 0.06971153846153852 0.4206730769230769 0.19471153846153852 0.4735576923076923 0.19471153846153852
0 0.5168269230769231 0.09375000000000007 0.46153846153846156 0.09375000000000007 0.46153846153846156 0.20192307692307698 0.5168269230769231 0.20192307692307698
0 0.5793269230769231 0.08413461538461545 0.5192307692307693 0.08413461538461545 0.5192307692307693 0.19951923076923084 0.5793269230769231 0.19951923076923084
0 0.35336538461538475 0.7860576923076923 0.2716346153846155 0.7860576923076923 0.2716346153846155 0.9086538461538461 0.35336538461538475 0.9086538461538461
0 0.42307692307692324 0.7644230769230769 0.3557692307692309 0.7644230769230769 0.3557692307692309 0.8990384615384616 0.42307692307692324 0.8990384615384616
0 0.47836538461538475 0.7524038461538461 0.42788461538461553 0.7524038461538461 0.42788461538461553 0.8870192307692307 0.47836538461538475 0.8870192307692307
0 0.5576923076923078 0.7596153846153846 0.4711538461538463 0.7596153846153846 0.4711538461538463 0.8942307692307693 0.5576923076923078 0.8942307692307693
1 0.9302884615384616 0.8269230769230769 0.3461538461538463 0.8269230769230769 0.3461538461538463 1 0.9302884615384616 1
2 0.9007568509615387 0.9363912139423078 0.8897239685045902 0.018947635406459964 0.034821055043051635 0.029228423867998385 0.045853937500000004 0.9466720024038463