0 0.9975961538461539 0.7307692307692307 0.84375 0.7307692307692307 0.84375 0.8076923076923077 0.9975961538461539 0.8076923076923077
0 0.9230769230769231 0.6610576923076923 0.8557692307692307 0.6610576923076923 0.8557692307692307 0.7259615384615384 0.9230769230769231 0.7259615384615384
0 0.9879807692307693 0.6105769230769232 0.8485576923076923 0.6105769230769232 0.8485576923076923 0.6658653846153846 0.9879807692307693 0.6658653846153846
0 1 0.5552884615384617 0.8461538461538461 0.5552884615384617 0.8461538461538461 0.6129807692307694 1 0.6129807692307694
0 0.9735576923076923 0.5168269230769232 0.8461538461538461 0.5168269230769232 0.8461538461538461 0.5649038461538463 0.9735576923076923 0.5649038461538463
0 0.9471153846153846 0.47355769230769246 0.8389423076923077 0.47355769230769246 0.8389423076923077 0.5216346153846155 0.9471153846153846 0.5216346153846155
0 0.9567307692307693 0.41105769230769246 0.8389423076923077 0.41105769230769246 0.8389423076923077 0.4639423076923078 0.9567307692307693 0.4639423076923078
0 0.2596153846153847 0.59375 0.1346153846153847 0.59375 0.1346153846153847 0.6706730769230769 0.2596153846153847 0.6706730769230769
0 0.2788461538461539 0.5264423076923077 0.1442307692307693 0.5264423076923077 0.1442307692307693 0.5865384615384616 0.2788461538461539 0.5865384615384616
0 0.2908653846153847 0.47115384615384615 0.15144230769230776 0.47115384615384615 0.15144230769230776 0.5168269230769231 0.2908653846153847 0.5168269230769231
0 0.28125000000000006 0.3942307692307692 0.1418269230769231 0.3942307692307692 0.14182692307692313 0.47115384615384615 0.28125000000000006 0.47115384615384615
1 0.21634615384615388 0.01682692307692309 0.00480769230769231 0.016826923076923076 0.004807692307692345 0.5889423076923077 0.2163461538461539 0.5889423076923077
2 1.0201899825352552 0.06151731822685553 0.08830610336538461 0.04016739423076924 0.06811612083012962 0.9214220183116061 1.0000000000000002 0.9427719423076923