0 0.6177884615384616 0.6298076923076923 0.24519230769230776 0.6298076923076923 0.24519230769230776 0.7644230769230769 0.6177884615384616 0.7644230769230769
0 0.8701923076923077 0.5985576923076924 0.7235576923076923 0.5985576923076924 0.7235576923076923 0.6899038461538461 0.8701923076923077 0.6899038461538461
0 0.8798076923076923 0.5192307692307694 0.6995192307692307 0.5192307692307694 0.6995192307692307 0.6033653846153848 0.8798076923076923 0.6033653846153848
0 0.8798076923076923 0.46634615384615397 0.7043269230769231 0.46634615384615397 0.7043269230769231 0.5336538461538463 0.8798076923076923 0.5336538461538463
0 0.8894230769230769 0.41586538461538475 0.7043269230769231 0.41586538461538475 0.7043269230769231 0.4807692307692309 0.8894230769230769 0.4807692307692309
0 0.8870192307692307 0.3437500000000001 0.6875 0.3437500000000001 0.6875 0.4254807692307694 0.8870192307692307 0.4254807692307694
0 0.6105769230769231 0.4903846153846155 0.4639423076923077 0.49038461538461536 0.46394230769230776 0.6009615384615385 0.6105769230769232 0.6009615384615385
0 0.6322115384615384 0.3725961538461539 0.4254807692307692 0.37259615384615385 0.4254807692307692 0.48557692307692313 0.6322115384615384 0.48557692307692324
0 0.6490384615384616 0.24519230769230776 0.42788461538461536 0.24519230769230776 0.42788461538461536 0.358173076923077 0.6490384615384616 0.35817307692307704
0 0.6634615384615384 0.12019230769230776 0.5649038461538461 0.12019230769230776 0.5649038461538461 0.2475961538461539 0.6634615384615384 0.2475961538461539
0 0.13461538461538472 0.7235576923076923 8.861026118830609e-17 0.7235576923076923 9.420359993441177e-17 0.8149038461538461 0.13461538461538472 0.8149038461538461
0 0.1298076923076924 0.6610576923076923 0.0721153846153847 0.6610576923076923 0.0721153846153847 0.7355769230769231 0.1298076923076924 0.7355769230769231
0 0.13701923076923084 0.6177884615384616 0.009615384615384692 0.6177884615384616 0.009615384615384696 0.6802884615384616 0.13701923076923084 0.6802884615384616
0 0.12980769230769237 0.5697115384615384 6.976954120142373e-17 0.5697115384615384 7.330217619896416e-17 0.6274038461538461 0.12980769230769237 0.6274038461538461
0 0.1346153846153847 0.5288461538461539 0.019230769230769298 0.5288461538461539 0.019230769230769298 0.5817307692307693 0.1346153846153847 0.5817307692307693
0 0.1442307692307693 0.4879807692307692 0.05048076923076928 0.4879807692307692 0.05048076923076929 0.5408653846153846 0.1442307692307693 0.5408653846153846
0 0.15144230769230774 0.41586538461538464 0.028846153846153896 0.41586538461538464 0.028846153846153903 0.49759615384615385 0.15144230769230776 0.49759615384615385
1 0.3365384615384616 0.06250000000000001 0.055288461538461536 0.0625 0.05528846153846158 0.6658653846153846 0.3365384615384617 0.6658653846153846
2 0.9491616513085949 0.9071562849589127 0.9375996201923077 0.020788593749999997 -0.011562031116287053 0.03316972706031805 2.135044278125301e-18 0.9195374182692307