0 0.6514423076923077 0.6370192307692307 0.5552884615384617 0.6370192307692307 0.5552884615384617 0.8317307692307693 0.6514423076923077 0.8317307692307693
0 0.5673076923076924 0.608173076923077 0.4879807692307694 0.6081730769230769 0.4879807692307694 0.8365384615384616 0.5673076923076924 0.8365384615384616
0 0.5048076923076924 0.5961538461538461 0.4399038461538463 0.5961538461538461 0.4399038461538463 0.8221153846153846 0.5048076923076924 0.8221153846153846
0 0.45913461538461553 0.5817307692307693 0.3870192307692309 0.5817307692307693 0.3870192307692309 0.8389423076923077 0.45913461538461553 0.8389423076923077
0 0.4086538461538462 0.5480769230769231 0.34134615384615385 0.5480769230769231 0.3413461538461539 0.8293269230769231 0.4086538461538463 0.8293269230769231
0 0.7235576923076923 0.19230769230769237 0.5817307692307693 0.19230769230769237 0.5817307692307693 0.512019230769231 0.7235576923076923 0.512019230769231
0 0.5649038461538461 0.3533653846153847 0.4831730769230769 0.35336538461538464 0.4831730769230769 0.5048076923076924 0.5649038461538461 0.5048076923076924
0 0.47836538461538464 0.3052884615384616 0.39663461538461536 0.3052884615384616 0.39663461538461536 0.49759615384615385 0.47836538461538464 0.49759615384615385
0 0.3798076923076923 0.3004807692307693 0.28846153846153855 0.3004807692307693 0.28846153846153855 0.5 0.3798076923076923 0.5
0 0.26682692307692313 0.4182692307692308 0.19471153846153852 0.4182692307692308 0.19471153846153852 0.5144230769230769 0.26682692307692313 0.5144230769230769
0 0.6057692307692307 0.1129807692307693 0.5360576923076923 0.1129807692307693 0.5360576923076923 0.2716346153846155 0.6057692307692307 0.2716346153846155
0 0.5432692307692307 0.1346153846153847 0.49278846153846156 0.1346153846153847 0.49278846153846156 0.28846153846153855 0.5432692307692307 0.28846153846153855
0 0.5 0.21394230769230776 0.44711538461538464 0.21394230769230776 0.44711538461538464 0.2788461538461539 0.5 0.2788461538461539
0 0.4519230769230769 0.0961538461538462 0.39903846153846156 0.09615384615384619 0.39903846153846156 0.2788461538461539 0.4519230769230769 0.2788461538461539
0 0.40625 0.1538461538461539 0.3389423076923077 0.1538461538461539 0.3389423076923077 0.2740384615384616 0.40625 0.2740384615384616
2 0.9063188145169119 0.054269767712384134 0.03684021341515623 0.013102663748669486 -0.003432610717139957 0.8636934369016701 0.8660459903846156 0.9048605408653848