1 0.3653846153846155 0.37740384615384615 0.12019230769230772 0.37740384615384615 0.12019230769230778 0.9879807692307693 0.36538461538461553 0.9879807692307693
0 0.1971153846153847 0.30288461538461536 0.06971153846153849 0.30288461538461536 0.0697115384615385 0.3798076923076923 0.1971153846153847 0.3798076923076923
0 0.21394230769230776 0.3942307692307692 0.07451923076923082 0.3942307692307692 0.07451923076923082 0.4543269230769231 0.21394230769230776 0.4543269230769231
0 0.1971153846153847 0.45913461538461536 0.076923076923077 0.45913461538461536 0.076923076923077 0.5072115384615384 0.1971153846153847 0.5072115384615384
0 0.20192307692307698 0.5168269230769231 0.07451923076923084 0.5168269230769231 0.07451923076923084 0.5673076923076923 0.20192307692307698 0.5673076923076923
0 0.21394230769230776 0.5673076923076923 0.07211538461538468 0.5673076923076923 0.07211538461538468 0.6153846153846154 0.21394230769230776 0.6153846153846154
0 0.96875 0.1923076923076924 0.8125 0.19230769230769237 0.8125 0.26442307692307704 0.96875 0.26442307692307704
0 0.8966346153846154 0.2716346153846155 0.8293269230769231 0.2716346153846155 0.8293269230769231 0.34134615384615397 0.8966346153846154 0.34134615384615397
0 0.96875 0.3365384615384617 0.8245192307692307 0.3365384615384617 0.8245192307692307 0.4014423076923078 0.96875 0.4014423076923078
0 0.9927884615384616 0.39663461538461553 0.8221153846153846 0.39663461538461553 0.8221153846153846 0.45192307692307704 0.9927884615384616 0.45192307692307704
0 0.9735576923076923 0.44711538461538475 0.8197115384615384 0.44711538461538475 0.8197115384615384 0.5000000000000001 0.9735576923076923 0.5000000000000001
0 0.9326923076923077 0.4927884615384617 0.8125 0.4927884615384617 0.8125 0.543269230769231 0.9326923076923077 0.543269230769231
0 0.9543269230769231 0.5408653846153848 0.8269230769230769 0.5408653846153848 0.8269230769230769 0.6033653846153848 0.9543269230769231 0.6033653846153848
2 1.0264781719760447 0.9079911042269865 0.9999798840613247 0.04003877722140066 0.017545337085279864 0.0700321681867219 0.044043625 0.9379844951923076