1 0.3461538461538462 0.38221153846153844 0.12500000000000003 0.38221153846153844 0.12500000000000008 0.9831730769230769 0.3461538461538463 0.9831730769230769
0 0.20913461538461545 0.2980769230769231 0.08413461538461542 0.2980769230769231 0.08413461538461542 0.3870192307692308 0.20913461538461545 0.3870192307692308
0 0.22355769230769237 0.3870192307692308 0.07692307692307696 0.3870192307692308 0.07692307692307697 0.44711538461538464 0.22355769230769237 0.44711538461538464
0 0.21875000000000006 0.4543269230769231 0.0817307692307693 0.4543269230769231 0.0817307692307693 0.5 0.21875000000000006 0.5
0 0.22115384615384623 0.5096153846153846 0.08413461538461545 0.5096153846153846 0.08413461538461545 0.5673076923076923 0.22115384615384623 0.5673076923076923
0 0.22355769230769237 0.5697115384615384 0.0817307692307693 0.5697115384615384 0.0817307692307693 0.6274038461538461 0.22355769230769237 0.6274038461538461
0 0.9807692307692307 0.19471153846153857 0.8197115384615384 0.19471153846153852 0.8197115384615384 0.2668269230769232 0.9807692307692307 0.26682692307692324
0 0.8990384615384616 0.2740384615384616 0.8365384615384616 0.2740384615384616 0.8365384615384616 0.3461538461538463 0.8990384615384616 0.3461538461538463
0 0.9759615384615384 0.3389423076923078 0.8317307692307693 0.3389423076923078 0.8317307692307693 0.3990384615384617 0.9759615384615384 0.3990384615384617
0 0.9927884615384616 0.3990384615384617 0.8317307692307693 0.3990384615384617 0.8317307692307693 0.45192307692307704 0.9927884615384616 0.45192307692307704
0 0.9759615384615384 0.45432692307692324 0.8245192307692307 0.45432692307692324 0.8245192307692307 0.5000000000000001 0.9759615384615384 0.5000000000000001
0 0.9399038461538461 0.49759615384615397 0.8365384615384616 0.49759615384615397 0.8365384615384616 0.5456730769230771 0.9399038461538461 0.5456730769230771
0 0.9543269230769231 0.5528846153846155 0.8293269230769231 0.5528846153846155 0.8293269230769231 0.6153846153846154 0.9543269230769231 0.6153846153846154
2 1.0211955179960122 0.9142109342285416 0.999710536227153 0.03466159783167635 0.02647164803883312 0.05843515879544237 0.047956629807692296 0.9379844951923076