1 0.9903846153846154 0.06250000000000008 0.37740384615384615 0.06250000000000006 0.37740384615384615 0.34375000000000006 0.9903846153846154 0.3437500000000001
0 0.3798076923076923 0.04807692307692312 0.30288461538461536 0.048076923076923114 0.30288461538461536 0.18028846153846162 0.3798076923076923 0.18028846153846162
0 0.4543269230769231 0.04807692307692313 0.3942307692307692 0.04807692307692313 0.3942307692307692 0.18990384615384623 0.4543269230769231 0.18990384615384623
0 0.5072115384615384 0.048076923076923135 0.45913461538461536 0.04807692307692313 0.45913461538461536 0.17067307692307698 0.5072115384615384 0.17067307692307698
0 0.5673076923076923 0.04326923076923084 0.5168269230769231 0.04326923076923084 0.5168269230769231 0.17067307692307698 0.5673076923076923 0.17067307692307698
0 0.6153846153846154 0.03605769230769238 0.5673076923076923 0.036057692307692374 0.5673076923076923 0.18028846153846162 0.6153846153846154 0.18028846153846162
0 0.26923076923076933 0.7980769230769231 0.1971153846153847 0.7980769230769231 0.19711538461538472 0.9567307692307693 0.2692307692307694 0.9567307692307693
0 0.3461538461538463 0.8100961538461539 0.27644230769230776 0.8100961538461539 0.2764423076923078 0.8798076923076923 0.3461538461538463 0.8798076923076923
0 0.4062500000000001 0.8004807692307693 0.34134615384615397 0.8004807692307693 0.34134615384615397 0.9495192307692307 0.4062500000000001 0.9495192307692307
0 0.4567307692307694 0.7980769230769231 0.4014423076923078 0.7980769230769231 0.4014423076923078 0.96875 0.4567307692307694 0.96875
0 0.5048076923076924 0.7908653846153846 0.4495192307692309 0.7908653846153846 0.4495192307692309 0.9471153846153846 0.5048076923076924 0.9471153846153846
0 0.5480769230769232 0.78125 0.49759615384615397 0.78125 0.49759615384615397 0.9038461538461539 0.5480769230769232 0.9038461538461539
0 0.6081730769230771 0.7908653846153846 0.5456730769230771 0.7908653846153846 0.5456730769230771 0.9206730769230769 0.6081730769230771 0.9206730769230769
2 0.9379795552884621 1.1956247957501685e-16 0.07099400034984471 -0.021386770495636642 0.04585733857629429 0.9976133941852433 0.9128428935149115 1.0190001646808802