1 0.875 0.6346153846153846 0.3125000000000001 0.6346153846153846 0.3125000000000001 0.8918269230769231 0.875 0.8918269230769231
0 0.3629807692307692 0.12500000000000003 0.2764423076923077 0.12500000000000003 0.2764423076923077 0.2884615384615385 0.3629807692307692 0.28846153846153855
0 0.43028846153846156 0.12980769230769235 0.35336538461538464 0.12980769230769235 0.35336538461538464 0.31971153846153844 0.43028846153846156 0.31971153846153844
0 0.49278846153846156 0.1442307692307693 0.42788461538461536 0.1442307692307693 0.42788461538461536 0.3317307692307692 0.49278846153846156 0.3317307692307692
0 0.326923076923077 0.40625 0.22596153846153852 0.40625 0.22596153846153852 0.7379807692307693 0.32692307692307704 0.7379807692307693
0 0.45432692307692313 0.43509615384615385 0.3629807692307692 0.43509615384615385 0.3629807692307693 0.5721153846153846 0.45432692307692324 0.5721153846153846
0 0.560096153846154 0.43750000000000006 0.46634615384615385 0.4375 0.4663461538461539 0.625 0.560096153846154 0.625
0 0.6586538461538461 0.4302884615384617 0.5793269230769231 0.4302884615384617 0.5793269230769231 0.6490384615384616 0.6586538461538461 0.6490384615384616
0 0.7836538461538461 0.4326923076923078 0.6778846153846154 0.4326923076923078 0.6778846153846154 0.5216346153846155 0.7836538461538461 0.5216346153846155
0 0.27884615384615397 0.8245192307692307 0.20192307692307698 0.8245192307692307 0.20192307692307704 0.9254807692307693 0.27884615384615397 0.9254807692307693
0 0.3245192307692309 0.8365384615384616 0.27644230769230776 0.8365384615384616 0.2764423076923078 0.8870192307692307 0.3245192307692309 0.8870192307692307
0 0.3557692307692309 0.8341346153846154 0.31730769230769246 0.8341346153846154 0.31730769230769246 0.9423076923076923 0.3557692307692309 0.9423076923076923
0 0.38942307692307704 0.8461538461538461 0.3437500000000001 0.8461538461538461 0.3437500000000001 0.9495192307692307 0.38942307692307704 0.9495192307692307
0 0.42307692307692324 0.8509615384615384 0.3822115384615386 0.8509615384615384 0.3822115384615386 0.9278846153846154 0.42307692307692324 0.9278846153846154
0 0.45432692307692324 0.8533653846153846 0.41586538461538475 0.8533653846153846 0.41586538461538475 0.9230769230769231 0.45432692307692324 0.9230769230769231
0 0.4927884615384617 0.8653846153846154 0.44230769230769246 0.8653846153846154 0.44230769230769246 0.9447115384615384 0.4927884615384617 0.9447115384615384
2 0.9197774639423079 0.13612330048076934 0.05697923557692308 0.04656288701923079 -0.03360495223949232 0.9192238512239612 0.8291932761258924 1.0087842646854999