0 0.7355769230769231 0.12740384615384623 0.6418269230769231 0.12740384615384623 0.6418269230769231 0.2692307692307693 0.7355769230769231 0.2692307692307693
0 0.6490384615384616 0.12259615384615391 0.5625 0.12259615384615391 0.5625 0.27644230769230776 0.6490384615384616 0.27644230769230776
0 0.5745192307692307 0.10576923076923084 0.5 0.10576923076923084 0.5 0.2788461538461539 0.5745192307692307 0.2788461538461539
0 0.5192307692307693 0.10096153846153853 0.4543269230769231 0.10096153846153853 0.4543269230769231 0.264423076923077 0.5192307692307693 0.264423076923077
0 0.4735576923076923 0.09855769230769236 0.3894230769230769 0.09855769230769235 0.3894230769230769 0.2908653846153847 0.4735576923076923 0.2908653846153847
0 0.8197115384615384 0.3701923076923078 0.6682692307692307 0.3701923076923078 0.6682692307692307 0.7475961538461539 0.8197115384615384 0.7475961538461539
0 0.8365384615384616 0.8605769230769231 0.7524038461538461 0.8605769230769231 0.7524038461538461 1 0.8365384615384616 1
0 0.7572115384615384 0.8725961538461539 0.6923076923076923 0.8725961538461539 0.6923076923076923 0.9254807692307693 0.7572115384615384 0.9254807692307693
0 0.6995192307692307 0.8605769230769231 0.6370192307692307 0.8605769230769231 0.6370192307692307 0.9903846153846154 0.6995192307692307 0.9903846153846154
0 0.6394230769230769 0.8557692307692307 0.5889423076923078 0.8557692307692307 0.5889423076923078 1 0.6394230769230769 1
0 0.6033653846153848 0.84375 0.5408653846153848 0.84375 0.5408653846153848 0.9831730769230769 0.6033653846153848 0.9831730769230769
0 0.5576923076923078 0.8413461538461539 0.5048076923076924 0.8413461538461539 0.5048076923076924 0.9471153846153846 0.5576923076923078 0.9471153846153846
0 0.512019230769231 0.8341346153846154 0.4399038461538463 0.8341346153846154 0.4399038461538463 0.9591346153846154 0.512019230769231 0.9591346153846154
0 0.6322115384615384 0.37019230769230776 0.5216346153846154 0.3701923076923077 0.5216346153846154 0.5192307692307693 0.6322115384615384 0.5192307692307694
0 0.5120192307692307 0.34615384615384615 0.41346153846153844 0.34615384615384615 0.41346153846153844 0.5144230769230769 0.5120192307692307 0.5144230769230769
0 0.38221153846153844 0.3245192307692308 0.2836538461538462 0.3245192307692308 0.2836538461538462 0.4110576923076923 0.38221153846153844 0.4110576923076923
0 0.2716346153846155 0.3076923076923077 0.17067307692307698 0.3076923076923077 0.17067307692307698 0.38221153846153844 0.2716346153846155 0.38221153846153844
1 0.6706730769230769 0.3533653846153847 0.07451923076923082 0.35336538461538464 0.07451923076923084 0.6370192307692307 0.6706730769230769 0.6370192307692307
2 0.9544880961538461 0.9999999999999999 0.9499916695602771 0.02806445838582773 0.07175313221153846 0.03212741826923077 0.07624955880510742 1.0040629598834028