0 0.2067307692307693 0.29086538461538464 0.08173076923076926 0.29086538461538464 0.08173076923076926 0.3798076923076923 0.2067307692307693 0.3798076923076923
0 0.2283653846153847 0.38461538461538464 0.07451923076923082 0.38461538461538464 0.07451923076923082 0.4495192307692308 0.2283653846153847 0.4495192307692308
0 0.23076923076923084 0.4519230769230769 0.07211538461538466 0.4519230769230769 0.07211538461538468 0.5168269230769231 0.23076923076923084 0.5168269230769231
0 0.2283653846153847 0.5144230769230769 0.0817307692307693 0.5144230769230769 0.0817307692307693 0.5697115384615384 0.2283653846153847 0.5697115384615384
0 0.2524038461538462 0.5600961538461539 0.06490384615384623 0.5600961538461539 0.06490384615384623 0.6322115384615384 0.2524038461538462 0.6322115384615384
0 0.6826923076923077 0.23317307692307698 0.3125 0.23317307692307698 0.3125 0.3798076923076924 0.6826923076923077 0.37980769230769246
0 0.47115384615384615 0.40625 0.3269230769230769 0.40625 0.3269230769230769 0.5120192307692307 0.47115384615384615 0.5120192307692307
0 0.5096153846153847 0.5360576923076923 0.3173076923076923 0.5360576923076923 0.3173076923076924 0.6298076923076923 0.5096153846153848 0.6298076923076923
0 0.5264423076923078 0.6514423076923077 0.3028846153846155 0.6514423076923077 0.3028846153846155 0.7668269230769231 0.5264423076923078 0.7668269230769231
0 0.37980769230769246 0.7716346153846154 0.295673076923077 0.7716346153846154 0.29567307692307704 0.8822115384615384 0.37980769230769246 0.8822115384615384
0 0.9326923076923077 0.2548076923076924 0.7956730769230769 0.2548076923076924 0.7956730769230769 0.32692307692307704 0.9326923076923077 0.32692307692307704
0 0.8629807692307693 0.32211538461538475 0.8076923076923077 0.32211538461538475 0.8076923076923077 0.39182692307692324 0.8629807692307693 0.39182692307692324
0 0.9302884615384616 0.39182692307692324 0.8052884615384616 0.39182692307692324 0.8052884615384616 0.4399038461538463 0.9302884615384616 0.4399038461538463
0 0.9471153846153846 0.4495192307692309 0.8028846153846154 0.4495192307692309 0.8028846153846154 0.4927884615384617 0.9471153846153846 0.4927884615384617
0 0.9254807692307693 0.48557692307692324 0.7956730769230769 0.48557692307692324 0.7956730769230769 0.5312500000000001 0.9254807692307693 0.5312500000000001
0 0.90625 0.5336538461538463 0.8052884615384616 0.5336538461538463 0.8052884615384616 0.5697115384615385 0.90625 0.5697115384615385
0 0.9278846153846154 0.574519230769231 0.7980769230769231 0.574519230769231 0.7980769230769231 0.6442307692307693 0.9278846153846154 0.6442307692307693
1 0.8341346153846154 0.37259615384615397 0.6033653846153846 0.37259615384615397 0.6033653846153847 0.9591346153846154 0.8341346153846154 0.9591346153846154
2 0.963477873077388 0.07399745874913528 0.042296643900179905 0.06346603800393304 0.032315576923077044 0.936507935096154 0.9534968061002851 0.9470393558413563