1 0.9783653846153846 0.6129807692307693 0.3774038461538463 0.6129807692307693 0.3774038461538463 0.8605769230769231 0.9783653846153846 0.8605769230769231
0 0.3822115384615386 0.7740384615384616 0.2908653846153847 0.7740384615384616 0.2908653846153847 0.9038461538461539 0.3822115384615386 0.9038461538461539
0 0.44230769230769246 0.7596153846153846 0.3822115384615386 0.7596153846153846 0.3822115384615386 0.90625 0.44230769230769246 0.90625
0 0.49759615384615397 0.7620192307692307 0.44711538461538475 0.7620192307692307 0.44711538461538475 0.8990384615384616 0.49759615384615397 0.8990384615384616
0 0.5625000000000001 0.7572115384615384 0.5024038461538463 0.7572115384615384 0.5024038461538463 0.8966346153846154 0.5625000000000001 0.8966346153846154
0 0.6225961538461539 0.7524038461538461 0.5625000000000001 0.7524038461538461 0.5625000000000001 0.8942307692307693 0.6225961538461539 0.8942307692307693
0 0.2668269230769231 0.009615384615384645 0.19471153846153846 0.00961538461538464 0.19471153846153846 0.17307692307692307 0.2668269230769231 0.17307692307692307
0 0.34375 0.08653846153846158 0.27163461538461536 0.08653846153846158 0.27163461538461536 0.15144230769230774 0.34375 0.15144230769230774
0 0.39903846153846156 0.007211538461538506 0.3389423076923077 0.007211538461538502 0.3389423076923077 0.1538461538461539 0.39903846153846156 0.1538461538461539
0 0.4519230769230769 5.210636621372152e-17 0.39903846153846156 4.8868117465976114e-17 0.39903846153846156 0.15144230769230774 0.4519230769230769 0.15144230769230776
0 0.5 0.002403846153846212 0.4519230769230769 0.0024038461538462095 0.4519230769230769 0.15865384615384623 0.5 0.15865384615384623
0 0.5432692307692307 0.03846153846153853 0.4951923076923077 0.03846153846153853 0.4951923076923077 0.1442307692307693 0.5432692307692307 0.1442307692307693
0 0.6153846153846154 0.021634615384615457 0.5528846153846154 0.021634615384615453 0.5528846153846154 0.14903846153846162 0.6153846153846154 0.14903846153846162
2 0.9329827686540937 0.9426564329118773 0.9151215856725705 -0.016180220863774044 0.03468493961463067 0.00022052891665612148 0.05254612259615384 0.9590571826923076