0 0.6971153846153846 0.22596153846153852 0.3317307692307692 0.22596153846153852 0.3317307692307692 0.3485576923076924 0.6971153846153846 0.34855769230769246
0 0.22115384615384623 0.28365384615384615 0.08413461538461542 0.28365384615384615 0.08413461538461542 0.3701923076923077 0.22115384615384623 0.3701923076923077
0 0.2524038461538462 0.37259615384615385 0.07932692307692311 0.37259615384615385 0.07932692307692313 0.4495192307692308 0.2524038461538462 0.4495192307692308
0 0.2548076923076924 0.43990384615384615 0.08413461538461545 0.43990384615384615 0.08413461538461545 0.5024038461538461 0.2548076923076924 0.5024038461538461
0 0.2596153846153847 0.49278846153846156 0.076923076923077 0.49278846153846156 0.076923076923077 0.5528846153846154 0.2596153846153847 0.5528846153846154
0 0.2788461538461539 0.5504807692307693 0.0865384615384616 0.5504807692307693 0.0865384615384616 0.625 0.2788461538461539 0.625
0 0.49038461538461536 0.38221153846153844 0.3485576923076923 0.38221153846153844 0.3485576923076923 0.4855769230769231 0.49038461538461536 0.4855769230769231
0 0.5384615384615385 0.49759615384615385 0.3389423076923077 0.49759615384615385 0.33894230769230776 0.6057692307692307 0.5384615384615385 0.6057692307692307
0 0.543269230769231 0.625 0.3317307692307694 0.625 0.3317307692307694 0.7331730769230769 0.543269230769231 0.7331730769230769
0 0.41586538461538475 0.7331730769230769 0.3245192307692309 0.7331730769230769 0.3245192307692309 0.8581730769230769 0.41586538461538475 0.8581730769230769
0 0.9423076923076923 0.1826923076923078 0.8100961538461539 0.18269230769230776 0.8100961538461539 0.26923076923076933 0.9423076923076923 0.2692307692307694
0 0.8725961538461539 0.2596153846153847 0.8197115384615384 0.2596153846153847 0.8197115384615384 0.3317307692307694 0.8725961538461539 0.3317307692307694
0 0.9399038461538461 0.3197115384615386 0.8149038461538461 0.3197115384615386 0.8149038461538461 0.3750000000000001 0.9399038461538461 0.3750000000000001
0 0.9543269230769231 0.3701923076923078 0.8269230769230769 0.3701923076923078 0.8269230769230769 0.42307692307692324 0.9543269230769231 0.42307692307692324
0 0.9375 0.41586538461538475 0.8245192307692307 0.41586538461538475 0.8245192307692307 0.4639423076923078 0.9375 0.4639423076923078
0 0.9086538461538461 0.4567307692307694 0.8197115384615384 0.4567307692307694 0.8197115384615384 0.5048076923076924 0.9086538461538461 0.5048076923076924
0 0.9350961538461539 0.5000000000000001 0.8173076923076923 0.5000000000000001 0.8173076923076923 0.5793269230769232 0.9350961538461539 0.5793269230769232
1 0.8942307692307693 0.3317307692307694 0.6586538461538461 0.3317307692307694 0.6586538461538461 0.9254807692307693 0.8942307692307693 0.9254807692307693
2 0.9756113550342487 0.9302814985660627 0.9600795386639137 0.04240724328719524 0.03928571394230768 0.058514930288461546 0.054817530312642686 0.946389185567329