1 0.4350961538461539 0.3076923076923077 0.16105769230769237 0.3076923076923077 0.1610576923076924 0.875 0.43509615384615397 0.875
0 0.9086538461538461 0.29567307692307704 0.7427884615384616 0.295673076923077 0.7427884615384616 0.3870192307692309 0.9086538461538461 0.3870192307692309
0 0.9134615384615384 0.3701923076923078 0.7211538461538461 0.3701923076923078 0.7211538461538461 0.45432692307692324 0.9134615384615384 0.45432692307692324
0 0.9038461538461539 0.4447115384615386 0.7139423076923077 0.4447115384615386 0.7139423076923077 0.5144230769230771 0.9038461538461539 0.5144230769230771
0 0.6225961538461539 0.23076923076923084 0.28846153846153844 0.23076923076923084 0.2884615384615385 0.3365384615384616 0.6225961538461539 0.3365384615384617
0 0.6081730769230769 0.37019230769230776 0.46634615384615385 0.3701923076923077 0.46634615384615385 0.46394230769230776 0.6081730769230769 0.4639423076923078
0 0.6177884615384616 0.4711538461538462 0.42788461538461536 0.47115384615384615 0.4278846153846155 0.5697115384615385 0.6177884615384616 0.5697115384615385
0 0.6346153846153846 0.5865384615384616 0.4134615384615386 0.5865384615384616 0.4134615384615386 0.6682692307692307 0.6346153846153846 0.6682692307692307
0 0.6442307692307693 0.6875 0.5528846153846155 0.6875 0.5528846153846155 0.7956730769230769 0.6442307692307693 0.7956730769230769
0 0.20192307692307693 0.19471153846153846 0.09855769230769235 0.19471153846153846 0.09855769230769235 0.27403846153846156 0.20192307692307693 0.27403846153846156
0 0.1947115384615385 0.27163461538461536 0.14423076923076927 0.27163461538461536 0.14423076923076927 0.31971153846153844 0.19471153846153852 0.31971153846153844
0 0.20192307692307698 0.31009615384615385 0.09134615384615388 0.31009615384615385 0.09134615384615388 0.35096153846153844 0.20192307692307698 0.35096153846153844
0 0.18990384615384623 0.33653846153846156 0.08653846153846158 0.33653846153846156 0.08653846153846158 0.38221153846153844 0.18990384615384623 0.38221153846153844
0 0.18990384615384623 0.375 0.11298076923076926 0.375 0.11298076923076926 0.41586538461538464 0.18990384615384623 0.41586538461538464
0 0.18990384615384623 0.40865384615384615 0.12019230769230772 0.40865384615384615 0.12019230769230774 0.44711538461538464 0.18990384615384623 0.44711538461538464
0 0.1850961538461539 0.4326923076923077 0.10336538461538468 0.4326923076923077 0.10336538461538468 0.4855769230769231 0.1850961538461539 0.4855769230769231
2 0.9601862043269231 0.9446363677884615 0.9593568461538461 0.08425992548076922 0.07625193964890081 0.08511119271204043 0.07708129782197777 0.9454876350197328