0 0.9495192307692307 0.35336538461538475 0.8173076923076923 0.35336538461538475 0.8173076923076923 0.45432692307692324 0.9495192307692307 0.45432692307692324
0 0.9615384615384616 0.44711538461538475 0.8028846153846154 0.44711538461538475 0.8028846153846154 0.5240384615384617 0.9615384615384616 0.5240384615384617
0 0.9711538461538461 0.5168269230769232 0.8052884615384616 0.5168269230769232 0.8052884615384616 0.591346153846154 0.9711538461538461 0.591346153846154
0 0.9639423076923077 0.5769230769230771 0.8149038461538461 0.5769230769230771 0.8149038461538461 0.6442307692307693 0.9639423076923077 0.6442307692307693
0 0.9855769230769231 0.6201923076923077 0.7932692307692307 0.6201923076923077 0.7932692307692307 0.7091346153846154 0.9855769230769231 0.7091346153846154
0 0.71875 0.2596153846153847 0.33653846153846156 0.2596153846153847 0.33653846153846156 0.4350961538461539 0.71875 0.43509615384615397
0 0.7139423076923077 0.4495192307692309 0.5625 0.4495192307692309 0.5625000000000001 0.5673076923076924 0.7139423076923077 0.5673076923076924
0 0.7331730769230769 0.5745192307692308 0.5336538461538463 0.5745192307692307 0.5336538461538463 0.6875 0.7331730769230769 0.6875
0 0.7596153846153846 0.6899038461538461 0.528846153846154 0.6899038461538461 0.528846153846154 0.8245192307692307 0.7596153846153846 0.8245192307692307
0 0.7764423076923077 0.8221153846153846 0.6826923076923077 0.8221153846153846 0.6826923076923077 0.9399038461538461 0.7764423076923077 0.9399038461538461
0 0.23317307692307696 0.25961538461538464 0.08653846153846158 0.25961538461538464 0.08653846153846158 0.34375 0.23317307692307698 0.34375
0 0.22596153846153852 0.3317307692307692 0.16105769230769237 0.3317307692307692 0.16105769230769237 0.40625 0.22596153846153852 0.40625
0 0.23076923076923084 0.39663461538461536 0.10336538461538465 0.39663461538461536 0.10336538461538466 0.4543269230769231 0.23076923076923084 0.4543269230769231
0 0.2379807692307693 0.4519230769230769 0.08894230769230776 0.4519230769230769 0.08894230769230776 0.5072115384615384 0.2379807692307693 0.5072115384615384
0 0.2475961538461539 0.49038461538461536 0.11538461538461545 0.49038461538461536 0.11538461538461545 0.5456730769230769 0.2475961538461539 0.5456730769230769
0 0.24038461538461545 0.5408653846153846 0.13701923076923084 0.5408653846153846 0.13701923076923084 0.5865384615384616 0.24038461538461545 0.5865384615384616
0 0.2548076923076924 0.5793269230769231 0.12019230769230776 0.5793269230769231 0.12019230769230776 0.6610576923076923 0.2548076923076924 0.6610576923076923
1 0.47596153846153855 0.3870192307692308 0.1971153846153847 0.3870192307692308 0.19711538461538472 0.9903846153846154 0.4759615384615386 0.9903846153846154
2 1.0033154301596365 0.14164782369044465 0.04823210817307693 0.1379587644230769 0.044915136453207063 0.9967100447757278 0.9999984584397665 1.0003991040430955