0 0.8317307692307693 0.3437500000000001 0.6370192307692307 0.3437500000000001 0.6370192307692307 0.4399038461538463 0.8317307692307693 0.4399038461538463
0 0.8317307692307693 0.4302884615384617 0.6033653846153846 0.4302884615384617 0.6033653846153846 0.5072115384615385 0.8317307692307693 0.5072115384615385
0 0.8149038461538461 0.4927884615384617 0.5865384615384616 0.4927884615384617 0.5865384615384616 0.5552884615384617 0.8149038461538461 0.5552884615384617
0 0.8269230769230769 0.5384615384615385 0.5697115384615384 0.5384615384615385 0.5697115384615385 0.6081730769230771 0.8269230769230769 0.6081730769230771
0 0.8149038461538461 0.5889423076923077 0.5336538461538463 0.5889423076923077 0.5336538461538463 0.6538461538461539 0.8149038461538461 0.6538461538461539
0 0.5168269230769231 0.27403846153846156 0.19230769230769232 0.27403846153846156 0.19230769230769235 0.41586538461538464 0.5168269230769231 0.41586538461538464
0 0.49759615384615385 0.43509615384615385 0.34615384615384615 0.43509615384615385 0.34615384615384615 0.5120192307692307 0.49759615384615385 0.5120192307692307
0 0.48557692307692313 0.5192307692307693 0.29326923076923084 0.5192307692307693 0.29326923076923084 0.6009615384615384 0.48557692307692324 0.6009615384615384
0 0.48317307692307704 0.6177884615384616 0.28125000000000006 0.6177884615384616 0.28125000000000006 0.7091346153846154 0.48317307692307704 0.7091346153846154
0 0.49038461538461553 0.7307692307692307 0.3942307692307694 0.7307692307692307 0.3942307692307694 0.8028846153846154 0.49038461538461553 0.8028846153846154
0 0.2692307692307693 0.3942307692307692 0.10817307692307696 0.3942307692307692 0.10817307692307697 0.46153846153846156 0.2692307692307693 0.46153846153846156
0 0.28125000000000006 0.4543269230769231 0.12740384615384623 0.4543269230769231 0.12740384615384623 0.5048076923076923 0.28125000000000006 0.5048076923076923
0 0.2692307692307693 0.5 0.20432692307692316 0.5 0.20432692307692316 0.5504807692307693 0.2692307692307693 0.5504807692307693
0 0.26682692307692313 0.5480769230769231 0.0817307692307693 0.5480769230769231 0.0817307692307693 0.6009615384615384 0.26682692307692313 0.6009615384615384
0 0.25721153846153855 0.59375 0.13701923076923084 0.59375 0.13701923076923084 0.6586538461538461 0.25721153846153855 0.6586538461538461
2 0.9226672427884617 0.12855268750000012 0.08384423068886439 0.02087620911816561 -0.02877765322761489 0.8982249979608911 0.8100453588719824 1.0059014763427256