1 0.8605769230769231 0.3052884615384616 0.625 0.3052884615384616 0.625 0.8653846153846154 0.8605769230769231 0.8653846153846154
0 0.27403846153846156 0.27403846153846156 0.11778846153846158 0.27403846153846156 0.11778846153846158 0.3605769230769231 0.2740384615384616 0.3605769230769231
0 0.3028846153846155 0.35096153846153844 0.11778846153846158 0.35096153846153844 0.11778846153846159 0.42788461538461536 0.3028846153846155 0.42788461538461536
0 0.31490384615384615 0.4254807692307692 0.12980769230769237 0.4254807692307692 0.12980769230769237 0.4879807692307692 0.31490384615384615 0.4879807692307692
0 0.7259615384615384 0.22115384615384623 0.39903846153846156 0.22115384615384623 0.39903846153846156 0.31971153846153855 0.7259615384615384 0.3197115384615386
0 0.5576923076923077 0.3581730769230769 0.4230769230769231 0.3581730769230769 0.4230769230769231 0.44711538461538464 0.5576923076923077 0.44711538461538464
0 0.6057692307692307 0.4615384615384616 0.4206730769230769 0.46153846153846156 0.4206730769230769 0.5552884615384616 0.6057692307692307 0.5552884615384617
0 0.625 0.5745192307692308 0.41105769230769246 0.5745192307692307 0.41105769230769246 0.6514423076923077 0.625 0.6514423076923077
0 0.4951923076923078 0.6730769230769231 0.41105769230769246 0.6730769230769231 0.41105769230769246 0.7788461538461539 0.4951923076923078 0.7788461538461539
0 0.9158653846153846 0.1923076923076924 0.8173076923076923 0.19230769230769237 0.8173076923076923 0.26923076923076933 0.9158653846153846 0.2692307692307694
0 0.875 0.2668269230769232 0.8269230769230769 0.26682692307692313 0.8269230769230769 0.3149038461538463 0.875 0.3149038461538463
0 0.9278846153846154 0.3076923076923078 0.8245192307692307 0.3076923076923078 0.8245192307692307 0.3461538461538463 0.9278846153846154 0.3461538461538463
0 0.9375 0.33413461538461553 0.8341346153846154 0.33413461538461553 0.8341346153846154 0.3774038461538463 0.9375 0.3774038461538463
0 0.9134615384615384 0.37259615384615397 0.8389423076923077 0.37259615384615397 0.8389423076923077 0.4134615384615386 0.9134615384615384 0.4134615384615386
0 0.90625 0.4062500000000001 0.8413461538461539 0.4062500000000001 0.8413461538461539 0.44230769230769246 0.90625 0.44230769230769246
0 0.9278846153846154 0.4326923076923078 0.8485576923076923 0.4326923076923078 0.8485576923076923 0.48317307692307704 0.9278846153846154 0.48317307692307704
2 0.972516188535286 0.8721682862584458 0.9264195453787166 0.009348202616570305 0.04459124759615384 0.056460370192307686 0.0906878907527232 0.9192804538341831