1 0.8966346153846154 0.05048076923076932 0.6538461538461539 0.050480769230769315 0.6538461538461539 0.6634615384615384 0.8966346153846154 0.6634615384615384
0 0.9399038461538461 0.65625 0.8125 0.65625 0.8125 0.75 0.9399038461538461 0.75
0 0.9423076923076923 0.5937500000000001 0.7980769230769231 0.5937500000000001 0.7980769230769231 0.6610576923076923 0.9423076923076923 0.6610576923076923
0 0.9350961538461539 0.5408653846153848 0.8004807692307693 0.5408653846153848 0.8004807692307693 0.5937500000000001 0.9350961538461539 0.5937500000000001
0 0.9350961538461539 0.4759615384615386 0.7956730769230769 0.4759615384615386 0.7956730769230769 0.5384615384615385 0.9350961538461539 0.5384615384615385
0 0.9326923076923077 0.4134615384615386 0.7908653846153846 0.4134615384615386 0.7908653846153846 0.47836538461538475 0.9326923076923077 0.47836538461538475
0 0.20913461538461545 0.7331730769230769 0.04567307692307701 0.7331730769230769 0.04567307692307702 0.8149038461538461 0.20913461538461545 0.8149038461538461
0 0.18990384615384623 0.6610576923076923 0.12500000000000006 0.6610576923076923 0.12500000000000008 0.7355769230769231 0.18990384615384623 0.7355769230769231
0 0.19230769230769237 0.6033653846153846 0.04567307692307699 0.6033653846153846 0.045673076923077 0.6706730769230769 0.19230769230769237 0.6706730769230769
0 0.18750000000000006 0.5480769230769231 0.02644230769230776 0.5480769230769231 0.026442307692307765 0.6105769230769231 0.18750000000000006 0.6105769230769231
0 0.19471153846153852 0.5 0.040865384615384685 0.5 0.040865384615384685 0.5552884615384616 0.19471153846153852 0.5552884615384616
0 0.18028846153846162 0.45913461538461536 0.076923076923077 0.45913461538461536 0.076923076923077 0.5120192307692307 0.18028846153846162 0.5120192307692307
0 0.1850961538461539 0.3870192307692308 0.060096153846153896 0.3870192307692308 0.060096153846153896 0.4567307692307692 0.1850961538461539 0.4567307692307692
2 1.01891923715566 0.11372215489076877 0.002977740384615394 0.0852713173076923 -0.02162481648258285 0.9637958378976929 0.9943166802884617 0.9922466754807693