0 0.34615384615384615 0.31490384615384615 0.15625000000000006 0.31490384615384615 0.15625000000000006 0.39903846153846156 0.34615384615384615 0.39903846153846156
0 0.37740384615384615 0.39903846153846156 0.15144230769230774 0.39903846153846156 0.15144230769230774 0.46875 0.37740384615384615 0.46875
0 0.3918269230769231 0.4639423076923077 0.1658653846153847 0.4639423076923077 0.1658653846153847 0.5168269230769231 0.3918269230769231 0.5168269230769231
0 0.40625000000000006 0.5096153846153846 0.15144230769230776 0.5096153846153846 0.15144230769230776 0.5697115384615384 0.4062500000000001 0.5697115384615384
0 0.44230769230769246 0.5625 0.16346153846153852 0.5625 0.16346153846153852 0.6153846153846154 0.44230769230769246 0.6153846153846154
0 0.7908653846153846 0.264423076923077 0.4735576923076923 0.264423076923077 0.4735576923076923 0.39182692307692313 0.7908653846153846 0.39182692307692324
0 0.6322115384615384 0.4158653846153847 0.4855769230769231 0.41586538461538464 0.4855769230769231 0.4903846153846155 0.6322115384615384 0.49038461538461553
0 0.6826923076923077 0.5048076923076924 0.49278846153846156 0.5048076923076923 0.4927884615384616 0.576923076923077 0.6826923076923077 0.5769230769230771
0 0.6923076923076923 0.6033653846153847 0.4927884615384617 0.6033653846153846 0.4927884615384617 0.6850961538461539 0.6923076923076923 0.6850961538461539
0 0.574519230769231 0.7115384615384616 0.4807692307692309 0.7115384615384616 0.4807692307692309 0.7764423076923077 0.574519230769231 0.7764423076923077
0 0.875 0.38942307692307704 0.7139423076923077 0.38942307692307704 0.7139423076923077 0.4495192307692309 0.875 0.4495192307692309
0 0.8533653846153846 0.4495192307692309 0.7019230769230769 0.4495192307692309 0.7019230769230769 0.4927884615384617 0.8533653846153846 0.4927884615384617
0 0.7740384615384616 0.49038461538461553 0.7115384615384616 0.49038461538461553 0.7115384615384616 0.5384615384615385 0.7740384615384616 0.5384615384615385
0 0.8942307692307693 0.543269230769231 0.7115384615384616 0.543269230769231 0.7115384615384616 0.5865384615384617 0.8942307692307693 0.5865384615384617
0 0.8365384615384616 0.5865384615384617 0.71875 0.5865384615384617 0.71875 0.6466346153846154 0.8365384615384616 0.6466346153846154
2 0.9830760746144248 0.9205981924003445 0.9200402709639659 0.025804972487750027 0.07385229567307693 0.08541666586538461 0.13688809932353593 0.9802098857779791