0 0.9567307692307693 0.6682692307692307 0.8389423076923077 0.6682692307692307 0.8389423076923077 0.7427884615384616 0.9567307692307693 0.7427884615384616
0 0.9543269230769231 0.6033653846153848 0.8269230769230769 0.6033653846153848 0.8269230769230769 0.6682692307692307 0.9543269230769231 0.6682692307692307
0 0.9495192307692307 0.5504807692307694 0.8149038461538461 0.5504807692307694 0.8149038461538461 0.6129807692307694 0.9495192307692307 0.6129807692307694
0 0.9543269230769231 0.5024038461538463 0.8245192307692307 0.5024038461538463 0.8245192307692307 0.5625000000000001 0.9543269230769231 0.5625000000000001
0 0.9495192307692307 0.45192307692307704 0.7956730769230769 0.45192307692307704 0.7956730769230769 0.5168269230769232 0.9495192307692307 0.5168269230769232
0 0.75 0.6466346153846154 0.38461538461538475 0.6466346153846154 0.38461538461538475 0.7788461538461539 0.75 0.7788461538461539
0 0.7355769230769231 0.5240384615384617 0.5985576923076923 0.5240384615384617 0.5985576923076924 0.6322115384615384 0.7355769230769231 0.6322115384615384
0 0.7475961538461539 0.4326923076923078 0.5721153846153846 0.4326923076923078 0.5721153846153846 0.5216346153846155 0.7475961538461539 0.5216346153846155
0 0.7524038461538461 0.32932692307692324 0.6538461538461539 0.32932692307692324 0.6538461538461539 0.4086538461538463 0.7524038461538461 0.4086538461538463
0 0.7572115384615384 0.20913461538461545 0.6802884615384616 0.20913461538461545 0.6802884615384616 0.3149038461538463 0.7572115384615384 0.3149038461538463
0 0.48076923076923084 0.5408653846153846 0.2860576923076924 0.5408653846153846 0.2860576923076924 0.6370192307692307 0.4807692307692309 0.6370192307692307
0 0.5000000000000001 0.4639423076923077 0.375 0.4639423076923077 0.37500000000000006 0.5649038461538461 0.5000000000000001 0.5649038461538461
0 0.264423076923077 0.6826923076923077 0.09375000000000007 0.6826923076923077 0.09375000000000008 0.7668269230769231 0.264423076923077 0.7668269230769231
0 0.2524038461538462 0.625 0.16346153846153852 0.625 0.16346153846153852 0.6995192307692307 0.2524038461538462 0.6995192307692307
0 0.24278846153846162 0.5649038461538461 0.0865384615384616 0.5649038461538461 0.0865384615384616 0.625 0.24278846153846162 0.625
0 0.2475961538461539 0.5096153846153846 0.07211538461538468 0.5096153846153846 0.07211538461538468 0.5721153846153846 0.2475961538461539 0.5721153846153846
0 0.25000000000000006 0.46875 0.08413461538461545 0.46875 0.08413461538461545 0.5240384615384616 0.25000000000000006 0.5240384615384616
0 0.2524038461538462 0.43028846153846156 0.12980769230769237 0.43028846153846156 0.12980769230769237 0.49038461538461536 0.2524038461538462 0.49038461538461536
0 0.24519230769230776 0.35336538461538464 0.10817307692307696 0.35336538461538464 0.10817307692307697 0.44471153846153844 0.24519230769230776 0.44471153846153844
2 0.9893461992737801 0.07096560953689193 0.050755850961538465 0.06779173317307692 0.04784496899545076 0.9286084145015697 0.9864353173076924 0.9317822908653847