0 0.1947115384615385 0.2620192307692308 0.07692307692307696 0.2620192307692308 0.07692307692307696 0.32211538461538464 0.19471153846153852 0.32211538461538464
0 0.20432692307692316 0.33653846153846156 0.07211538461538465 0.33653846153846156 0.07211538461538466 0.4014423076923077 0.20432692307692316 0.4014423076923077
0 0.21153846153846162 0.39663461538461536 0.07211538461538466 0.39663461538461536 0.07211538461538466 0.44711538461538464 0.21153846153846162 0.44711538461538464
0 0.20432692307692316 0.44711538461538464 0.06250000000000006 0.44711538461538464 0.06250000000000006 0.49278846153846156 0.20432692307692316 0.49278846153846156
0 0.1754807692307693 0.49278846153846156 0.06971153846153853 0.49278846153846156 0.06971153846153853 0.5432692307692307 0.1754807692307693 0.5432692307692307
0 0.6346153846153846 0.22355769230769235 0.2764423076923077 0.22355769230769232 0.2764423076923077 0.3365384615384616 0.6346153846153846 0.3365384615384617
0 0.41346153846153844 0.3798076923076923 0.2836538461538462 0.3798076923076923 0.2836538461538462 0.4639423076923077 0.41346153846153844 0.4639423076923077
0 0.37259615384615385 0.4879807692307692 0.27644230769230776 0.4879807692307692 0.27644230769230776 0.5576923076923077 0.37259615384615385 0.5576923076923077
0 0.9158653846153846 0.2139423076923078 0.7596153846153846 0.21394230769230776 0.7596153846153846 0.2812500000000001 0.9158653846153846 0.2812500000000001
0 0.8389423076923077 0.2740384615384616 0.7764423076923077 0.2740384615384616 0.7764423076923077 0.35336538461538475 0.8389423076923077 0.35336538461538475
0 0.9110576923076923 0.34855769230769246 0.7716346153846154 0.34855769230769246 0.7716346153846154 0.41586538461538475 0.9110576923076923 0.41586538461538475
0 0.9326923076923077 0.41105769230769246 0.7620192307692307 0.41105769230769246 0.7620192307692307 0.4567307692307694 0.9326923076923077 0.4567307692307694
0 0.9158653846153846 0.4687500000000001 0.7620192307692307 0.4687500000000001 0.7620192307692307 0.5096153846153848 0.9158653846153846 0.5096153846153848
0 0.8653846153846154 0.5096153846153848 0.7716346153846154 0.5096153846153848 0.7716346153846154 0.5408653846153848 0.8653846153846154 0.5408653846153848
0 0.8918269230769231 0.5456730769230771 0.75 0.5456730769230771 0.75 0.6346153846153846 0.8918269230769231 0.6346153846153846
1 0.3413461538461539 0.29086538461538464 0.10336538461538465 0.29086538461538464 0.1033653846153847 0.9879807692307693 0.34134615384615397 0.9879807692307693
2 0.9578924158653849 0.07057874519230782 0.04387605154720878 0.04870571728437441 0.022932489047208515 0.923882164399759 0.9369488533653847 0.9457551923076924