0 0.36778846153846156 0.036057692307692346 0.2956730769230769 0.03605769230769234 0.2956730769230769 0.15625000000000006 0.36778846153846156 0.15625000000000006
0 0.4326923076923077 0.03125000000000005 0.3701923076923077 0.03125000000000004 0.3701923076923077 0.16105769230769237 0.4326923076923077 0.16105769230769237
0 0.4855769230769231 0.028846153846153903 0.4254807692307692 0.028846153846153896 0.4254807692307692 0.16826923076923084 0.4855769230769231 0.16826923076923084
0 0.5336538461538461 0.019230769230769294 0.47596153846153844 0.01923076923076929 0.47596153846153844 0.1538461538461539 0.5336538461538461 0.1538461538461539
0 0.5841346153846154 0.019230769230769294 0.5216346153846154 0.01923076923076929 0.5216346153846154 0.17788461538461545 0.5841346153846154 0.17788461538461545
0 0.3629807692307693 0.24519230769230774 0.23798076923076922 0.24519230769230768 0.23798076923076927 0.6129807692307693 0.3629807692307694 0.6129807692307693
0 0.4951923076923077 0.24519230769230776 0.3894230769230769 0.24519230769230776 0.3894230769230769 0.3870192307692308 0.4951923076923077 0.3870192307692308
0 0.5865384615384616 0.22115384615384623 0.5 0.22115384615384623 0.5 0.40144230769230776 0.5865384615384616 0.4014423076923078
0 0.6923076923076923 0.20432692307692316 0.6153846153846154 0.20432692307692316 0.6153846153846154 0.3076923076923078 0.6923076923076923 0.3076923076923078
0 0.8149038461538461 0.18750000000000006 0.7115384615384616 0.18750000000000006 0.7115384615384616 0.2692307692307693 0.8149038461538461 0.2692307692307693
0 0.4567307692307693 0.5 0.3629807692307692 0.5 0.3629807692307693 0.6995192307692307 0.4567307692307694 0.6995192307692307
0 0.5384615384615385 0.47596153846153844 0.4375 0.47596153846153844 0.43750000000000006 0.6033653846153846 0.5384615384615385 0.6033653846153846
0 0.2980769230769232 0.7331730769230769 0.2163461538461539 0.7331730769230769 0.21634615384615394 0.9086538461538461 0.29807692307692324 0.9086538461538461
0 0.36057692307692324 0.7379807692307693 0.2860576923076924 0.7379807692307693 0.2860576923076924 0.8317307692307693 0.36057692307692324 0.8317307692307693
0 0.41586538461538475 0.7427884615384616 0.35817307692307704 0.7427884615384616 0.35817307692307704 0.8990384615384616 0.41586538461538475 0.8990384615384616
0 0.4711538461538463 0.7307692307692307 0.41105769230769246 0.7307692307692307 0.41105769230769246 0.9086538461538461 0.4711538461538463 0.9086538461538461
0 0.512019230769231 0.7259615384615384 0.4615384615384617 0.7259615384615384 0.4615384615384617 0.8918269230769231 0.512019230769231 0.8918269230769231
0 0.5528846153846155 0.7163461538461539 0.4951923076923078 0.7163461538461539 0.4951923076923078 0.84375 0.5528846153846155 0.84375
0 0.6298076923076923 0.71875 0.5384615384615385 0.71875 0.5384615384615385 0.8605769230769231 0.6298076923076923 0.8605769230769231
2 0.9086876370821835 0.9085768109625485 0.8463464777458631 -0.027865516919476033 0.030549316625218297 0.026444011060283306 0.09289047596153846 0.9628863389423079