0 0.9086538461538461 0.6394230769230769 0.71875 0.6394230769230769 0.71875 0.7259615384615384 0.9086538461538461 0.7259615384615384
0 0.8966346153846154 0.5769230769230771 0.7139423076923077 0.5769230769230771 0.7139423076923077 0.6442307692307693 0.8966346153846154 0.6442307692307693
0 0.8918269230769231 0.5192307692307694 0.7019230769230769 0.5192307692307694 0.7019230769230769 0.5865384615384617 0.8918269230769231 0.5865384615384617
0 0.9014423076923077 0.4759615384615386 0.6923076923076923 0.4759615384615386 0.6923076923076923 0.5360576923076924 0.9014423076923077 0.5360576923076924
0 0.8966346153846154 0.4062500000000001 0.6971153846153846 0.4062500000000001 0.6971153846153846 0.47355769230769246 0.8966346153846154 0.47355769230769246
0 0.6322115384615384 0.6370192307692307 0.26682692307692313 0.6370192307692307 0.26682692307692313 0.7403846153846154 0.6322115384615384 0.7403846153846154
0 0.5961538461538463 0.5192307692307693 0.4254807692307692 0.5192307692307693 0.4254807692307693 0.6129807692307693 0.5961538461538463 0.6129807692307694
0 0.6129807692307693 0.4302884615384616 0.4014423076923077 0.43028846153846156 0.4014423076923077 0.514423076923077 0.6129807692307693 0.5144230769230771
0 0.6153846153846154 0.3221153846153847 0.38461538461538464 0.32211538461538464 0.38461538461538464 0.41346153846153855 0.6153846153846154 0.4134615384615386
0 0.6225961538461539 0.21875000000000006 0.5192307692307693 0.21875000000000006 0.5192307692307693 0.30769230769230776 0.6225961538461539 0.3076923076923078
0 0.358173076923077 0.5576923076923077 0.18990384615384623 0.5576923076923077 0.18990384615384623 0.625 0.35817307692307704 0.625
0 0.3653846153846155 0.5024038461538461 0.18750000000000006 0.5024038461538461 0.18750000000000006 0.5673076923076923 0.36538461538461553 0.5673076923076923
0 0.34375 0.46153846153846156 0.2740384615384616 0.46153846153846156 0.2740384615384616 0.5168269230769231 0.34375 0.5168269230769231
0 0.3581730769230769 0.4110576923076923 0.14423076923076927 0.4110576923076923 0.14423076923076927 0.4543269230769231 0.3581730769230769 0.4543269230769231
0 0.34375 0.3293269230769231 0.22115384615384623 0.3293269230769231 0.22115384615384623 0.4014423076923077 0.34375 0.4014423076923077
0 0.18269230769230776 0.6682692307692307 0.06490384615384624 0.6682692307692307 0.06490384615384624 0.7475961538461539 0.18269230769230776 0.7475961538461539
0 0.15865384615384623 0.6274038461538461 0.12019230769230776 0.6274038461538461 0.12019230769230776 0.6706730769230769 0.15865384615384623 0.6706730769230769
0 0.17307692307692316 0.5889423076923077 0.06250000000000007 0.5889423076923077 0.06250000000000007 0.625 0.17307692307692316 0.625
0 0.17307692307692316 0.5528846153846154 0.055288461538461606 0.5528846153846154 0.055288461538461606 0.59375 0.17307692307692316 0.59375
0 0.16105769230769237 0.5168269230769231 0.05769230769230776 0.5168269230769231 0.05769230769230776 0.5552884615384616 0.16105769230769237 0.5552884615384616
0 0.17307692307692316 0.49278846153846156 0.09134615384615391 0.49278846153846156 0.09134615384615391 0.5288461538461539 0.17307692307692316 0.5288461538461539
0 0.16346153846153852 0.4567307692307692 0.07451923076923082 0.4567307692307692 0.07451923076923082 0.49278846153846156 0.16346153846153852 0.49278846153846156
2 0.9768041947115385 0.9481157620192308 0.9318382908653847 0.10750084615384616 0.01965621753953167 0.15629499746524647 0.06462212138568559 0.9969099133306311