0 0.9326923076923077 0.24759615384615394 0.8149038461538461 0.2475961538461539 0.8149038461538461 0.3076923076923078 0.9326923076923077 0.3076923076923078
0 0.9423076923076923 0.3197115384615386 0.8076923076923077 0.3197115384615386 0.8076923076923077 0.38942307692307704 0.9423076923076923 0.38942307692307704
0 0.9447115384615384 0.37980769230769246 0.8028846153846154 0.37980769230769246 0.8028846153846154 0.4326923076923078 0.9447115384615384 0.4326923076923078
0 0.9543269230769231 0.4302884615384617 0.8100961538461539 0.4302884615384617 0.8100961538461539 0.47836538461538475 0.9543269230769231 0.47836538461538475
0 0.9495192307692307 0.4759615384615386 0.8413461538461539 0.4759615384615386 0.8413461538461539 0.528846153846154 0.9495192307692307 0.528846153846154
0 0.7331730769230769 0.20913461538461545 0.375 0.20913461538461545 0.375 0.32932692307692313 0.7331730769230769 0.32932692307692324
0 0.7331730769230769 0.36538461538461553 0.6009615384615384 0.36538461538461553 0.6009615384615384 0.45192307692307704 0.7331730769230769 0.45192307692307704
0 0.7451923076923077 0.47355769230769246 0.6466346153846154 0.47355769230769246 0.6466346153846154 0.5480769230769232 0.7451923076923077 0.5480769230769232
0 0.25 0.2091346153846154 0.09134615384615388 0.2091346153846154 0.09134615384615388 0.27884615384615385 0.25 0.27884615384615385
0 0.23798076923076927 0.2692307692307692 0.17067307692307693 0.2692307692307692 0.17067307692307696 0.35096153846153844 0.2379807692307693 0.35096153846153844
0 0.24278846153846162 0.34375 0.10096153846153849 0.34375 0.10096153846153849 0.41346153846153844 0.24278846153846162 0.41346153846153844
0 0.2524038461538462 0.40625 0.08173076923076926 0.40625 0.08173076923076929 0.4567307692307692 0.2524038461538462 0.4567307692307692
0 0.2548076923076924 0.4639423076923077 0.10096153846153853 0.4639423076923077 0.10096153846153853 0.5072115384615384 0.2548076923076924 0.5072115384615384
0 0.24519230769230776 0.5048076923076923 0.1538461538461539 0.5048076923076923 0.1538461538461539 0.5384615384615384 0.24519230769230776 0.5384615384615384
0 0.2740384615384616 0.5408653846153846 0.12740384615384623 0.5408653846153846 0.12740384615384623 0.6322115384615384 0.2740384615384616 0.6322115384615384
1 0.9326923076923077 0.2740384615384616 0.6682692307692307 0.2740384615384616 0.6682692307692307 0.9759615384615384 0.9326923076923077 0.9759615384615384
2 1.0086589090659095 0.8775750916508164 0.9444244690218172 0.0036998683313722923 0.031843206590522984 0.0707794064882482 0.09607764663461538 0.9446546298076922