0 0.9471153846153846 0.2139423076923078 0.7283653846153846 0.21394230769230776 0.7283653846153846 0.3028846153846155 0.9471153846153846 0.30288461538461553
0 0.8317307692307693 0.3004807692307693 0.7379807692307693 0.3004807692307693 0.7379807692307693 0.3701923076923078 0.8317307692307693 0.3701923076923078
0 0.9230769230769231 0.35817307692307704 0.7451923076923077 0.35817307692307704 0.7451923076923077 0.4182692307692309 0.9230769230769231 0.4182692307692309
0 0.9567307692307693 0.42307692307692324 0.7475961538461539 0.42307692307692324 0.7475961538461539 0.47355769230769246 0.9567307692307693 0.47355769230769246
0 0.9158653846153846 0.4639423076923078 0.7355769230769231 0.4639423076923078 0.7355769230769231 0.5144230769230771 0.9158653846153846 0.5144230769230771
0 0.8701923076923077 0.512019230769231 0.75 0.512019230769231 0.75 0.5576923076923078 0.8701923076923077 0.5576923076923078
0 0.90625 0.5625000000000001 0.75 0.5625000000000001 0.75 0.625 0.90625 0.625
0 0.5961538461538461 0.28605769230769235 0.22355769230769237 0.2860576923076923 0.22355769230769237 0.3798076923076924 0.5961538461538461 0.37980769230769246
0 0.6947115384615384 0.3846153846153847 0.4735576923076923 0.38461538461538464 0.4735576923076923 0.451923076923077 0.6947115384615384 0.45192307692307704
0 0.6923076923076923 0.46394230769230776 0.47115384615384615 0.4639423076923077 0.47115384615384615 0.5264423076923077 0.6923076923076923 0.5264423076923078
0 0.5552884615384616 0.5336538461538461 0.47596153846153844 0.5336538461538461 0.47596153846153855 0.5793269230769231 0.5552884615384617 0.5793269230769231
0 0.7427884615384616 0.6009615384615385 0.4639423076923078 0.6009615384615384 0.4639423076923078 0.6658653846153846 0.7427884615384616 0.6658653846153846
0 0.5504807692307694 0.6658653846153846 0.4807692307692309 0.6658653846153846 0.4807692307692309 0.7139423076923077 0.5504807692307694 0.7139423076923077
0 0.36778846153846156 0.4254807692307692 0.23557692307692316 0.4254807692307692 0.23557692307692316 0.5096153846153846 0.36778846153846156 0.5096153846153846
0 0.3653846153846155 0.5216346153846154 0.22596153846153852 0.5216346153846154 0.22596153846153852 0.5913461538461539 0.36538461538461553 0.5913461538461539
0 0.2860576923076924 0.6201923076923077 0.22596153846153852 0.6201923076923077 0.22596153846153852 0.6947115384615384 0.2860576923076924 0.6947115384615384
0 0.26682692307692313 0.7139423076923077 0.22115384615384623 0.7139423076923077 0.22115384615384623 0.7884615384615384 0.26682692307692313 0.7884615384615384
0 0.14423076923076927 0.34375 0.048076923076923114 0.34375 0.04807692307692312 0.40384615384615385 0.14423076923076927 0.40384615384615385
0 0.16826923076923084 0.41586538461538464 0.045673076923076976 0.41586538461538464 0.045673076923076976 0.4567307692307692 0.16826923076923084 0.4567307692307692
0 0.16346153846153852 0.46634615384615385 0.04807692307692313 0.46634615384615385 0.048076923076923135 0.5048076923076923 0.16346153846153852 0.5048076923076923
0 0.16346153846153852 0.5024038461538461 0.0504807692307693 0.5024038461538461 0.0504807692307693 0.5360576923076923 0.16346153846153852 0.5360576923076923
0 0.18028846153846162 0.5408653846153846 0.04807692307692314 0.5408653846153846 0.04807692307692314 0.5793269230769231 0.18028846153846162 0.5793269230769231
1 0.5360576923076924 0.39903846153846156 0.25721153846153855 0.39903846153846156 0.25721153846153855 0.9615384615384616 0.5360576923076924 0.9615384615384616
2 0.9716919014423079 0.07434197355769244 0.02150892732650656 0.06142978399088079 0.009659025884198702 0.933441036394727 0.9598420000000001 0.9463532259615387