0 0.7331730769230769 0.7403846153846154 0.6418269230769231 0.7403846153846154 0.6418269230769231 0.9326923076923077 0.7331730769230769 0.9326923076923077
0 0.6490384615384616 0.7331730769230769 0.5793269230769232 0.7331730769230769 0.5793269230769232 0.9182692307692307 0.6490384615384616 0.9182692307692307
0 0.591346153846154 0.71875 0.5240384615384617 0.71875 0.5240384615384617 0.9110576923076923 0.591346153846154 0.9110576923076923
0 0.5408653846153848 0.7067307692307693 0.4807692307692309 0.7067307692307693 0.4807692307692309 0.9206730769230769 0.5408653846153848 0.9206730769230769
0 0.4807692307692309 0.7115384615384616 0.4086538461538463 0.7115384615384616 0.4086538461538463 0.9110576923076923 0.4807692307692309 0.9110576923076923
0 0.7427884615384616 0.28846153846153855 0.6370192307692307 0.28846153846153855 0.6370192307692307 0.6586538461538461 0.7427884615384616 0.6586538461538461
0 0.6153846153846154 0.4423076923076924 0.5216346153846154 0.4423076923076923 0.5216346153846154 0.6153846153846154 0.6153846153846154 0.6153846153846154
0 0.5168269230769231 0.41586538461538464 0.4326923076923077 0.41586538461538464 0.43269230769230776 0.6298076923076923 0.5168269230769232 0.6298076923076923
0 0.4158653846153847 0.39663461538461536 0.3245192307692308 0.39663461538461536 0.32451923076923084 0.6274038461538461 0.41586538461538475 0.6274038461538461
0 0.31250000000000006 0.5264423076923077 0.22115384615384623 0.5264423076923077 0.22115384615384623 0.6322115384615384 0.3125000000000001 0.6322115384615384
0 0.625 0.20913461538461545 0.5576923076923077 0.20913461538461545 0.5576923076923077 0.3798076923076924 0.625 0.37980769230769246
0 0.5673076923076923 0.20432692307692316 0.5024038461538461 0.20432692307692316 0.5024038461538461 0.3846153846153847 0.5673076923076923 0.38461538461538475
0 0.5192307692307693 0.2908653846153847 0.4639423076923077 0.2908653846153847 0.4639423076923077 0.3605769230769231 0.5192307692307693 0.3605769230769231
0 0.4543269230769231 0.15865384615384623 0.41346153846153844 0.15865384615384623 0.41346153846153844 0.37259615384615385 0.4543269230769231 0.37259615384615385
0 0.40384615384615385 0.23317307692307698 0.3317307692307692 0.23317307692307698 0.3317307692307692 0.3557692307692308 0.40384615384615385 0.3557692307692308
0 0.75 0.08894230769230778 0.6682692307692307 0.08894230769230776 0.6682692307692307 0.20913461538461545 0.75 0.20913461538461545
0 0.6706730769230769 0.14182692307692316 0.6274038461538461 0.14182692307692316 0.6274038461538461 0.18269230769230776 0.6706730769230769 0.18269230769230776
0 0.6274038461538461 0.0817307692307693 0.5889423076923077 0.0817307692307693 0.5889423076923077 0.19471153846153852 0.6274038461538461 0.19471153846153852
0 0.5961538461538461 0.07451923076923084 0.5528846153846154 0.07451923076923084 0.5528846153846154 0.19230769230769237 0.5961538461538461 0.19230769230769237
0 0.5576923076923077 0.076923076923077 0.5168269230769231 0.076923076923077 0.5168269230769231 0.18028846153846162 0.5576923076923077 0.18028846153846162
0 0.53125 0.108173076923077 0.49278846153846156 0.108173076923077 0.49278846153846156 0.19230769230769237 0.53125 0.19230769230769237
0 0.4951923076923077 0.09134615384615391 0.4567307692307692 0.09134615384615391 0.4567307692307692 0.18028846153846162 0.4951923076923077 0.18028846153846162
2 1.0310041266388061 0.10226781143929436 0.1923726559681704 0.028703187800426806 0.11287530147204969 0.9349673677517588 0.9515067721426854 1.0085319913906263