0 0.38221153846153844 0.09855769230769235 0.27884615384615385 0.09855769230769235 0.27884615384615385 0.21875000000000003 0.38221153846153844 0.21875000000000006
0 0.43990384615384615 0.10336538461538466 0.3701923076923077 0.10336538461538465 0.3701923076923077 0.24278846153846162 0.43990384615384615 0.24278846153846162
0 0.5096153846153846 0.108173076923077 0.4423076923076923 0.108173076923077 0.4423076923076923 0.25721153846153855 0.5096153846153846 0.25721153846153855
0 0.5528846153846154 0.1129807692307693 0.4951923076923077 0.1129807692307693 0.4951923076923077 0.2524038461538462 0.5528846153846154 0.2524038461538462
0 0.6105769230769231 0.12019230769230776 0.5360576923076923 0.12019230769230776 0.5360576923076923 0.29807692307692313 0.6105769230769231 0.29807692307692313
0 0.3653846153846155 0.31490384615384615 0.22355769230769237 0.31490384615384615 0.22355769230769237 0.6826923076923077 0.36538461538461553 0.6826923076923077
0 0.5096153846153846 0.4182692307692308 0.40625 0.4182692307692308 0.40625 0.4879807692307692 0.5096153846153846 0.4879807692307692
0 0.6129807692307693 0.4110576923076924 0.5216346153846154 0.4110576923076923 0.5216346153846154 0.5384615384615385 0.6129807692307693 0.5384615384615385
0 0.7524038461538461 0.44230769230769246 0.6514423076923077 0.44230769230769246 0.6514423076923077 0.5528846153846155 0.7524038461538461 0.5528846153846155
0 0.4567307692307694 0.5841346153846154 0.35336538461538475 0.5841346153846154 0.35336538461538475 0.78125 0.4567307692307694 0.78125
0 0.5384615384615385 0.5769230769230769 0.44711538461538475 0.5769230769230769 0.44711538461538475 0.7908653846153846 0.5384615384615385 0.7908653846153846
0 0.5937500000000001 0.6057692307692308 0.5312500000000001 0.6057692307692307 0.5312500000000001 0.6634615384615384 0.5937500000000001 0.6634615384615384
0 0.6826923076923077 0.5961538461538463 0.5841346153846155 0.5961538461538463 0.5841346153846155 0.8389423076923077 0.6826923076923077 0.8389423076923077
0 0.7620192307692307 0.6129807692307694 0.6586538461538461 0.6129807692307694 0.6586538461538461 0.7524038461538461 0.7620192307692307 0.7524038461538461
0 0.28365384615384626 0.7956730769230769 0.20913461538461545 0.7956730769230769 0.20913461538461547 0.9711538461538461 0.2836538461538463 0.9711538461538461
0 0.3557692307692309 0.8245192307692307 0.2836538461538462 0.8245192307692307 0.28365384615384626 0.8918269230769231 0.3557692307692309 0.8918269230769231
0 0.4062500000000001 0.8269230769230769 0.3509615384615386 0.8269230769230769 0.3509615384615386 0.9639423076923077 0.4062500000000001 0.9639423076923077
0 0.46634615384615397 0.8293269230769231 0.3990384615384617 0.8293269230769231 0.3990384615384617 0.9831730769230769 0.46634615384615397 0.9831730769230769
0 0.5096153846153848 0.8317307692307693 0.45913461538461553 0.8317307692307693 0.45913461538461553 0.9759615384615384 0.5096153846153848 0.9759615384615384
0 0.5528846153846155 0.8365384615384616 0.5048076923076924 0.8365384615384616 0.5048076923076924 0.9375 0.5528846153846155 0.9375
0 0.6081730769230771 0.8413461538461539 0.5504807692307694 0.8413461538461539 0.5504807692307694 0.9591346153846154 0.6081730769230771 0.9591346153846154
1 0.9711538461538461 0.25240384615384626 0.3293269230769231 0.2524038461538462 0.3293269230769231 0.5048076923076924 0.9711538461538461 0.5048076923076924
2 0.9232157307692309 1 0.9163096761755848 0.02637908195154937 0.058522358173076924 0.03246350961538461 0.06542841276672309 1.0060844276638352