0 0.18028846153846162 0.30288461538461536 0.06250000000000003 0.30288461538461536 0.06250000000000004 0.3701923076923077 0.18028846153846162 0.3701923076923077
0 0.18990384615384623 0.375 0.0649038461538462 0.375 0.0649038461538462 0.43509615384615385 0.18990384615384623 0.43509615384615385
0 0.20192307692307698 0.4326923076923077 0.0649038461538462 0.4326923076923077 0.0649038461538462 0.4879807692307692 0.20192307692307698 0.4879807692307692
0 0.18990384615384623 0.4807692307692308 0.060096153846153896 0.4807692307692308 0.0600961538461539 0.5360576923076923 0.18990384615384623 0.5360576923076923
0 0.21875000000000006 0.5288461538461539 0.06250000000000007 0.5288461538461539 0.06250000000000007 0.5865384615384616 0.21875000000000006 0.5865384615384616
0 0.6322115384615384 0.2572115384615385 0.27403846153846156 0.25721153846153844 0.27403846153846156 0.3725961538461539 0.6322115384615384 0.37259615384615397
0 0.41586538461538464 0.4014423076923077 0.2836538461538462 0.4014423076923077 0.2836538461538462 0.5024038461538461 0.41586538461538464 0.5024038461538461
0 0.4399038461538462 0.5120192307692307 0.26682692307692313 0.5120192307692307 0.26682692307692313 0.59375 0.4399038461538463 0.59375
0 0.3557692307692309 0.6274038461538461 0.2596153846153847 0.6274038461538461 0.2596153846153847 0.7019230769230769 0.3557692307692309 0.7019230769230769
0 0.3245192307692309 0.7211538461538461 0.25000000000000006 0.7211538461538461 0.25000000000000006 0.8221153846153846 0.3245192307692309 0.8221153846153846
0 0.7283653846153846 0.3846153846153847 0.5360576923076923 0.38461538461538464 0.5360576923076923 0.4711538461538462 0.7283653846153846 0.4711538461538463
0 0.6370192307692307 0.4567307692307693 0.5168269230769231 0.4567307692307692 0.5168269230769231 0.5528846153846154 0.6370192307692307 0.5528846153846155
0 0.9278846153846154 0.2451923076923078 0.7596153846153846 0.24519230769230776 0.7596153846153846 0.3197115384615386 0.9278846153846154 0.3197115384615386
0 0.8533653846153846 0.31009615384615397 0.7692307692307693 0.31009615384615397 0.7692307692307693 0.3822115384615386 0.8533653846153846 0.3822115384615386
0 0.9302884615384616 0.3870192307692309 0.7740384615384616 0.3870192307692309 0.7740384615384616 0.4399038461538463 0.9302884615384616 0.4399038461538463
0 0.9423076923076923 0.4375000000000001 0.7692307692307693 0.4375000000000001 0.7692307692307693 0.4927884615384617 0.9423076923076923 0.4927884615384617
0 0.9278846153846154 0.4879807692307694 0.7668269230769231 0.4879807692307694 0.7668269230769231 0.5336538461538463 0.9278846153846154 0.5336538461538463
0 0.8846153846153846 0.5216346153846155 0.7620192307692307 0.5216346153846155 0.7620192307692307 0.574519230769231 0.8846153846153846 0.574519230769231
0 0.9014423076923077 0.5649038461538463 0.7692307692307693 0.5649038461538463 0.7692307692307693 0.6514423076923077 0.9014423076923077 0.6514423076923077
2 0.9720684134615385 0.12117477884615396 0.03978033471555165 0.09719675544497658 0.018862406830936214 0.9105054453488226 0.951150485576923 0.93448346875