0 0.9831730769230769 0.7019230769230769 0.8629807692307693 0.7019230769230769 0.8629807692307693 0.7644230769230769 0.9831730769230769 0.7644230769230769
0 0.9831730769230769 0.6201923076923077 0.84375 0.6201923076923077 0.84375 0.6923076923076923 0.9831730769230769 0.6923076923076923
0 0.9783653846153846 0.5769230769230771 0.8341346153846154 0.5769230769230771 0.8341346153846154 0.6298076923076923 0.9783653846153846 0.6298076923076923
0 0.9831730769230769 0.5312500000000001 0.8365384615384616 0.5312500000000001 0.8365384615384616 0.5793269230769232 0.9831730769230769 0.5793269230769232
0 0.9711538461538461 0.4807692307692309 0.8629807692307693 0.4807692307692309 0.8629807692307693 0.5360576923076924 0.9711538461538461 0.5360576923076924
0 0.7860576923076923 0.6754807692307693 0.42067307692307704 0.6754807692307693 0.42067307692307704 0.7980769230769231 0.7860576923076923 0.7980769230769231
0 0.7668269230769231 0.5552884615384617 0.6298076923076923 0.5552884615384617 0.6298076923076923 0.6418269230769231 0.7668269230769231 0.6418269230769231
0 0.7668269230769231 0.45913461538461553 0.6634615384615384 0.45913461538461553 0.6634615384615384 0.5336538461538463 0.7668269230769231 0.5336538461538463
0 0.3052884615384616 0.7211538461538461 0.14182692307692318 0.7211538461538461 0.14182692307692318 0.7932692307692307 0.3052884615384616 0.7932692307692307
0 0.2836538461538462 0.6514423076923077 0.21394230769230776 0.6514423076923077 0.21394230769230776 0.7331730769230769 0.2836538461538462 0.7331730769230769
0 0.28125000000000006 0.5865384615384616 0.13701923076923084 0.5865384615384616 0.13701923076923084 0.6586538461538461 0.28125000000000006 0.6586538461538461
0 0.2836538461538462 0.5456730769230769 0.1129807692307693 0.5456730769230769 0.1129807692307693 0.5961538461538461 0.2836538461538462 0.5961538461538461
0 0.28125000000000006 0.4951923076923077 0.12500000000000006 0.4951923076923077 0.12500000000000006 0.5384615384615384 0.28125000000000006 0.5384615384615384
0 0.26682692307692313 0.4639423076923077 0.17307692307692316 0.4639423076923077 0.17307692307692316 0.49759615384615385 0.26682692307692313 0.49759615384615385
0 0.28846153846153855 0.3701923076923077 0.13942307692307696 0.3701923076923077 0.13942307692307698 0.4639423076923077 0.28846153846153855 0.4639423076923077
1 0.9567307692307693 0.0312500000000001 0.6586538461538461 0.031250000000000076 0.6586538461538461 0.7355769230769231 0.9567307692307693 0.7355769230769231
2 1.0498361292056184 0.11279954002339226 0.06747911057692309 0.05607940865384617 0.017318212822028382 0.9248346244905687 0.9996752314507238 0.9815547558601149