2 0.9667266177884616 1 0.9451152751729855 0.00701881625989201 0.011241007211538461 0.027343750000000003 0.03285234982701449 1.020324933740108
0 0.38221153846153844 0.08894230769230772 0.2764423076923077 0.08894230769230772 0.2764423076923077 0.15144230769230774 0.38221153846153844 0.15144230769230774
0 0.1370192307692308 0.30288461538461536 0.0432692307692308 0.30288461538461536 0.0432692307692308 0.3485576923076923 0.1370192307692308 0.3485576923076923
0 0.12259615384615388 0.3485576923076923 0.05288461538461542 0.3485576923076923 0.052884615384615426 0.38221153846153844 0.12259615384615388 0.38221153846153844
0 0.3677884615384616 0.5528846153846154 0.11538461538461545 0.5528846153846154 0.11538461538461545 0.6105769230769231 0.3677884615384617 0.6105769230769231
0 0.7019230769230769 0.06490384615384623 0.6081730769230769 0.06490384615384623 0.6081730769230769 0.10817307692307701 0.7019230769230769 0.10817307692307702
0 0.6995192307692307 0.18990384615384623 0.6177884615384616 0.18990384615384623 0.6177884615384616 0.24038461538461545 0.6995192307692307 0.24038461538461545
0 0.9326923076923077 0.07932692307692318 0.8485576923076923 0.07932692307692318 0.8485576923076923 0.11298076923076933 0.9326923076923077 0.11298076923076933
0 0.9326923076923077 0.11538461538461549 0.8389423076923077 0.11538461538461549 0.8389423076923077 0.14423076923076933 0.9326923076923077 0.14423076923076933
0 0.9375 0.1514423076923078 0.8629807692307693 0.1514423076923078 0.8629807692307693 0.19230769230769246 0.9375 0.19230769230769246
0 0.9278846153846154 0.2043269230769232 0.8629807692307693 0.2043269230769232 0.8629807692307693 0.247596153846154 0.9278846153846154 0.247596153846154
0 0.9326923076923077 0.247596153846154 0.8605769230769231 0.247596153846154 0.8605769230769231 0.2884615384615386 0.9326923076923077 0.2884615384615386
0 0.9350961538461539 0.29086538461538475 0.8629807692307693 0.29086538461538475 0.8629807692307693 0.3317307692307694 0.9350961538461539 0.3317307692307694
0 0.9447115384615384 0.34134615384615397 0.8605769230769231 0.34134615384615397 0.8605769230769231 0.3822115384615386 0.9447115384615384 0.3822115384615386
0 0.9447115384615384 0.3870192307692309 0.8653846153846154 0.3870192307692309 0.8653846153846154 0.43509615384615397 0.9447115384615384 0.43509615384615397
0 0.23317307692307707 0.9326923076923077 0.14663461538461547 0.9326923076923077 0.14663461538461547 0.9759615384615384 0.23317307692307707 0.9759615384615384
0 0.26019184615384616 0.9083333317307691 0.13908872836538472 0.8979166682692307 0.1361184597874986 0.9324487222977851 0.25722157757596004 0.9428653857593235
0 0.2805755384615386 0.8718749999999998 0.13189448317307703 0.855208331730769 0.12741194425327154 0.8951964449038551 0.2760929995417331 0.9118631131730859
0 0.25507605305974057 0.8381549876460279 0.1366906466346155 0.8208333317307692 0.13194080823082316 0.8532962528647284 0.2503262146559483 0.8706179087799872
0 0.47186604923209613 0.8097156096679622 0.1175059951923078 0.78125 0.11326584499867329 0.834034390332038 0.4676258990384617 0.8625000000000002
0 0.4376498798076924 0.6635416682692308 0.11870503605769238 0.6145833317307692 0.11215277466453334 0.6572688095065208 0.4310976184145333 0.7062271460449825
0 0.32973621153846155 0.6947916682692308 0.11390887259615395 0.66875 0.10909461729501438 0.7086494373129898 0.324921956237322 0.7346911055822206
0 0.18269230769230776 0.71875 0.11778846153846165 0.71875 0.11778846153846165 0.7620192307692307 0.18269230769230776 0.7620192307692307
0 0.2908653846153847 0.7307692307692307 0.20913461538461545 0.7307692307692307 0.20913461538461545 0.7908653846153846 0.2908653846153847 0.7908653846153846