2 0.9887589927884614 0.09648451442307704 0.05350719471153846 0.07405408653846154 0.03130111630068401 0.9999514822022036 0.9665529143776068 1.0223819100868192
0 0.7235576923076923 0.13221153846153855 0.6177884615384616 0.13221153846153852 0.6177884615384616 0.20192307692307698 0.7235576923076923 0.20192307692307698
0 0.9567307692307693 0.3629807692307694 0.8629807692307693 0.3629807692307694 0.8629807692307693 0.41586538461538475 0.9567307692307693 0.41586538461538475
0 0.9495192307692307 0.4086538461538463 0.8798076923076923 0.4086538461538463 0.8798076923076923 0.44711538461538475 0.9495192307692307 0.44711538461538475
0 0.8870192307692307 0.5961538461538463 0.6346153846153846 0.5961538461538463 0.6346153846153846 0.6730769230769231 0.8870192307692307 0.6730769230769231
0 0.3942307692307692 0.08413461538461542 0.2980769230769231 0.08413461538461542 0.2980769230769231 0.13461538461538464 0.3942307692307692 0.13461538461538464
0 0.38221153846153844 0.21153846153846162 0.3004807692307692 0.21153846153846162 0.3004807692307692 0.26682692307692313 0.38221153846153844 0.26682692307692313
0 0.15384615384615385 0.0841346153846154 0.06730769230769232 0.08413461538461539 0.06730769230769232 0.12259615384615387 0.15384615384615385 0.12259615384615388
0 0.16105769230769232 0.11778846153846155 0.06730769230769232 0.11778846153846154 0.06730769230769232 0.15384615384615385 0.16105769230769232 0.15384615384615385
0 0.13942307692307696 0.15384615384615385 0.06490384615384617 0.15384615384615385 0.06490384615384617 0.20432692307692307 0.13942307692307696 0.20432692307692307
0 0.13942307692307696 0.2091346153846154 0.07451923076923078 0.2091346153846154 0.0745192307692308 0.25721153846153844 0.13942307692307696 0.25721153846153844
0 0.13942307692307696 0.25240384615384615 0.06730769230769235 0.25240384615384615 0.06730769230769235 0.2980769230769231 0.13942307692307696 0.2980769230769231
0 0.1370192307692308 0.2956730769230769 0.06490384615384619 0.2956730769230769 0.06490384615384619 0.34134615384615385 0.1370192307692308 0.34134615384615385
0 0.13942307692307696 0.34615384615384615 0.05528846153846157 0.34615384615384615 0.05528846153846158 0.3918269230769231 0.13942307692307696 0.3918269230769231
0 0.1370192307692308 0.3918269230769231 0.057692307692307744 0.3918269230769231 0.057692307692307744 0.44471153846153844 0.13701923076923084 0.44471153846153844
0 0.8533653846153846 0.9855769230769231 0.7668269230769231 0.9855769230769231 0.7668269230769231 1 0.8533653846153846 1
0 0.8626426778586406 0.9879181702647808 0.860616672218264 0.9530468457425617 0.7398081538461538 0.9600657572115386 0.7418341594865304 0.9949370817337577
0 0.8689770260738878 0.9564087795543829 0.868105516826923 0.9159121826923079 0.7193584201775968 0.9191133027921171 0.7202299294245615 0.9596098996541921
0 0.8652752274595664 0.9142631025715307 0.8633093533653846 0.8812018028846155 0.7474346066750488 0.888091887813085 0.7494004807692307 0.9211531875000001
0 0.8847150903477095 0.876144664892261 0.8811752350981217 0.8232565911841352 0.5288342457119508 0.8468391498495665 0.5323741009615385 0.8997272235576923
0 0.8850241881025679 0.7175072560572816 0.8811027952088044 0.6740813838088486 0.5623501201923077 0.7028650192307693 0.5662715130860712 0.7462908914792024
0 0.8879056698843617 0.7711173488549249 0.8860911274038462 0.7307115264423077 0.6702074442513617 0.7404064191716291 0.6720219867318771 0.7808122415842462
0 0.8846153846153846 0.7764423076923077 0.8197115384615384 0.7764423076923077 0.8197115384615384 0.8245192307692307 0.8846153846153846 0.8245192307692307
0 0.7908653846153846 0.78125 0.7091346153846154 0.78125 0.7091346153846154 0.8461538461538461 0.7908653846153846 0.8461538461538461