2 0.9978802596153845 0.01412569230769228 0.026951204326923082 0.009967451923076926 0.02295459395437481 0.9431566796866411 0.9938836492428362 0.9473149200712564
0 0.1418269230769231 0.2692307692307692 0.07451923076923081 0.2692307692307692 0.07451923076923081 0.37740384615384615 0.1418269230769231 0.37740384615384615
0 0.34615384615384615 0.02644230769230773 0.2980769230769231 0.026442307692307727 0.2980769230769231 0.12259615384615388 0.34615384615384615 0.12259615384615388
0 0.3798076923076923 0.033653846153846194 0.34375 0.033653846153846194 0.34375 0.10576923076923081 0.3798076923076923 0.10576923076923081
0 0.6057692307692307 0.0865384615384616 0.5408653846153846 0.0865384615384616 0.5408653846153846 0.3413461538461539 0.6057692307692307 0.34134615384615397
0 0.08653846153846162 0.6033653846153846 0.03846153846153853 0.6033653846153846 0.03846153846153854 0.6995192307692307 0.08653846153846165 0.6995192307692307
0 0.21875000000000006 0.6057692307692307 0.1658653846153847 0.6057692307692307 0.1658653846153847 0.6899038461538461 0.21875000000000006 0.6899038461538461
0 0.08413461538461549 0.8413461538461539 0.045673076923077024 0.8413461538461539 0.04567307692307703 0.9302884615384616 0.08413461538461549 0.9302884615384616
0 0.11298076923076933 0.8317307692307693 0.08173076923076933 0.8317307692307693 0.08173076923076933 0.9278846153846154 0.11298076923076933 0.9278846153846154
0 0.1634615384615386 0.8533653846153846 0.11778846153846165 0.8533653846153846 0.11778846153846165 0.9302884615384616 0.1634615384615386 0.9302884615384616
0 0.216346153846154 0.8509615384615384 0.1730769230769232 0.8509615384615384 0.1730769230769232 0.9182692307692307 0.216346153846154 0.9182692307692307
0 0.2572115384615386 0.8461538461538461 0.21394230769230782 0.8461538461538461 0.21394230769230782 0.9206730769230769 0.2572115384615386 0.9206730769230769
0 0.3004807692307694 0.8461538461538461 0.2572115384615386 0.8461538461538461 0.2572115384615386 0.9230769230769231 0.3004807692307694 0.9230769230769231
0 0.3509615384615386 0.84375 0.31009615384615397 0.84375 0.31009615384615397 0.9278846153846154 0.3509615384615386 0.9278846153846154
0 0.40384615384615397 0.84375 0.35336538461538475 0.84375 0.35336538461538475 0.9254807692307693 0.40384615384615397 0.9254807692307693
0 0.9711538461538461 0.10096153846153856 0.9254807692307693 0.10096153846153856 0.9254807692307693 0.18990384615384628 0.9711538461538461 0.18990384615384628
0 0.9340832916669319 0.2146226542275523 0.9228301636798857 0.0944791529945404 0.8879941051860306 0.09774203963237273 0.8992472331730769 0.21788554086538464
0 0.899500661835294 0.2378428319681401 0.8910944580055534 0.08976385022026831 0.8506024759615387 0.09206251442307692 0.8590086797912793 0.2401414961709487
0 0.8599988725961537 0.2101368365384615 0.8490867301391082 0.09532084827749433 0.8160599879807691 0.09845971874999998 0.8269721304378146 0.21327570701096715
0 0.8461701442307692 0.4274543149038462 0.8299248121734053 0.07866050608588228 0.7767998121734053 0.08113484262434383 0.7930451442307693 0.4299286514423078
0 0.6916240035765768 0.4010605191477015 0.650147012019231 0.08463961057692312 0.6067816070003463 0.09032402171768318 0.6482585985576923 0.40674493028846154
0 0.7224013959035915 0.2942323724493271 0.7051503842896844 0.07951720955673128 0.6647722139423075 0.08276134134615386 0.6820232255562146 0.29747650423874966
0 0.7572115384615384 0.08173076923076933 0.7115384615384616 0.08173076923076933 0.7115384615384616 0.14903846153846165 0.7572115384615384 0.14903846153846165
0 0.7836538461538461 0.17307692307692316 0.7211538461538461 0.17307692307692316 0.7211538461538461 0.25721153846153855 0.7836538461538461 0.25721153846153855