0 0.17876118561797658 0.20325783093220312 0.17250000000000001 0.16777777884615386 0.053604586433909314 0.18875932226829809 0.05986577205188586 0.22423937435434735
0 0.1843156617994433 0.23653210042068004 0.1808333341346154 0.2111111105769231 0.05818433820055671 0.22791234429085844 0.06166666586538461 0.2533333341346154
0 0.1730769230769231 0.2620192307692308 0.07211538461538465 0.2620192307692308 0.07211538461538465 0.2956730769230769 0.17307692307692316 0.2956730769230769
0 0.18028846153846162 0.5456730769230769 0.10096153846153853 0.5456730769230769 0.10096153846153853 0.5865384615384616 0.18028846153846162 0.5865384615384616
0 0.18028846153846162 0.49038461538461536 0.05769230769230776 0.49038461538461536 0.05769230769230776 0.5264423076923077 0.18028846153846162 0.5264423076923077
0 0.43509615384615385 0.12500000000000006 0.3942307692307692 0.12500000000000003 0.3942307692307692 0.16346153846153852 0.43509615384615385 0.16346153846153852
0 0.42788461538461536 0.1658653846153847 0.38461538461538464 0.1658653846153847 0.38461538461538464 0.19951923076923084 0.42788461538461536 0.19951923076923084
0 0.3629807692307692 0.25000000000000006 0.3317307692307692 0.25000000000000006 0.3317307692307692 0.2692307692307693 0.3629807692307692 0.2692307692307693
0 0.3581730769230769 0.2716346153846155 0.33413461538461536 0.2716346153846155 0.33413461538461536 0.3028846153846155 0.3581730769230769 0.3028846153846155
0 0.4014423076923077 0.24519230769230776 0.3701923076923077 0.24519230769230776 0.3701923076923077 0.2692307692307693 0.4014423076923077 0.2692307692307693
2 1 0.09134615384615391 0.03846153846153848 0.09134615384615384 0.03846153846153853 0.9927884615384616 1 0.9927884615384616