0 0.9438558269230769 0.20216451442307698 0.8265238966346153 0.17259203365384623 0.8177449634149553 0.20742337528440555 0.9350768937034168 0.2369958560536363
0 0.9406020978724932 0.23849765194596922 0.8179384567307694 0.2158768822115386 0.8132961613962533 0.24105024526117252 0.9359598025379771 0.26367101499560314
0 0.9254807692307693 0.2668269230769232 0.8245192307692307 0.26682692307692313 0.8245192307692307 0.30048076923076933 0.9254807692307693 0.3004807692307694
0 0.8966346153846154 0.5480769230769232 0.8149038461538461 0.5480769230769232 0.8149038461538461 0.5937500000000001 0.8966346153846154 0.5937500000000001
0 0.9399038461538461 0.4927884615384617 0.8173076923076923 0.4927884615384617 0.8173076923076923 0.5312500000000001 0.9399038461538461 0.5312500000000001
0 0.6033653846153846 0.12740384615384623 0.5649038461538461 0.12740384615384623 0.5649038461538461 0.1658653846153847 0.6033653846153846 0.1658653846153847
0 0.6153846153846154 0.16826923076923084 0.5721153846153846 0.16826923076923084 0.5721153846153846 0.20192307692307698 0.6153846153846154 0.20192307692307698
0 0.6658653846153846 0.2548076923076924 0.6370192307692307 0.2548076923076924 0.6370192307692307 0.2740384615384616 0.6658653846153846 0.2740384615384616
0 0.6634615384615384 0.27644230769230776 0.6394230769230769 0.27644230769230776 0.6394230769230769 0.3052884615384616 0.6634615384615384 0.3052884615384616
0 0.6298076923076923 0.2475961538461539 0.5985576923076923 0.2475961538461539 0.5985576923076923 0.2740384615384616 0.6298076923076923 0.2740384615384616
2 0.9615384615384616 0.0913461538461539 1.11866774922114e-17 0.09134615384615384 6.682567870347336e-17 1 0.9615384615384616 1