0 0.9837502499999999 0.059432139423077096 0.9227784853492148 0.03440331702678446 0.6233954350961538 0.7637190072115386 0.6843671997469389 0.7887478296078313
0 0.8910047956730771 0.01366647836538478 0.8398468115177893 -0.00458065989667072 0.6973571243579555 0.3949058268787941 0.7485151085132434 0.4131529651408496
0 0.7981761153846154 0.05052053365384626 0.7518070525791234 0.037772117967518476 0.7028780745192308 0.2157386129807693 0.7492471373247228 0.22848702866709708
0 0.744898766826923 0.220212389423077 0.6945128505029012 0.20523183022742258 0.6696999783653845 0.28868794711538465 0.7200858946894063 0.30366850631103903
0 0.7036077923640589 0.30115804048321 0.6582333914300845 0.2937296341555506 0.6479426081730769 0.3565880865384616 0.6933170091070514 0.364016492866121
0 0.7324579086538462 0.05173935096153858 0.6961261253728686 0.042749971195212635 0.6618211802170582 0.1813980053494234 0.6981529634980357 0.19038738511574935
0 0.6769143533653845 0.05019960576923087 0.6292894160317862 0.038907951437685724 0.5897417258361184 0.20570868868621148 0.6373666631697167 0.21700034301775661
0 0.610080076923077 0.05147691346153855 0.5573219629698821 0.042880937797485155 0.5241876466346155 0.24624401201923085 0.5769457605878103 0.2548399876832842
0 0.12740384615384617 0.05288461538461539 0.05048076923076923 0.052884615384615384 0.050480769230769246 0.2668269230769231 0.1274038461538462 0.2668269230769231
0 0.08413461538461542 0.30528846153846156 0.014423076923076962 0.30528846153846156 0.014423076923076966 0.3798076923076923 0.08413461538461542 0.3798076923076923
0 0.15865384615384623 0.2980769230769231 0.09134615384615388 0.2980769230769231 0.0913461538461539 0.4951923076923077 0.15865384615384623 0.4951923076923077
0 0.21394230769230776 0.3004807692307692 0.16346153846153852 0.3004807692307692 0.16346153846153852 0.3581730769230769 0.21394230769230776 0.3581730769230769
0 0.1899038461538462 0.052884615384615405 0.1201923076923077 0.052884615384615405 0.12019230769230771 0.2956730769230769 0.18990384615384623 0.2956730769230769
0 0.24519230769230768 0.05048076923076926 0.18269230769230768 0.050480769230769246 0.18269230769230768 0.21875 0.24519230769230768 0.21875
0 0.2980769230769231 0.05048076923076927 0.23317307692307693 0.05048076923076927 0.23317307692307693 0.24759615384615388 0.2980769230769231 0.2475961538461539
0 0.28125000000000006 0.2932692307692308 0.2067307692307693 0.2932692307692308 0.2067307692307693 0.47115384615384615 0.28125000000000006 0.47115384615384615
0 0.3629807692307692 0.050480769230769273 0.2956730769230769 0.05048076923076927 0.2956730769230769 0.16346153846153852 0.3629807692307692 0.16346153846153852
0 0.35096153846153844 0.28846153846153855 0.28125000000000006 0.28846153846153855 0.28125000000000006 0.4110576923076923 0.35096153846153844 0.4110576923076923
0 0.40625 0.29807692307692313 0.35096153846153844 0.29807692307692313 0.35096153846153844 0.4254807692307692 0.40625 0.4254807692307692
0 0.41586538461538464 0.045673076923076976 0.36538461538461536 0.045673076923076976 0.36538461538461536 0.14903846153846156 0.41586538461538464 0.14903846153846156
0 0.4206730769230769 0.14423076923076927 0.38221153846153844 0.14423076923076927 0.38221153846153844 0.22115384615384623 0.4206730769230769 0.22115384615384623
0 0.3894230769230769 0.14423076923076927 0.3557692307692308 0.14423076923076927 0.3557692307692308 0.2475961538461539 0.3894230769230769 0.2475961538461539
0 0.36538461538461536 0.16346153846153852 0.33413461538461536 0.16346153846153852 0.33413461538461536 0.26682692307692313 0.36538461538461536 0.26682692307692313
0 0.3389423076923077 0.18269230769230776 0.3076923076923077 0.18269230769230776 0.3076923076923077 0.29326923076923084 0.3389423076923077 0.29326923076923084
0 0.5480769230769231 0.048076923076923135 0.4855769230769231 0.04807692307692313 0.4855769230769231 0.1442307692307693 0.5480769230769231 0.1442307692307693
0 0.5240384615384616 0.1538461538461539 0.45913461538461536 0.1538461538461539 0.45913461538461536 0.29326923076923084 0.5240384615384616 0.29326923076923084
0 0.4543269230769231 0.3125 0.4110576923076923 0.3125 0.4110576923076923 0.40384615384615385 0.4543269230769231 0.40384615384615385
0 0.5048076923076923 0.29807692307692313 0.4519230769230769 0.29807692307692313 0.4519230769230769 0.39663461538461536 0.5048076923076923 0.39663461538461536
0 0.5721153846153846 0.295673076923077 0.49278846153846156 0.295673076923077 0.49278846153846156 0.4110576923076924 0.5721153846153846 0.41105769230769246
0 0.6418269230769231 0.3004807692307693 0.5721153846153846 0.3004807692307693 0.5721153846153846 0.4182692307692309 0.6418269230769231 0.4182692307692309
0 0.7043269230769231 0.41105769230769246 0.6634615384615384 0.41105769230769246 0.6634615384615384 0.4687500000000001 0.7043269230769231 0.4687500000000001
1 0.4350961538461539 0.5432692307692307 6.653129245367832e-17 0.5432692307692307 8.213376369281528e-17 0.7980769230769231 0.43509615384615397 0.7980769230769231
0 0.2111923365384617 0.539700918269231 0.041143426853722076 0.4187439813155541 0.015889802884615483 0.4542471225961539 0.1859387125693551 0.5752040595498307
0 0.17147979807692307 0.5529088125 0.0123028628641082 0.4587968462747235 -0.004529379975639112 0.4872661784484382 0.15464755523717574 0.5813781446737148
0 0.3533653846153847 0.5192307692307693 0.32211538461538464 0.5192307692307693 0.3221153846153847 0.5721153846153846 0.35336538461538475 0.5721153846153846
0 0.32451923076923084 0.5168269230769231 0.29807692307692313 0.5168269230769231 0.29807692307692313 0.5793269230769231 0.3245192307692309 0.5793269230769231
0 0.3004807692307693 0.5096153846153846 0.27644230769230776 0.5096153846153846 0.27644230769230776 0.5817307692307693 0.3004807692307693 0.5817307692307693
0 0.2836538461538462 0.5144230769230769 0.26201923076923084 0.5144230769230769 0.26201923076923084 0.5817307692307693 0.2836538461538462 0.5817307692307693
0 0.264423076923077 0.5216346153846154 0.2379807692307693 0.5216346153846154 0.2379807692307693 0.5793269230769231 0.264423076923077 0.5793269230769231
0 0.35096153846153844 0.43990384615384615 0.3173076923076923 0.43990384615384615 0.3173076923076923 0.5072115384615384 0.35096153846153844 0.5072115384615384
0 0.3245192307692308 0.44471153846153844 0.29326923076923084 0.44471153846153844 0.29326923076923084 0.4879807692307692 0.3245192307692308 0.4879807692307692
0 0.3004807692307693 0.44711538461538464 0.2692307692307693 0.44711538461538464 0.2692307692307693 0.5096153846153846 0.3004807692307693 0.5096153846153846
0 0.2716346153846155 0.47596153846153844 0.23557692307692316 0.47596153846153844 0.23557692307692316 0.5264423076923077 0.2716346153846155 0.5264423076923077
0 0.4014423076923077 0.4375 0.3605769230769231 0.4375 0.3605769230769231 0.5120192307692307 0.4014423076923077 0.5120192307692307
0 0.43990384615384615 0.42788461538461536 0.39903846153846156 0.42788461538461536 0.39903846153846156 0.5216346153846154 0.43990384615384615 0.5216346153846154
0 0.46875 0.4254807692307692 0.43509615384615385 0.4254807692307692 0.43509615384615385 0.5024038461538461 0.46875 0.5024038461538461
0 0.5048076923076923 0.4230769230769231 0.45913461538461536 0.4230769230769231 0.45913461538461536 0.5192307692307693 0.5048076923076923 0.5192307692307693
0 0.5865384615384616 0.4350961538461539 0.5336538461538461 0.43509615384615385 0.5336538461538461 0.5048076923076924 0.5865384615384616 0.5048076923076924
0 0.6633406153846154 0.416977670673077 0.6396362664243781 0.41275064774723036 0.6256332307692307 0.4912770360576924 0.6493375797294682 0.49550405898353905
0 0.6463285240384615 0.4034045961538463 0.6107864224725271 0.39233440121075236 0.5718127932692308 0.5174636057692308 0.6073548948351652 0.5285338007123246
0 0.6753364134615386 0.49757352163461555 0.6358715843744321 0.4849024747885578 0.5979925 0.6028794350961539 0.6374573290871065 0.6155504819422117
0 0.6264352884615386 0.5157136274038462 0.5937558132017242 0.511837387681474 0.5853306736650792 0.5828673442290989 0.6180101489248936 0.5867435839514712
0 0.589344918269231 0.5221081105769232 0.5595059688553247 0.5197098949829978 0.5552347524038462 0.5728529951923078 0.5850737018177525 0.5752512107862332
0 0.6204549423076925 0.6183921995192309 0.57853217830562 0.604032782156749 0.5303952409128632 0.7445700626853995 0.5723180049149357 0.7589294800478813
0 0.5666235000000002 0.6256640456730771 0.5294474159332178 0.6160994786275842 0.4949355275138246 0.7502421804435931 0.5321116115806069 0.759806747489086
0 0.5305291586538463 0.5385424903846154 0.49078991463147237 0.530982206094691 0.46370693028846166 0.6733389326923078 0.5034461743108356 0.6808992169822322
0 0.48129200721153853 0.5433482307692308 0.44156098716977377 0.5401675234558347 0.4311244668054197 0.6705327406564412 0.4708554868471845 0.6737134479698372
0 0.43776522115384636 0.545629372596154 0.39709545297372384 0.5424816897653868 0.3877157344502943 0.6636727367838392 0.4283855026304168 0.6668204196146063