0 0.9895866875000002 0.0478710240384617 0.9265076181277442 0.025315918485331733 0.6652744278846154 0.7558975817307694 0.7283534972568714 0.7784526872838994
0 0.8941789975961539 0.003222706730769349 0.841433984060587 -0.012812648694239925 0.7200265193637174 0.38653231117911113 0.7727715328992844 0.4025676666041204
0 0.8030324999999998 0.0411387307692308 0.7555047762925338 0.03056188382997407 0.7161599903846153 0.20736014182692314 0.7636877140920812 0.2179369887661799
0 0.7585317451923079 0.2113387692307693 0.7067997557399881 0.19867146027572952 0.6867265769230768 0.2806482620192309 0.7384585663753966 0.2933155709742707
0 0.721579096790468 0.29095842086093937 0.6754933175384152 0.28582256959198016 0.6684798461538464 0.3487568870192309 0.7145656254058992 0.3538927382881901
0 0.7371972716346153 0.043126334134615495 0.7000374078617921 0.03587687948055867 0.6731633267297015 0.1736303025369334 0.7103231905025247 0.18087975719099023
0 0.681419673076923 0.042238103365384694 0.6327494567926184 0.033245026670834385 0.6021238539504539 0.19898971725805303 0.6507940702347584 0.20798279395260336
0 0.614468375 0.044297228365384696 0.5608867636245428 0.03836793388329367 0.5385812668269231 0.23993735576923086 0.5921628782023803 0.2458666502513219
0 0.12980769230769232 0.05048076923076924 0.06490384615384616 0.05048076923076923 0.06490384615384617 0.2668269230769231 0.12980769230769235 0.2668269230769231
0 0.10096153846153849 0.30288461538461536 0.03365384615384619 0.30288461538461536 0.033653846153846194 0.3798076923076923 0.10096153846153849 0.3798076923076923
0 0.1754807692307693 0.2956730769230769 0.11778846153846158 0.2956730769230769 0.11778846153846159 0.4951923076923077 0.1754807692307693 0.4951923076923077
0 0.23076923076923084 0.2980769230769231 0.18269230769230776 0.2980769230769231 0.18269230769230776 0.3581730769230769 0.23076923076923084 0.3581730769230769
0 0.19230769230769235 0.050480769230769246 0.13701923076923078 0.050480769230769246 0.13701923076923078 0.2956730769230769 0.19230769230769237 0.2956730769230769
0 0.25 0.0480769230769231 0.19471153846153846 0.048076923076923093 0.19471153846153846 0.21634615384615385 0.25 0.21634615384615385
0 0.3004807692307692 0.048076923076923114 0.24759615384615385 0.048076923076923114 0.24759615384615385 0.24278846153846156 0.3004807692307692 0.24278846153846162
0 0.295673076923077 0.29086538461538464 0.23317307692307698 0.29086538461538464 0.23317307692307698 0.46875 0.295673076923077 0.46875
0 0.36538461538461536 0.04567307692307697 0.30528846153846156 0.045673076923076955 0.30528846153846156 0.15865384615384623 0.36538461538461536 0.15865384615384623
0 0.36538461538461536 0.2860576923076924 0.3028846153846155 0.2860576923076924 0.3028846153846155 0.40625 0.36538461538461536 0.40625
0 0.4230769230769231 0.29326923076923084 0.375 0.29326923076923084 0.375 0.4206730769230769 0.4230769230769231 0.4206730769230769
0 0.4182692307692308 0.040865384615384664 0.375 0.040865384615384664 0.375 0.14423076923076927 0.4182692307692308 0.14423076923076927
0 0.43028846153846156 0.13942307692307698 0.3942307692307692 0.13942307692307696 0.3942307692307692 0.2163461538461539 0.43028846153846156 0.2163461538461539
0 0.39903846153846156 0.13942307692307696 0.3701923076923077 0.13942307692307696 0.3701923076923077 0.24278846153846162 0.39903846153846156 0.24278846153846162
0 0.375 0.15865384615384623 0.3485576923076923 0.15865384615384623 0.3485576923076923 0.26201923076923084 0.375 0.26201923076923084
0 0.3485576923076923 0.18028846153846162 0.3245192307692308 0.18028846153846162 0.3245192307692308 0.28846153846153855 0.3485576923076923 0.28846153846153855
0 0.5528846153846154 0.04326923076923084 0.4951923076923077 0.04326923076923084 0.4951923076923077 0.13701923076923084 0.5528846153846154 0.13701923076923084
0 0.5336538461538461 0.14903846153846162 0.47596153846153844 0.14903846153846162 0.47596153846153844 0.2860576923076924 0.5336538461538461 0.2860576923076924
0 0.4735576923076923 0.3052884615384616 0.4326923076923077 0.3052884615384616 0.4326923076923077 0.39903846153846156 0.4735576923076923 0.39903846153846156
0 0.5216346153846154 0.29326923076923084 0.4735576923076923 0.29326923076923084 0.4735576923076923 0.3918269230769231 0.5216346153846154 0.3918269230769231
0 0.5889423076923077 0.28846153846153855 0.5144230769230769 0.28846153846153855 0.5144230769230769 0.4038461538461539 0.5889423076923077 0.40384615384615397
0 0.6610576923076923 0.2908653846153847 0.59375 0.2908653846153847 0.59375 0.41105769230769246 0.6610576923076923 0.41105769230769246
0 0.7283653846153846 0.40384615384615397 0.6899038461538461 0.40384615384615397 0.6899038461538461 0.4615384615384617 0.7283653846153846 0.4615384615384617
1 0.46394230769230776 0.5384615384615384 6.594251995408825e-17 0.5384615384615384 8.183937744302025e-17 0.7980769230769231 0.4639423076923078 0.7980769230769231
0 0.24015510576923083 0.5368595504807693 0.06368231489043706 0.41824901809288206 0.03982065625000004 0.45375120673076924 0.2162934471287938 0.5723617391186564
0 0.204623442166534 0.5433364197691173 0.029434521934227815 0.45568774444311955 0.015098262019230813 0.4843425288461539 0.190287182251537 0.5719912041721517
0 0.38221153846153855 0.5144230769230769 0.35336538461538464 0.5144230769230769 0.3533653846153847 0.5697115384615384 0.3822115384615386 0.5697115384615384
0 0.3533653846153847 0.5120192307692307 0.3293269230769231 0.5120192307692307 0.32932692307692313 0.5769230769230769 0.35336538461538475 0.5769230769230769
0 0.326923076923077 0.5072115384615384 0.3076923076923077 0.5072115384615384 0.30769230769230776 0.5769230769230769 0.32692307692307704 0.5769230769230769
0 0.31250000000000006 0.5120192307692307 0.29326923076923084 0.5120192307692307 0.29326923076923084 0.5769230769230769 0.3125000000000001 0.5769230769230769
0 0.29326923076923084 0.5192307692307693 0.2692307692307693 0.5192307692307693 0.2692307692307693 0.5745192307692307 0.29326923076923084 0.5745192307692307
0 0.375 0.43509615384615385 0.34615384615384615 0.43509615384615385 0.34615384615384615 0.5048076923076923 0.375 0.5048076923076923
0 0.3485576923076923 0.43990384615384615 0.31971153846153844 0.43990384615384615 0.31971153846153844 0.4855769230769231 0.3485576923076923 0.4855769230769231
0 0.3245192307692308 0.4423076923076923 0.295673076923077 0.4423076923076923 0.295673076923077 0.5072115384615384 0.3245192307692308 0.5072115384615384
0 0.29807692307692313 0.47115384615384615 0.264423076923077 0.47115384615384615 0.264423076923077 0.5216346153846154 0.29807692307692313 0.5216346153846154
0 0.4254807692307692 0.4326923076923077 0.3870192307692308 0.4326923076923077 0.3870192307692308 0.5096153846153846 0.4254807692307692 0.5096153846153846
0 0.46153846153846156 0.4230769230769231 0.42788461538461536 0.4230769230769231 0.42788461538461536 0.5168269230769231 0.46153846153846156 0.5168269230769231
0 0.49278846153846156 0.4206730769230769 0.4639423076923077 0.4206730769230769 0.4639423076923077 0.49759615384615385 0.49278846153846156 0.49759615384615385
0 0.5288461538461539 0.41586538461538464 0.4879807692307692 0.41586538461538464 0.4879807692307692 0.5120192307692307 0.5288461538461539 0.5120192307692307
0 0.6105769230769231 0.42788461538461553 0.5625 0.42788461538461553 0.5625 0.49759615384615397 0.6105769230769231 0.49759615384615397
0 0.6870959375000001 0.4089249567307694 0.6629895347960791 0.40588632499657634 0.6531917427884616 0.48361523076923096 0.6772981454923825 0.4866538625034239
0 0.6693232067307692 0.39556036538461553 0.6327937881078494 0.3861002890558545 0.6006000288461538 0.5104142235576923 0.6371294474690736 0.5198742998864533
0 0.7033630120192309 0.48932535336538474 0.6627739177656283 0.4784253918078347 0.6313435673076923 0.5954652043269231 0.671932661561295 0.6063651658844732
0 0.6556754538418258 0.575820290960096 0.6552810360576923 0.5080257620192308 0.6210213826966358 0.5082250792322117 0.6214158004807693 0.576019608173077
0 0.6184247091346156 0.5148502427884616 0.5883436779678954 0.514007968279898 0.5868890120192308 0.5659599759615385 0.616970043185951 0.5668022504701021
0 0.6546836706730771 0.6107043341346154 0.6115018731520399 0.5981853466607338 0.5709368260014323 0.7381065388612501 0.6141186235224695 0.7506255263351319
0 0.6010862692307695 0.6186016322115386 0.5630332952211189 0.6108037120108812 0.5356884995332803 0.7442432411202959 0.5737414735429309 0.7520411613209533
0 0.560311076923077 0.5319621995192308 0.5198566648232068 0.5263806119061389 0.5003931033653847 0.6674492451923076 0.5408475154652549 0.6730308328053997
0 0.5111909471153847 0.5373412692307692 0.47167818853481547 0.5337121858334399 0.45968510920151534 0.6642905155249093 0.4991978677820846 0.6679195989222386
0 0.4676641610576925 0.5401305937499999 0.42667566322796974 0.5391051534215247 0.42367320003826214 0.6591184321250503 0.4646616978679849 0.6601438724535256