0 0.8220332418555241 0.2656194670679887 0.111328125 0.009765625000000017 0.08812300814447588 0.07422428293201144 0.7988281249999999 0.3300781250000001
0 0.44931351577510525 0.22370190363778983 0.060546875000000014 0.10546875000000003 0.04418811714132842 0.15925856397597102 0.4329547579164336 0.27749171761376085
0 0.263960745510119 0.23409616977846698 0.09263392788461541 0.19642857211538464 0.08202139631680418 0.24469847445230236 0.25334821394230783 0.28236607211538467
0 0.33816964182692316 0.2589285721153847 0.2600446418269231 0.23995535817307698 0.24726907668018444 0.2925606273764853 0.3253940766801845 0.3115338413187931
0 0.3966844602194865 0.2827732337323389 0.33417946434181844 0.2761237646840576 0.32923607623771656 0.3225916030671034 0.39174107211538467 0.32924107211538467
0 0.22433035817307692 0.2879464278846154 0.09040178605769232 0.2622767860576923 0.08318010373027468 0.2999551303409202 0.21710867584565927 0.32562477216784325
0 0.24719796337539063 0.347285007706983 0.08593750000000003 0.3180803581730769 0.07700598131153157 0.3673978766276717 0.23826644468692215 0.3966025261615779
0 0.2802578429852469 0.40579863316029585 0.08370535817307698 0.3850446418269231 0.07800108730321473 0.43906743655124275 0.27455357211538467 0.4598214278846155
0 0.27163461538461553 0.8701923076923077 0.05769230769230779 0.8701923076923077 0.05769230769230781 0.9326923076923077 0.27163461538461553 0.9326923076923077
0 0.3822115384615386 0.8966346153846154 0.31009615384615397 0.8966346153846154 0.31009615384615397 0.9639423076923077 0.3822115384615386 0.9639423076923077
0 0.5024038461538463 0.8245192307692307 0.3076923076923078 0.8245192307692307 0.3076923076923078 0.8798076923076923 0.5024038461538463 0.8798076923076923
0 0.3701923076923078 0.7668269230769231 0.3149038461538463 0.7668269230769231 0.3149038461538463 0.8149038461538461 0.3701923076923078 0.8149038461538461
0 0.3052884615384616 0.8076923076923077 0.0625000000000001 0.8076923076923077 0.0625000000000001 0.8629807692307693 0.3052884615384617 0.8629807692307693
0 0.23076923076923084 0.75 0.06490384615384624 0.75 0.06490384615384624 0.8028846153846154 0.23076923076923084 0.8028846153846154
0 0.2596153846153847 0.6995192307692307 0.06730769230769239 0.6995192307692307 0.06730769230769239 0.75 0.2596153846153847 0.75
0 0.48557692307692324 0.7019230769230769 0.31009615384615397 0.7019230769230769 0.31009615384615397 0.7644230769230769 0.48557692307692324 0.7644230769230769
0 0.18028846153846162 0.6346153846153846 0.06730769230769239 0.6346153846153846 0.06730769230769239 0.6947115384615384 0.18028846153846162 0.6947115384615384
0 0.42788461538461553 0.6322115384615384 0.31009615384615397 0.6322115384615384 0.31009615384615397 0.6947115384615384 0.42788461538461553 0.6947115384615384
0 0.4447115384615386 0.5745192307692307 0.3197115384615386 0.5745192307692307 0.3197115384615386 0.6225961538461539 0.4447115384615386 0.6225961538461539
0 0.16826923076923084 0.5793269230769231 0.06730769230769237 0.5793269230769231 0.06730769230769237 0.625 0.16826923076923084 0.625
0 0.24278846153846162 0.5697115384615384 0.1658653846153847 0.5697115384615384 0.1658653846153847 0.6033653846153846 0.24278846153846162 0.6033653846153846
0 0.26682692307692313 0.5985576923076923 0.1658653846153847 0.5985576923076923 0.1658653846153847 0.6298076923076923 0.26682692307692313 0.6298076923076923
0 0.2836538461538462 0.625 0.1850961538461539 0.625 0.1850961538461539 0.6514423076923077 0.2836538461538462 0.6514423076923077
0 0.31009615384615397 0.6514423076923077 0.20192307692307698 0.6514423076923077 0.20192307692307698 0.6754807692307693 0.31009615384615397 0.6754807692307693
0 0.17067307692307698 0.44711538461538464 0.07932692307692314 0.44711538461538464 0.07932692307692314 0.5048076923076923 0.17067307692307698 0.5048076923076923
0 0.3173076923076923 0.46634615384615385 0.18269230769230776 0.46634615384615385 0.18269230769230776 0.5216346153846154 0.3173076923076923 0.5216346153846154
0 0.4278846153846155 0.5264423076923077 0.33653846153846156 0.5264423076923077 0.3365384615384616 0.5649038461538461 0.42788461538461553 0.5649038461538461
0 0.4230769230769231 0.47836538461538464 0.3269230769230769 0.47836538461538464 0.3269230769230769 0.5240384615384616 0.4230769230769231 0.5240384615384616
0 0.4375 0.4110576923076923 0.3269230769230769 0.4110576923076923 0.3269230769230769 0.4831730769230769 0.4375 0.4831730769230769
0 0.4495192307692308 0.3389423076923077 0.33413461538461536 0.3389423076923077 0.33413461538461536 0.40384615384615385 0.4495192307692308 0.40384615384615385
0 0.5048076923076923 0.2692307692307693 0.4495192307692308 0.2692307692307693 0.4495192307692308 0.3076923076923077 0.5048076923076923 0.3076923076923077
1 0.7980769230769231 0.5312500000000001 0.5673076923076923 0.5312500000000001 0.5673076923076924 1 0.7980769230769231 1
0 0.5779988403165284 0.7734991400512297 0.5439506380022678 0.7510144782761208 0.42242501162804713 0.9350389992825836 0.45647321394230767 0.9575236610576924
0 0.5831404952315716 0.8065554817211464 0.5560355772339622 0.79147598539557 0.4583861541177753 0.9669977368475007 0.48549107211538467 0.9820772331730769
0 0.591346153846154 0.6153846153846154 0.5384615384615385 0.6153846153846154 0.5384615384615385 0.6442307692307693 0.591346153846154 0.6442307692307693
0 0.5985576923076924 0.6442307692307693 0.5336538461538463 0.6442307692307693 0.5336538461538463 0.6682692307692307 0.5985576923076924 0.6682692307692307
0 0.5985576923076924 0.6682692307692307 0.528846153846154 0.6682692307692307 0.528846153846154 0.6899038461538461 0.5985576923076924 0.6899038461538461
0 0.5961538461538463 0.6850961538461539 0.5312500000000001 0.6850961538461539 0.5312500000000001 0.7043269230769231 0.5961538461538463 0.7043269230769231
0 0.5937500000000001 0.7043269230769231 0.5384615384615385 0.7043269230769231 0.5384615384615385 0.7283653846153846 0.5937500000000001 0.7283653846153846
0 0.5264423076923078 0.6225961538461539 0.45913461538461553 0.6225961538461539 0.45913461538461553 0.6514423076923077 0.5264423076923078 0.6514423076923077
0 0.5072115384615385 0.6490384615384616 0.4615384615384617 0.6490384615384616 0.4615384615384617 0.6778846153846154 0.5072115384615385 0.6778846153846154
0 0.5264423076923078 0.6730769230769231 0.4639423076923078 0.6730769230769231 0.4639423076923078 0.6995192307692307 0.5264423076923078 0.6995192307692307
0 0.5408653846153848 0.6995192307692307 0.4927884615384617 0.6995192307692307 0.4927884615384617 0.7331730769230769 0.5408653846153848 0.7331730769230769
0 0.5336538461538463 0.5697115384615384 0.45913461538461553 0.5697115384615384 0.45913461538461553 0.6105769230769231 0.5336538461538463 0.6105769230769231
0 0.545673076923077 0.5360576923076923 0.4519230769230769 0.5360576923076923 0.451923076923077 0.5673076923076923 0.5456730769230771 0.5673076923076923
0 0.5264423076923077 0.5048076923076923 0.4519230769230769 0.5048076923076923 0.4519230769230769 0.5336538461538461 0.5264423076923077 0.5336538461538461
0 0.5456730769230769 0.46875 0.4519230769230769 0.46875 0.4519230769230769 0.5096153846153846 0.5456730769230769 0.5096153846153846
0 0.5336538461538461 0.3870192307692308 0.46634615384615385 0.3870192307692308 0.46634615384615385 0.43509615384615385 0.5336538461538461 0.43509615384615385
0 0.5286188980042186 0.31941863197163634 0.45312500000000006 0.31026785817307706 0.4501757438227046 0.3345992262014408 0.5256696418269231 0.34375000000000006
0 0.55867660565628 0.35903167319206086 0.43861607211538467 0.3281250000000001 0.42904660828602786 0.36529868498101636 0.5491071418269231 0.39620535817307706
0 0.6473214278846154 0.3236607139423077 0.5345982139423077 0.29352678605769233 0.5235509446784078 0.33485175708308074 0.6362741586207156 0.36498568496769607
0 0.6160714278846153 0.341517858173077 0.5502232139423077 0.3415178581730769 0.5502232139423077 0.37500000000000006 0.6160714278846153 0.3750000000000001
0 0.6049107139423076 0.37946428605769233 0.5546874999999999 0.37834821394230767 0.5540176363912989 0.4084920575776858 0.6042408503336065 0.4096081296930704
0 0.7882095787802158 0.38068590229119736 0.6529017860576923 0.341517858173077 0.6401621700103978 0.38552744216694307 0.7754699627329213 0.4246954862850635
0 0.7872228183326828 0.4212884533148322 0.6573660721153847 0.3950892860576924 0.6495769251301315 0.43369636365622216 0.7794336713474297 0.459895530913362
0 0.7052255543152641 0.4546699556779607 0.568080358173077 0.4363839278846155 0.5626315899155054 0.4772496861489625 0.6997767860576924 0.4955357139423077
0 0.6963932914732294 0.4889933186278702 0.5703125 0.48549107211538467 0.5691981488924539 0.5256076855855115 0.6952789403656833 0.5291099320979971
0 0.6876849927114248 0.5663787279055186 0.6861423670030908 0.5247278603611135 0.5703124999999999 0.5290178581730769 0.571855125708334 0.570668725717482