0 0.983007358173077 0.29845022836538476 0.9288860068160679 0.28559763741426775 0.8812657259615386 0.48612327163461544 0.9353870773185478 0.49897586258573245
0 0.926918622596154 0.4998690817307694 0.8666840675436377 0.47796883796832623 0.8073381201923079 0.6411942692307695 0.8675726752448241 0.6630945129932125
0 0.8560798701923079 0.6692935072115385 0.8048692929362437 0.6514142585912884 0.7284799696912448 0.8702121187623116 0.7796905469473091 0.8880913673825618
0 0.9363450913461541 0.14557431490384629 0.8860296621240121 0.13071636819582014 0.7742138797553567 0.5093729345603601 0.8245293089774985 0.5242308812683864
0 0.8488223798076924 0.17220885817307702 0.799748336810328 0.1607198959265401 0.7422171322115385 0.4064591322115385 0.7912911752089029 0.41794809445807546
0 0.7877428341346153 0.16900781490384625 0.7407686586538461 0.16086938221153854 0.7170565187288728 0.29773335393339784 0.764030694209642 0.3058717866257056
0 0.7281581274038461 0.17014257932692323 0.68245008796376 0.16318561508703366 0.6590991403811365 0.3166039734782068 0.7048071798212224 0.32356093771809635
0 0.6699194903846155 0.16709042307692312 0.6187029760210689 0.16044804226022225 0.5936964471153845 0.3532625288461539 0.6449129614789311 0.3599049096628548
0 0.6077521839376083 0.16146559515786263 0.554738701923077 0.1539582764423078 0.5202679836937372 0.3973757827608772 0.5732814657082685 0.4048831014764321
0 0.5395847908653846 0.18012804086538467 0.4907131637445691 0.17738363276257213 0.4817253941085437 0.33743523946401915 0.5305970212293593 0.34017964756683167
0 0.49262821634615395 0.25430152644230775 0.45024180571699096 0.2535261326104591 0.44878555431894107 0.33313118903691014 0.4911719649481041 0.33390658286875874
0 0.4561355048076924 0.3588256634615385 0.4473720264423078 0.2632829951923077 0.4189169159206119 0.2658929887162359 0.4276803942859966 0.3614356569854667
0 0.4366210504807692 0.37909028125 0.4191549337216837 0.2769469947488918 0.39274420520872283 0.2814631297167526 0.4102103219678084 0.38360641621786085
0 0.4070890360576923 0.394572435096154 0.4008937331730769 0.2835536514423077 0.37129806376103314 0.28520521102570445 0.3774933666456485 0.39622399467955066
0 0.7764423076923077 0.41105769230769246 0.7163461538461539 0.41105769230769246 0.7163461538461539 0.47355769230769246 0.7764423076923077 0.47355769230769246
0 0.4807692307692308 0.16346153846153852 0.4254807692307692 0.16346153846153852 0.4254807692307692 0.25721153846153855 0.4807692307692308 0.25721153846153855
0 0.4206730769230769 0.16105769230769237 0.36778846153846156 0.16105769230769237 0.36778846153846156 0.27644230769230776 0.4206730769230769 0.27644230769230776
0 0.36538461538461536 0.1658653846153847 0.3076923076923077 0.1658653846153847 0.3076923076923077 0.36538461538461536 0.36538461538461536 0.36538461538461536
0 0.31009615384615385 0.1634615384615385 0.25240384615384615 0.16346153846153846 0.2524038461538462 0.32211538461538464 0.31009615384615385 0.32211538461538464
0 0.25480769230769235 0.14903846153846156 0.1971153846153846 0.14903846153846156 0.19711538461538464 0.4014423076923077 0.2548076923076924 0.4014423076923077
0 0.1899038461538462 0.15625 0.1274038461538462 0.15625 0.1274038461538462 0.37740384615384615 0.18990384615384623 0.37740384615384615
0 0.09375000000000006 0.40625 0.040865384615384664 0.40625 0.04086538461538468 0.5649038461538461 0.09375000000000007 0.5649038461538461
0 0.17307692307692316 0.40384615384615385 0.10096153846153849 0.40384615384615385 0.10096153846153852 0.4879807692307692 0.17307692307692316 0.4879807692307692
0 0.2283653846153847 0.40865384615384615 0.1850961538461539 0.40865384615384615 0.1850961538461539 0.6009615384615384 0.2283653846153847 0.6009615384615384
0 0.29807692307692313 0.40865384615384615 0.24278846153846162 0.40865384615384615 0.24278846153846162 0.4735576923076923 0.29807692307692313 0.4735576923076923
0 0.3677884615384616 0.39903846153846156 0.3004807692307693 0.39903846153846156 0.3004807692307693 0.5769230769230769 0.3677884615384617 0.5769230769230769
0 0.43509615384615385 0.39903846153846156 0.36538461538461536 0.39903846153846156 0.36538461538461536 0.5240384615384616 0.43509615384615385 0.5240384615384616
0 0.49038461538461536 0.39903846153846156 0.4375 0.39903846153846156 0.4375 0.53125 0.49038461538461536 0.53125
0 0.5709987740384616 0.4045817355769231 0.5301641331189648 0.40314112285147036 0.5261986646752045 0.5155436284781381 0.5670333055947012 0.5169842412035908
0 0.5263370473970054 0.4070902976457352 0.4968823004807693 0.4065514687500001 0.4947780814175713 0.5215772968995149 0.5242328283338074 0.52211612579525
0 0.6470001899038463 0.39880810817307694 0.6028131938933016 0.3941012708372321 0.5868851453603114 0.5436311072781745 0.6310721413708564 0.5483379446140193
0 0.711521497596154 0.4060922043269233 0.6642122245620201 0.4006762716917555 0.650666832735097 0.5189980240956016 0.697976105769231 0.5244139567307694
0 0.7130358653846156 0.7164343605769232 0.6737543713074737 0.7070364679856209 0.6410186477497815 0.8438658814471593 0.6803001418269232 0.8532637740384618
0 0.6258710552884618 0.6416180673076923 0.5810462391792706 0.636221357448724 0.5638725480769231 0.7788652211538463 0.6086973641861143 0.7842619310128147
0 0.6683526322115386 0.7277519807692309 0.6260149070995576 0.7199415783842255 0.6010575921957115 0.8552273019419179 0.6433953173076923 0.8630377043269234
0 0.7842670859917849 0.5090057372951525 0.7483141610576923 0.5016846658653847 0.7320435084205315 0.58158793665086 0.767996433354624 0.5889090080806277
1 0.5456730769230771 0.6177884615384616 0.016826923076923152 0.6177884615384616 0.01682692307692317 0.9206730769230769 0.5456730769230771 0.9206730769230769
0 0.5771111129807692 0.64296534375 0.5360613966346155 0.6388626802884616 0.5223170772904226 0.7763831997605855 0.5633667936365765 0.7804858632221239
0 0.5361556784625093 0.6401155071162126 0.49895202163461544 0.6369178605769231 0.4875382085567216 0.7697141467299413 0.5247418653846154 0.7729117932692307