0 0.45371237297168066 0.07331663562363085 0.24715909134615385 0.021306819711538496 0.23378762702831932 0.07441063841483078 0.4403409086538461 0.12642045432692314
0 0.6213854469580381 0.14441181059117353 0.4517045456730769 0.0809659086538462 0.42975091842657737 0.13967909806267276 0.5994318197115386 0.20312500000000006
0 0.8505927290209448 0.2360429289350647 0.625 0.154829545673077 0.6070189765105153 0.20477683264297203 0.83261170553146 0.2859902159049597
0 0.4841556391426859 0.18470495014711974 0.09659090865384613 0.06534090865384615 0.08143738067773351 0.11454310483072534 0.4690021111665733 0.2339071463239989
0 0.3798669233925069 0.21604277364561217 0.12784090865384617 0.15340909134615388 0.11587171122287783 0.20157086337361868 0.3678977259615385 0.264204545673077
0 0.2671765732811789 0.23190559141329115 0.12784090865384617 0.21448863701923077 0.1219842665299271 0.26134178392182517 0.2613199311572598 0.27875873831588555
0 0.28968227339573327 0.3006710939153577 0.1321022740384616 0.27414772596153847 0.12450805497869298 0.31926631861692567 0.2820880543359647 0.3457896865707448
0 0.3298450812701776 0.3612872358168086 0.13210227403846156 0.33238636298076923 0.12470037305674558 0.38303094687549927 0.3224431802884616 0.4119318197115386
0 0.37850122936998987 0.4337914627311135 0.13210227403846161 0.3948863629807693 0.12383292492861633 0.44725890526989576 0.3702318802601446 0.4861640050202399
0 0.31558040712717733 0.475074919111278 0.15198863701923085 0.4630681802884616 0.14842019721888156 0.511688158791988 0.31201196732682807 0.5236948976148045
0 0.30971128064836984 0.5510206413858862 0.3079981128307512 0.5081914401470059 0.2286931802884615 0.5113636370192307 0.23040634810608018 0.5541928382581112
0 0.3386087221292874 0.5663630355831523 0.33284164214097467 0.5379712608173725 0.2399715570309181 0.5568354992726818 0.24573863701923077 0.5852272740384616
0 0.359375 0.5965909086538461 0.3565340913461539 0.5696022740384615 0.2551603377038375 0.5802731945240482 0.2580012463576836 0.6072618291394328
0 0.37357954567307705 0.5994318197115385 0.2627840913461539 0.5994318197115385 0.2627840913461539 0.6292613629807692 0.37357954567307705 0.6292613629807692
0 0.4326923076923077 0.23076923076923084 0.375 0.23076923076923084 0.375 0.2908653846153847 0.4326923076923077 0.2908653846153847
0 0.23317307692307698 0.5240384615384616 0.14182692307692316 0.5240384615384616 0.14182692307692316 0.5769230769230769 0.23317307692307698 0.5769230769230769
0 0.2548076923076924 0.5817307692307693 0.1442307692307693 0.5817307692307693 0.1442307692307693 0.6370192307692307 0.2548076923076924 0.6370192307692307
0 0.3461538461538463 0.6418269230769231 0.14903846153846162 0.6418269230769231 0.14903846153846162 0.6947115384615384 0.3461538461538463 0.6947115384615384
0 0.3052884615384616 0.6947115384615384 0.15144230769230776 0.6947115384615384 0.15144230769230776 0.75 0.3052884615384616 0.75
0 0.38942307692307704 0.7524038461538461 0.13942307692307704 0.7524038461538461 0.13942307692307704 0.8076923076923077 0.38942307692307704 0.8076923076923077
0 0.3677884615384617 0.8173076923076923 0.1514423076923078 0.8173076923076923 0.1514423076923078 0.8774038461538461 0.3677884615384617 0.8774038461538461
0 0.560096153846154 0.9158653846153846 0.40384615384615397 0.9158653846153846 0.40384615384615397 0.9663461538461539 0.560096153846154 0.9663461538461539
0 0.47836538461538475 0.8341346153846154 0.3990384615384617 0.8341346153846154 0.3990384615384617 0.90625 0.47836538461538475 0.90625
0 0.591346153846154 0.78125 0.4014423076923078 0.78125 0.4014423076923078 0.8221153846153846 0.591346153846154 0.8221153846153846
0 0.45913461538461553 0.7115384615384616 0.39663461538461553 0.7115384615384616 0.39663461538461553 0.7644230769230769 0.45913461538461553 0.7644230769230769
0 0.5576923076923078 0.6418269230769231 0.38461538461538475 0.6418269230769231 0.38461538461538475 0.7067307692307693 0.5576923076923078 0.7067307692307693
0 0.5024038461538463 0.5745192307692307 0.37980769230769246 0.5745192307692307 0.37980769230769246 0.6418269230769231 0.5024038461538463 0.6418269230769231
0 0.5072115384615385 0.5192307692307693 0.37740384615384615 0.5192307692307693 0.3774038461538462 0.5697115384615384 0.5072115384615385 0.5697115384615384
0 0.48828125 0.47460937499999994 0.48754781638508127 0.43353709256455214 0.375 0.435546875 0.37573343361491873 0.4766191574354478
0 0.4971362460191084 0.4844819864649682 0.3819093351910829 0.48036673964968163 0.3808593750000001 0.5097656250000001 0.4960862858280256 0.5138808718152867
0 0.5174462066135085 0.37261081144465297 0.36523437500000006 0.35937500000000006 0.36138675539399634 0.4036226254690432 0.5135985870075047 0.4168584369136961
0 0.48856454342800526 0.31058402823645975 0.36914062499999994 0.29492187500000006 0.3629979565719947 0.3417597217635403 0.482421875 0.357421875
0 0.8189228995901641 0.3315893954918034 0.6796875 0.29882812500000006 0.6705430327868852 0.3376921106557377 0.8097784323770493 0.37045338114754106
0 0.756076308942715 0.40486169471818023 0.609375 0.38476562500000006 0.603298691057285 0.42912268028182 0.75 0.4492187500000001
0 0.8300781250000001 0.3710937500000001 0.693359375 0.34375000000000006 0.6850210336538461 0.3854417067307693 0.8217397836538463 0.4127854567307694
0 0.5509487127213419 0.24197999184529362 0.4706248543802423 0.22440914783317806 0.462890625 0.25976562500000006 0.5432144833410997 0.2773364690121156
1 0.8918269230769231 0.4711538461538463 0.6177884615384616 0.4711538461538463 0.6177884615384616 0.9951923076923077 0.8918269230769231 0.9951923076923077
0 0.7545584862385322 0.45816370412844043 0.6132812500000001 0.4335937500000001 0.6063001720183487 0.4737349483944956 0.7475774082568807 0.49830490252293586
0 0.7464281371595332 0.48293105544747095 0.6132812500000001 0.47460937500000006 0.6109633390077822 0.5116959508754864 0.7441102261673153 0.5200176313229572