2 1.0063990944070513 0.059252405438145694 0.023709576923076927 0.0441654375 0.00931780703525655 0.9815732363887775 0.992007324519231 0.9966602043269233
0 0.6033653846153847 0.4711538461538462 0.5288461538461539 0.47115384615384615 0.528846153846154 0.6586538461538461 0.6033653846153848 0.6586538461538461
0 0.5312500000000001 0.49038461538461536 0.4735576923076923 0.49038461538461536 0.4735576923076924 0.6081730769230769 0.5312500000000001 0.6081730769230769
0 0.6586538461538461 0.7644230769230769 0.5961538461538463 0.7644230769230769 0.5961538461538463 0.9086538461538461 0.6586538461538461 0.9086538461538461
0 0.591346153846154 0.7331730769230769 0.5168269230769232 0.7331730769230769 0.5168269230769232 0.8774038461538461 0.591346153846154 0.8774038461538461
0 0.8894230769230769 0.5168269230769232 0.84375 0.5168269230769232 0.84375 0.6298076923076923 0.8894230769230769 0.6298076923076923
0 0.6225961538461539 0.264423076923077 0.5600961538461539 0.264423076923077 0.5600961538461539 0.41586538461538475 0.6225961538461539 0.41586538461538475
0 0.5504807692307693 0.3052884615384616 0.4951923076923077 0.3052884615384616 0.4951923076923077 0.38221153846153844 0.5504807692307693 0.38221153846153844
0 0.53125 0.1658653846153847 0.49038461538461536 0.1658653846153847 0.49038461538461536 0.3076923076923077 0.53125 0.3076923076923077
0 0.4831730769230769 0.16346153846153852 0.44711538461538464 0.16346153846153852 0.44711538461538464 0.26682692307692313 0.4831730769230769 0.26682692307692313
0 0.4495192307692308 0.07451923076923082 0.40865384615384615 0.07451923076923082 0.40865384615384615 0.2836538461538462 0.4495192307692308 0.2836538461538462
0 0.40384615384615385 0.14423076923076927 0.3581730769230769 0.14423076923076927 0.3581730769230769 0.2379807692307693 0.40384615384615385 0.2379807692307693
0 0.41105769230769246 0.7451923076923077 0.3461538461538463 0.7451923076923077 0.3461538461538463 0.9230769230769231 0.41105769230769246 0.9230769230769231
0 0.40384615384615397 0.5769230769230769 0.3365384615384617 0.5769230769230769 0.3365384615384617 0.7259615384615384 0.40384615384615397 0.7259615384615384
0 0.34134615384615397 0.6778846153846154 0.2860576923076924 0.6778846153846154 0.2860576923076924 0.8870192307692307 0.34134615384615397 0.8870192307692307
0 0.2860576923076924 0.6802884615384616 0.24519230769230776 0.6802884615384616 0.2451923076923078 0.8701923076923077 0.28605769230769246 0.8701923076923077
0 0.23798076923076933 0.7355769230769231 0.19471153846153852 0.7355769230769231 0.19471153846153857 0.8629807692307693 0.23798076923076936 0.8629807692307693
0 0.1875000000000001 0.7211538461538461 0.14903846153846165 0.7211538461538461 0.14903846153846165 0.8822115384615384 0.18750000000000014 0.8822115384615384
0 0.1562500000000001 0.6490384615384616 0.1177884615384616 0.6490384615384616 0.11778846153846162 0.8629807692307693 0.15625000000000014 0.8629807692307693
0 0.11538461538461547 0.6538461538461539 0.076923076923077 0.6538461538461539 0.07692307692307701 0.8653846153846154 0.11538461538461549 0.8653846153846154
0 0.29326923076923084 0.49038461538461536 0.21394230769230776 0.49038461538461536 0.21394230769230776 0.6274038461538461 0.29326923076923084 0.6274038461538461
0 0.21394230769230776 0.41586538461538464 0.17067307692307698 0.41586538461538464 0.17067307692307698 0.625 0.21394230769230776 0.625
0 0.17788461538461545 0.4495192307692308 0.1442307692307693 0.4495192307692308 0.1442307692307693 0.6153846153846154 0.17788461538461545 0.6153846153846154
0 0.14663461538461545 0.3798076923076923 0.09134615384615388 0.3798076923076923 0.0913461538461539 0.625 0.14663461538461545 0.625