2 0.9711538461538461 0.02644230769230775 0.03125 0.026442307692307692 0.03125000000000006 0.9927884615384616 0.9711538461538461 0.9927884615384616
0 0.264423076923077 0.30528846153846156 0.13461538461538464 0.30528846153846156 0.13461538461538464 0.36538461538461536 0.264423076923077 0.36538461538461536
0 0.3028846153846155 0.3701923076923077 0.1754807692307693 0.3701923076923077 0.1754807692307693 0.4543269230769231 0.3028846153846155 0.4543269230769231
0 0.5552884615384616 0.36538461538461536 0.3870192307692308 0.36538461538461536 0.3870192307692308 0.4254807692307692 0.5552884615384616 0.4254807692307692
0 0.5528846153846154 0.4326923076923077 0.4326923076923077 0.4326923076923077 0.4326923076923077 0.4951923076923077 0.5528846153846154 0.4951923076923077
0 0.7740384615384616 0.34855769230769246 0.6274038461538461 0.34855769230769246 0.6274038461538461 0.4014423076923078 0.7740384615384616 0.4014423076923078
0 0.8822115384615384 0.4134615384615386 0.6538461538461539 0.4134615384615386 0.6538461538461539 0.46634615384615397 0.8822115384615384 0.46634615384615397
0 0.28125000000000006 0.5504807692307693 0.09375000000000007 0.5504807692307693 0.09375000000000007 0.625 0.28125000000000006 0.625
0 0.4447115384615386 0.5600961538461539 0.31009615384615397 0.5600961538461539 0.31009615384615397 0.6153846153846154 0.4447115384615386 0.6153846153846154
0 0.35336538461538475 0.6298076923076923 0.14903846153846162 0.6298076923076923 0.14903846153846162 0.6730769230769231 0.35336538461538475 0.6730769230769231
0 0.3365384615384617 0.6802884615384616 0.15625000000000006 0.6802884615384616 0.15625000000000006 0.71875 0.3365384615384617 0.71875
0 0.29807692307692313 0.7283653846153846 0.1658653846153847 0.7283653846153846 0.1658653846153847 0.7644230769230769 0.29807692307692313 0.7644230769230769
0 0.3149038461538463 0.7692307692307693 0.14903846153846165 0.7692307692307693 0.14903846153846165 0.8052884615384616 0.3149038461538463 0.8052884615384616
0 0.3677884615384617 0.8052884615384616 0.16346153846153852 0.8052884615384616 0.16346153846153857 0.84375 0.3677884615384617 0.84375
0 0.3774038461538463 0.8485576923076923 0.14182692307692318 0.8485576923076923 0.14182692307692318 0.8822115384615384 0.3774038461538463 0.8822115384615384
0 0.5456730769230771 0.6706730769230769 0.4086538461538463 0.6706730769230769 0.4086538461538463 0.7427884615384616 0.5456730769230771 0.7427884615384616
0 0.6322115384615384 0.75 0.41586538461538475 0.75 0.41586538461538475 0.7788461538461539 0.6322115384615384 0.7788461538461539
0 0.591346153846154 0.7788461538461539 0.4302884615384617 0.7788461538461539 0.4302884615384617 0.8076923076923077 0.591346153846154 0.8076923076923077
0 0.6610576923076923 0.8076923076923077 0.41586538461538475 0.8076923076923077 0.41586538461538475 0.8461538461538461 0.6610576923076923 0.8461538461538461
0 0.8798076923076923 0.4807692307692309 0.7836538461538461 0.4807692307692309 0.7836538461538461 0.512019230769231 0.8798076923076923 0.512019230769231
0 0.9591346153846154 0.5096153846153848 0.7716346153846154 0.5096153846153848 0.7716346153846154 0.5480769230769232 0.9591346153846154 0.5480769230769232
0 0.9014423076923077 0.5552884615384617 0.8125 0.5552884615384617 0.8125 0.5865384615384617 0.9014423076923077 0.5865384615384617