0 0.5697115384615384 0.41826923076923084 0.39903846153846156 0.4182692307692308 0.39903846153846156 0.4783653846153847 0.5697115384615384 0.47836538461538475
0 0.5552884615384616 0.4831730769230769 0.4495192307692308 0.4831730769230769 0.4495192307692308 0.5336538461538461 0.5552884615384616 0.5336538461538461
0 0.31490384615384615 0.35096153846153844 0.16826923076923084 0.35096153846153844 0.16826923076923084 0.4014423076923077 0.31490384615384615 0.4014423076923077
0 0.33653846153846156 0.41346153846153844 0.19230769230769237 0.41346153846153844 0.19230769230769237 0.4855769230769231 0.33653846153846156 0.4855769230769231
0 0.7620192307692307 0.41586538461538475 0.625 0.41586538461538475 0.625 0.4615384615384617 0.7620192307692307 0.4615384615384617
0 0.7355769230769231 0.47355769230769246 0.6658653846153846 0.47355769230769246 0.6658653846153846 0.5240384615384617 0.7355769230769231 0.5240384615384617
0 0.8701923076923077 0.4951923076923078 0.7259615384615384 0.4951923076923078 0.7259615384615384 0.5384615384615385 0.8701923076923077 0.5384615384615385
0 0.875 0.5408653846153848 0.7788461538461539 0.5408653846153848 0.7788461538461539 0.574519230769231 0.875 0.574519230769231
0 0.9447115384615384 0.5793269230769232 0.7692307692307693 0.5793269230769232 0.7692307692307693 0.6177884615384616 0.9447115384615384 0.6177884615384616
0 0.9014423076923077 0.6177884615384616 0.8052884615384616 0.6177884615384616 0.8052884615384616 0.65625 0.9014423076923077 0.65625
0 0.32692307692307704 0.5745192307692307 0.1538461538461539 0.5745192307692307 0.1538461538461539 0.6394230769230769 0.32692307692307704 0.6394230769230769
0 0.47355769230769246 0.6009615384615384 0.3437500000000001 0.6009615384615384 0.3437500000000001 0.6466346153846154 0.47355769230769246 0.6466346153846154
0 0.39182692307692324 0.6466346153846154 0.19951923076923084 0.6466346153846154 0.19951923076923084 0.6947115384615384 0.39182692307692324 0.6947115384615384
0 0.38461538461538475 0.7019230769230769 0.20913461538461545 0.7019230769230769 0.20913461538461545 0.7403846153846154 0.38461538461538475 0.7403846153846154
0 0.35336538461538475 0.7451923076923077 0.2067307692307693 0.7451923076923077 0.2067307692307693 0.78125 0.35336538461538475 0.78125
0 0.5721153846153848 0.7067307692307693 0.44711538461538475 0.7067307692307693 0.44711538461538475 0.7788461538461539 0.5721153846153848 0.7788461538461539
0 0.3677884615384617 0.7836538461538461 0.21875000000000006 0.7836538461538461 0.21875000000000006 0.8221153846153846 0.3677884615384617 0.8221153846153846
0 0.4254807692307694 0.8221153846153846 0.23317307692307698 0.8221153846153846 0.23317307692307704 0.8557692307692307 0.4254807692307694 0.8557692307692307
0 0.4182692307692309 0.8605769230769231 0.24038461538461553 0.8605769230769231 0.24038461538461553 0.9014423076923077 0.4182692307692309 0.9014423076923077
0 0.6514423076923077 0.7836538461538461 0.45192307692307704 0.7836538461538461 0.45192307692307704 0.8149038461538461 0.6514423076923077 0.8149038461538461
0 0.6225961538461539 0.8173076923076923 0.4567307692307694 0.8173076923076923 0.4567307692307694 0.8413461538461539 0.6225961538461539 0.8413461538461539
0 0.6971153846153846 0.84375 0.45913461538461553 0.84375 0.45913461538461553 0.8774038461538461 0.6971153846153846 0.8774038461538461
2 0.9441603251249402 0.0466559474182148 0.07115749519230768 0.04508196634615385 0.06943866285582913 0.9984260189279391 0.9424414927884615 1.0000000000000002