0 0.560096153846154 0.44951923076923084 0.49038461538461536 0.4495192307692308 0.4903846153846155 0.6201923076923077 0.560096153846154 0.6201923076923077
0 0.4927884615384616 0.46153846153846156 0.4375 0.46153846153846156 0.43750000000000006 0.5697115384615384 0.4927884615384617 0.5697115384615384
0 0.6153846153846154 0.7067307692307693 0.5552884615384617 0.7067307692307693 0.5552884615384617 0.8533653846153846 0.6153846153846154 0.8533653846153846
0 0.5528846153846155 0.6826923076923077 0.4711538461538463 0.6826923076923077 0.4711538461538463 0.8293269230769231 0.5528846153846155 0.8293269230769231
0 0.5721153846153846 0.25721153846153855 0.5192307692307693 0.25721153846153855 0.5192307692307693 0.3942307692307693 0.5721153846153846 0.3942307692307694
0 0.5120192307692307 0.28125000000000006 0.45913461538461536 0.28125000000000006 0.45913461538461536 0.35336538461538464 0.5120192307692307 0.35336538461538464
0 0.49759615384615385 0.14663461538461545 0.44711538461538464 0.14663461538461545 0.44711538461538464 0.2908653846153847 0.49759615384615385 0.2908653846153847
0 0.4519230769230769 0.14182692307692313 0.41346153846153844 0.1418269230769231 0.41346153846153844 0.2379807692307693 0.4519230769230769 0.2379807692307693
0 0.4182692307692308 0.06971153846153852 0.3701923076923077 0.06971153846153852 0.3701923076923077 0.2475961538461539 0.4182692307692308 0.2475961538461539
0 0.37740384615384615 0.11057692307692311 0.33413461538461536 0.11057692307692311 0.33413461538461536 0.20913461538461545 0.37740384615384615 0.20913461538461545
0 0.38942307692307704 0.6850961538461539 0.31730769230769246 0.6850961538461539 0.31730769230769246 0.8605769230769231 0.38942307692307704 0.8605769230769231
0 0.37019230769230776 0.5408653846153846 0.31971153846153844 0.5408653846153846 0.31971153846153855 0.6706730769230769 0.3701923076923078 0.6706730769230769
0 0.32211538461538475 0.6177884615384616 0.264423076923077 0.6177884615384616 0.264423076923077 0.8125 0.32211538461538475 0.8125
0 0.26682692307692313 0.625 0.21875000000000006 0.625 0.21875000000000006 0.8004807692307693 0.26682692307692313 0.8004807692307693
0 0.22115384615384623 0.6538461538461539 0.17788461538461545 0.6538461538461539 0.17788461538461545 0.8028846153846154 0.22115384615384623 0.8028846153846154
0 0.2716346153846155 0.43509615384615385 0.19230769230769237 0.43509615384615385 0.19230769230769237 0.5625 0.2716346153846155 0.5625
0 0.18269230769230776 0.6394230769230769 0.13701923076923084 0.6394230769230769 0.13701923076923087 0.7908653846153846 0.18269230769230776 0.7908653846153846
0 0.14663461538461547 0.5793269230769231 0.10336538461538468 0.5793269230769231 0.1033653846153847 0.7740384615384616 0.14663461538461547 0.7740384615384616
0 0.11057692307692316 0.5841346153846154 0.06009615384615392 0.5841346153846154 0.060096153846153924 0.7668269230769231 0.11057692307692318 0.7668269230769231
0 0.19951923076923084 0.3557692307692308 0.15625000000000006 0.3557692307692308 0.15625000000000006 0.5576923076923077 0.19951923076923084 0.5576923076923077
0 0.16346153846153852 0.38221153846153844 0.1322115384615385 0.38221153846153844 0.13221153846153852 0.5504807692307693 0.16346153846153852 0.5504807692307693
0 0.14182692307692313 0.30528846153846156 0.09615384615384619 0.30528846153846156 0.0961538461538462 0.5480769230769231 0.14182692307692316 0.5480769230769231
2 0.9351672229058224 0.08862617153433126 7.472654973438553e-18 0.057658399038461525 -0.028927761367361034 0.931221205869515 0.9062394615384615 0.9621889783653848