2 0.9735576923076923 0.033653846153846215 4.121407497130516e-18 0.03365384615384615 6.329304370593291e-17 1 0.9735576923076923 1
0 0.6875 0.17788461538461545 0.6225961538461539 0.17788461538461545 0.6225961538461539 0.3125000000000001 0.6875 0.3125000000000001
0 0.6201923076923077 0.21394230769230776 0.5336538461538461 0.21394230769230776 0.5336538461538461 0.3461538461538462 0.6201923076923077 0.3461538461538463
0 0.6177884615384616 0.4278846153846155 0.5480769230769231 0.42788461538461536 0.5480769230769231 0.5985576923076924 0.6177884615384616 0.5985576923076924
0 0.5480769230769231 0.46875 0.4807692307692308 0.46875 0.48076923076923084 0.59375 0.5480769230769232 0.59375
0 0.6225961538461539 0.6682692307692307 0.5625000000000001 0.6682692307692307 0.5625000000000001 0.8197115384615384 0.6225961538461539 0.8197115384615384
0 0.5552884615384617 0.6923076923076923 0.4927884615384617 0.6923076923076923 0.4927884615384617 0.9230769230769231 0.5552884615384617 0.9230769230769231
0 0.44711538461538464 0.12019230769230774 0.3629807692307692 0.12019230769230772 0.3629807692307692 0.3125 0.44711538461538464 0.3125
0 0.4230769230769231 0.33653846153846156 0.36538461538461536 0.33653846153846156 0.36538461538461536 0.47596153846153844 0.4230769230769231 0.47596153846153844
0 0.3629807692307692 0.17067307692307698 0.31009615384615385 0.17067307692307698 0.31009615384615385 0.3798076923076923 0.3629807692307692 0.3798076923076923
0 0.3125 0.17548076923076927 0.2644230769230769 0.17548076923076922 0.264423076923077 0.3605769230769231 0.3125 0.3605769230769231
0 0.264423076923077 0.18028846153846154 0.22115384615384615 0.18028846153846154 0.2211538461538462 0.3173076923076923 0.264423076923077 0.3173076923076923
0 0.22355769230769235 0.16346153846153846 0.18028846153846154 0.16346153846153846 0.18028846153846156 0.3317307692307692 0.22355769230769237 0.3317307692307692
0 0.18750000000000003 0.17548076923076922 0.13942307692307696 0.17548076923076922 0.13942307692307696 0.38221153846153844 0.18750000000000006 0.38221153846153844
0 0.14663461538461542 0.14903846153846156 0.10096153846153849 0.14903846153846154 0.10096153846153849 0.3870192307692308 0.14663461538461542 0.3870192307692308
0 0.3100961538461539 0.4254807692307692 0.23076923076923084 0.4254807692307692 0.23076923076923084 0.5697115384615384 0.31009615384615397 0.5697115384615384
0 0.23076923076923084 0.43028846153846156 0.19230769230769237 0.43028846153846156 0.19230769230769237 0.6490384615384616 0.23076923076923084 0.6490384615384616
0 0.20192307692307698 0.44471153846153844 0.1658653846153847 0.44471153846153844 0.1658653846153847 0.6057692307692307 0.20192307692307698 0.6057692307692307
0 0.17307692307692316 0.4254807692307692 0.12259615384615391 0.4254807692307692 0.12259615384615391 0.6754807692307693 0.17307692307692316 0.6754807692307693
0 0.48317307692307704 0.8173076923076923 0.44711538461538475 0.8173076923076923 0.44711538461538475 0.9158653846153846 0.48317307692307704 0.9158653846153846
0 0.45432692307692324 0.8028846153846154 0.4062500000000001 0.8028846153846154 0.4062500000000001 0.9927884615384616 0.45432692307692324 0.9927884615384616
0 0.4086538461538463 0.8389423076923077 0.3701923076923078 0.8389423076923077 0.3701923076923078 0.9326923076923077 0.4086538461538463 0.9326923076923077