2 0.9660508293300653 0.06606588198611722 0.010565163461538466 0.05052320673076923 -0.0046482429901024865 0.985767079150553 0.9508374228784243 1.0013097544059009
0 0.591346153846154 0.4038461538461539 0.5192307692307693 0.40384615384615385 0.5192307692307693 0.5889423076923077 0.591346153846154 0.5889423076923078
0 0.5192307692307693 0.44471153846153844 0.46634615384615385 0.44471153846153844 0.4663461538461539 0.5625 0.5192307692307694 0.5625
0 0.6346153846153846 0.15865384615384623 0.5769230769230769 0.15865384615384623 0.5769230769230769 0.3004807692307693 0.6346153846153846 0.3004807692307693
0 0.5697115384615384 0.18028846153846162 0.49759615384615385 0.18028846153846162 0.49759615384615385 0.32451923076923084 0.5697115384615384 0.3245192307692309
0 0.8798076923076923 0.4639423076923078 0.8341346153846154 0.4639423076923078 0.8341346153846154 0.5769230769230771 0.8798076923076923 0.5769230769230771
0 0.6201923076923077 0.6490384615384616 0.560096153846154 0.6490384615384616 0.560096153846154 0.8004807692307693 0.6201923076923077 0.8004807692307693
0 0.5480769230769232 0.6754807692307693 0.4951923076923078 0.6754807692307693 0.4951923076923078 0.75 0.5480769230769232 0.75
0 0.5336538461538463 0.7475961538461539 0.4927884615384617 0.7475961538461539 0.4927884615384617 0.8894230769230769 0.5336538461538463 0.8894230769230769
0 0.48557692307692324 0.7860576923076923 0.45192307692307704 0.7860576923076923 0.45192307692307704 0.8870192307692307 0.48557692307692324 0.8870192307692307
0 0.45192307692307704 0.7644230769230769 0.41586538461538475 0.7644230769230769 0.41586538461538475 0.9735576923076923 0.45192307692307704 0.9735576923076923
0 0.4086538461538463 0.8028846153846154 0.3629807692307694 0.8028846153846154 0.3629807692307694 0.8966346153846154 0.4086538461538463 0.8966346153846154
0 0.3870192307692308 0.11538461538461542 0.3245192307692308 0.11538461538461542 0.3245192307692308 0.29326923076923084 0.3870192307692308 0.29326923076923084
0 0.3894230769230769 0.3125 0.3245192307692308 0.3125 0.3245192307692308 0.46153846153846156 0.3894230769230769 0.46153846153846156
0 0.31971153846153844 0.14663461538461542 0.2692307692307692 0.14663461538461542 0.2692307692307693 0.35336538461538464 0.31971153846153844 0.35336538461538464
0 0.264423076923077 0.15625 0.22596153846153846 0.15625 0.2259615384615385 0.34615384615384615 0.264423076923077 0.34615384615384615
0 0.21634615384615388 0.15865384615384615 0.17548076923076922 0.15865384615384615 0.17548076923076927 0.2860576923076923 0.2163461538461539 0.2860576923076923
0 0.16586538461538464 0.1322115384615385 0.12980769230769232 0.13221153846153846 0.12980769230769232 0.2956730769230769 0.1658653846153847 0.2956730769230769
0 0.1370192307692308 0.14903846153846154 0.10096153846153849 0.14903846153846154 0.10096153846153849 0.3629807692307692 0.1370192307692308 0.3629807692307692
0 0.09615384615384619 0.14423076923076922 0.06009615384615386 0.14423076923076922 0.06009615384615388 0.35336538461538464 0.09615384615384619 0.35336538461538464
0 0.28125000000000006 0.39903846153846156 0.20432692307692316 0.39903846153846156 0.20432692307692316 0.5360576923076923 0.28125000000000006 0.5360576923076923
0 0.20192307692307698 0.3942307692307692 0.16346153846153852 0.3942307692307692 0.16346153846153852 0.6033653846153846 0.20192307692307698 0.6033653846153846
0 0.1658653846153847 0.4014423076923077 0.13461538461538464 0.4014423076923077 0.13461538461538466 0.5649038461538461 0.1658653846153847 0.5649038461538461
0 0.1370192307692308 0.3870192307692308 0.08413461538461542 0.3870192307692308 0.08413461538461543 0.6298076923076923 0.13701923076923084 0.6298076923076923