0 0.8100961538461539 0.07692307692307702 0.7091346153846154 0.07692307692307702 0.7091346153846154 0.2283653846153847 0.8100961538461539 0.2283653846153847
0 0.6514423076923077 0.7548076923076923 0.5456730769230771 0.7548076923076923 0.5456730769230771 0.9639423076923077 0.6514423076923077 0.9639423076923077
0 0.7451923076923077 0.7620192307692307 0.6850961538461539 0.7620192307692307 0.6850961538461539 0.9206730769230769 0.7451923076923077 0.9206730769230769
0 0.8149038461538461 0.6298076923076923 0.7403846153846154 0.6298076923076923 0.7403846153846154 0.9278846153846154 0.8149038461538461 0.9278846153846154
0 0.6706730769230769 0.40384615384615397 0.6225961538461539 0.40384615384615397 0.6225961538461539 0.5769230769230771 0.6706730769230769 0.5769230769230771
0 0.7163461538461539 0.31730769230769246 0.6658653846153846 0.31730769230769246 0.6658653846153846 0.5769230769230771 0.7163461538461539 0.5769230769230771
0 0.7788461538461539 0.4495192307692309 0.7283653846153846 0.4495192307692309 0.7283653846153846 0.5312500000000001 0.7788461538461539 0.5312500000000001
0 0.3629807692307693 0.4567307692307692 0.29807692307692313 0.4567307692307692 0.29807692307692313 0.6370192307692307 0.3629807692307694 0.6370192307692307
0 0.420673076923077 0.4230769230769231 0.3701923076923077 0.4230769230769231 0.37019230769230776 0.6153846153846154 0.42067307692307704 0.6153846153846154
0 0.2668269230769231 2.929143185460616e-17 0.21153846153846154 2.5905989981963243e-17 0.21153846153846154 0.24278846153846154 0.2668269230769231 0.24278846153846154
0 0.1971153846153846 0.08173076923076925 0.12740384615384615 0.08173076923076923 0.12740384615384617 0.24519230769230768 0.1971153846153846 0.24519230769230768
0 0.21394230769230776 0.49759615384615385 0.15865384615384623 0.49759615384615385 0.15865384615384623 0.6370192307692307 0.21394230769230776 0.6370192307692307
0 0.15625000000000006 0.5192307692307693 0.09855769230769237 0.5192307692307693 0.09855769230769237 0.6442307692307693 0.15625000000000006 0.6442307692307693
0 0.23557692307692318 0.8341346153846154 0.14903846153846165 0.8341346153846154 0.14903846153846165 0.9807692307692307 0.2355769230769232 0.9807692307692307
0 0.052884615384615426 0.31490384615384615 3.856459872314982e-17 0.31490384615384615 4.5629868718230704e-17 0.43028846153846156 0.05288461538461543 0.43028846153846156
0 0.15865384615384623 0.31009615384615385 0.09375000000000003 0.31009615384615385 0.09375000000000003 0.40625 0.15865384615384623 0.40625
0 0.12259615384615388 0.18028846153846154 0.05769230769230771 0.18028846153846154 0.057692307692307716 0.24759615384615385 0.12259615384615388 0.24759615384615385
0 0.06971153846153848 0.07211538461538461 0.03605769230769232 0.07211538461538461 0.03605769230769232 0.1466346153846154 0.06971153846153848 0.1466346153846154
0 0.1105769230769231 0.08413461538461539 0.06730769230769232 0.08413461538461539 0.06730769230769232 0.14423076923076922 0.11057692307692311 0.14423076923076922
2 0.9945116947115384 0.9317233221153848 0.9268663395965757 -0.05935662084547734 -0.06764535511496271 0.00852296569298425 8.540177112501205e-18 0.9996029086538463