0 0.9134615384615384 0.7115384615384616 0.7644230769230769 0.7115384615384616 0.7644230769230769 0.8100961538461539 0.9134615384615384 0.8100961538461539
0 0.2379807692307693 0.5504807692307693 0.028846153846153914 0.5504807692307693 0.028846153846153917 0.65625 0.2379807692307693 0.65625
0 0.23076923076923084 0.6899038461538461 0.06971153846153855 0.6899038461538461 0.06971153846153855 0.75 0.23076923076923084 0.75
0 0.36057692307692324 0.7475961538461539 0.06250000000000008 0.7475961538461539 0.0625000000000001 0.8197115384615384 0.36057692307692324 0.8197115384615384
0 0.5889423076923078 0.625 0.41586538461538475 0.625 0.41586538461538475 0.6730769230769231 0.5889423076923078 0.6730769230769231
0 0.6754807692307693 0.6682692307692307 0.41586538461538475 0.6682692307692307 0.41586538461538475 0.71875 0.6754807692307693 0.71875
0 0.5408653846153848 0.7331730769230769 0.45913461538461553 0.7331730769230769 0.45913461538461553 0.7836538461538461 0.5408653846153848 0.7836538461538461
0 0.5408653846153846 0.3028846153846155 0.3605769230769231 0.3028846153846155 0.3605769230769231 0.36538461538461536 0.5408653846153846 0.36538461538461536
0 0.5721153846153846 0.37500000000000006 0.3798076923076923 0.375 0.3798076923076923 0.4254807692307693 0.5721153846153846 0.4254807692307694
0 1 0.2139423076923078 0.7548076923076923 0.21394230769230776 0.7548076923076923 0.2668269230769232 1 0.26682692307692324
0 0.9158653846153846 0.1298076923076924 0.7548076923076923 0.1298076923076924 0.7548076923076923 0.19711538461538472 0.9158653846153846 0.19711538461538475
0 0.5 0.16346153846153852 0.3605769230769231 0.16346153846153852 0.3605769230769231 0.2163461538461539 0.5 0.2163461538461539
0 0.47836538461538464 0.10336538461538466 0.35336538461538464 0.10336538461538465 0.35336538461538464 0.15865384615384623 0.47836538461538464 0.15865384615384623
0 0.16346153846153846 0.15384615384615385 0.01923076923076925 0.15384615384615385 0.019230769230769253 0.2403846153846154 0.16346153846153846 0.2403846153846154
0 0.6850961538461539 0.004807692307692384 0.5697115384615384 0.004807692307692378 0.5697115384615384 0.05528846153846161 0.6850961538461539 0.05528846153846163
0 0.6899038461538461 0.09615384615384623 0.5913461538461539 0.09615384615384623 0.5913461538461539 0.16105769230769237 0.6899038461538461 0.16105769230769237
0 0.8173076923076923 0.06009615384615394 0.7524038461538461 0.06009615384615393 0.7524038461538461 0.1250000000000001 0.8173076923076923 0.1250000000000001
0 0.9278846153846154 0.038461538461538575 0.8533653846153846 0.03846153846153856 0.8533653846153846 0.07211538461538472 0.9278846153846154 0.07211538461538473
0 0.9134615384615384 0.06971153846153857 0.8557692307692307 0.06971153846153856 0.8557692307692307 0.11298076923076933 0.9134615384615384 0.11298076923076933
2 1.0003682120901638 0.9959496670081965 0.9960754023531037 -0.004275001726837365 0 0 0.004292809737060242 1.000224668735034