0 0.8052884615384616 0.0625000000000001 0.6947115384615384 0.06250000000000008 0.6947115384615384 0.21394230769230776 0.8052884615384616 0.21394230769230776
0 0.6081730769230771 0.7427884615384616 0.4879807692307694 0.7427884615384616 0.4879807692307694 0.9543269230769231 0.6081730769230771 0.9543269230769231
0 0.6995192307692307 0.7475961538461539 0.6298076923076923 0.7475961538461539 0.6298076923076923 0.9086538461538461 0.6995192307692307 0.9086538461538461
0 0.7764423076923077 0.6153846153846154 0.6875 0.6153846153846154 0.6875 0.9158653846153846 0.7764423076923077 0.9158653846153846
0 0.6466346153846154 0.39182692307692324 0.5865384615384616 0.39182692307692324 0.5865384615384616 0.5649038461538463 0.6466346153846154 0.5649038461538463
0 0.6971153846153846 0.3052884615384616 0.6298076923076923 0.3052884615384616 0.6298076923076923 0.5649038461538463 0.6971153846153846 0.5649038461538463
0 0.7524038461538461 0.4375000000000001 0.6971153846153846 0.4375000000000001 0.6971153846153846 0.5192307692307694 0.7524038461538461 0.5192307692307694
0 0.3365384615384616 0.4495192307692308 0.26201923076923084 0.4495192307692308 0.26201923076923084 0.6322115384615384 0.3365384615384617 0.6322115384615384
0 0.3966346153846155 0.41586538461538464 0.33413461538461536 0.41586538461538464 0.3341346153846155 0.6081730769230769 0.39663461538461553 0.6081730769230769
0 0.2668269230769231 2.840827310522105e-17 0.1971153846153846 2.413967248319302e-17 0.1971153846153846 0.23798076923076922 0.2668269230769231 0.23798076923076922
0 0.19230769230769232 0.07692307692307694 0.11298076923076923 0.07692307692307693 0.11298076923076925 0.24278846153846154 0.19230769230769232 0.24278846153846154
0 0.1850961538461539 0.49278846153846156 0.12259615384615391 0.49278846153846156 0.12259615384615391 0.6346153846153846 0.1850961538461539 0.6346153846153846
0 0.12500000000000006 0.5168269230769231 0.06250000000000007 0.5168269230769231 0.06250000000000008 0.6442307692307693 0.12500000000000006 0.6442307692307693
0 0.1875000000000001 0.8317307692307693 0.09134615384615395 0.8317307692307693 0.09134615384615397 0.9783653846153846 0.18750000000000014 0.9783653846153846
0 0.033653846153846194 0.3125 3.827021247335479e-17 0.3125 4.548267559333319e-17 0.43028846153846156 0.03365384615384621 0.43028846153846156
0 0.13942307692307696 0.3076923076923077 0.06971153846153849 0.3076923076923077 0.0697115384615385 0.40384615384615385 0.13942307692307696 0.40384615384615385
0 0.11298076923076926 0.1778846153846154 0.04326923076923079 0.1778846153846154 0.043269230769230796 0.24759615384615385 0.11298076923076926 0.24759615384615385
0 0.06730769230769232 0.06971153846153846 0.028846153846153855 0.06971153846153846 0.028846153846153858 0.1466346153846154 0.06730769230769232 0.1466346153846154
0 0.10576923076923078 0.08413461538461539 0.06009615384615386 0.08413461538461539 0.06009615384615386 0.14182692307692307 0.10576923076923081 0.14182692307692307
2 0.9411357542001011 0.9651228168977256 0.910209190187577 -0.024788297487094896 -0.03092656401252418 0.0046144384997948065 0 0.9945255528846153