2 1 0.07226562500000006 8.849986634463296e-18 0.072265625 6.565733327459931e-17 1 1 1
0 0.3894230769230769 0.1995192307692308 0.0024038461538461783 0.19951923076923078 0.002403846153846183 0.28125000000000006 0.3894230769230769 0.28125000000000006
0 0.09855769230769235 0.3076923076923077 3.7681439973764714e-17 0.3076923076923077 4.003652997212501e-17 0.34615384615384615 0.09855769230769235 0.34615384615384615
0 0.9260381733685079 0.208147735874196 0.9193312426759364 0.15180952152356086 0.48027223757665916 0.20407845391859564 0.4869791682692309 0.26041666826923077
0 0.9934895817307694 0.2447916682692308 0.9882812500000001 0.19921875000000006 0.8102494221267017 0.21956523763815075 0.815457753857471 0.2651381559073815
0 0.9591346153846154 0.2716346153846155 0.49278846153846156 0.2716346153846155 0.49278846153846156 0.3149038461538462 0.9591346153846154 0.3149038461538463
0 0.9206730769230769 0.3173076923076924 0.4951923076923077 0.3173076923076923 0.4951923076923077 0.36057692307692313 0.9206730769230769 0.36057692307692324
0 0.9903846153846154 0.36538461538461553 0.5793269230769231 0.36538461538461553 0.5793269230769231 0.39663461538461553 0.9903846153846154 0.39663461538461553
0 0.7668269230769231 0.39663461538461553 0.5721153846153846 0.39663461538461553 0.5721153846153846 0.4182692307692309 0.7668269230769231 0.4182692307692309
0 0.9375 0.4158653846153847 0.49278846153846156 0.41586538461538464 0.49278846153846156 0.4735576923076924 0.9375 0.47355769230769246
0 0.7019230769230769 0.4879807692307693 0.4951923076923077 0.4879807692307692 0.4951923076923077 0.545673076923077 0.7019230769230769 0.5456730769230771
0 0.8605769230769231 0.5000000000000001 0.7211538461538461 0.5000000000000001 0.7211538461538461 0.5528846153846155 0.8605769230769231 0.5528846153846155
0 0.8725961538461539 0.5625000000000001 0.48317307692307704 0.5625 0.48317307692307704 0.6177884615384616 0.8725961538461539 0.6177884615384616
0 0.7524038461538461 0.625 0.4807692307692309 0.625 0.4807692307692309 0.6682692307692307 0.7524038461538461 0.6682692307692307
0 0.9639423076923077 0.6298076923076923 0.7860576923076923 0.6298076923076923 0.7860576923076923 0.6706730769230769 0.9639423076923077 0.6706730769230769
0 0.8149038461538461 0.6634615384615384 0.5000000000000001 0.6634615384615384 0.5000000000000001 0.6971153846153846 0.8149038461538461 0.6971153846153846
0 0.9639423076923077 0.7163461538461539 0.47355769230769246 0.7163461538461539 0.47355769230769246 0.7668269230769231 0.9639423076923077 0.7668269230769231
0 0.6442307692307693 0.78125 0.45432692307692324 0.78125 0.45432692307692324 0.8317307692307693 0.6442307692307693 0.8317307692307693
0 0.9519230769230769 0.7764423076923077 0.6971153846153846 0.7764423076923077 0.6971153846153846 0.8293269230769231 0.9519230769230769 0.8293269230769231
0 0.9423076923076923 0.8413461538461539 0.4615384615384617 0.8413461538461539 0.4615384615384617 0.8822115384615384 0.9423076923076923 0.8822115384615384
0 0.5528846153846155 0.8798076923076923 0.4567307692307694 0.8798076923076923 0.4567307692307694 0.9230769230769231 0.5528846153846155 0.9230769230769231
0 0.9158653846153846 0.9206730769230769 0.44711538461538475 0.9206730769230769 0.44711538461538475 0.9711538461538461 0.9158653846153846 0.9711538461538461