0 0.31439756730769247 0.05044248798076931 0.26150055500025665 0.03313300750110189 0.13387811191941562 0.42314158980847694 0.18677512422685139 0.44045107028814445
0 0.37628395432692313 0.06242893509615391 0.32874591674026377 0.05032520059068854 0.29790246241334073 0.1714644481868424 0.3454405000000001 0.18356818269230774
0 0.18381639663461546 0.5206097259615385 0.09312268858837906 0.5054612293463436 0.012303630163121245 0.989323111854199 0.10299733820935766 1.0044716084693939
0 0.28624840384615396 0.537918826923077 0.20685763962430517 0.5194445230283162 0.1079676107287076 0.9444107362434558 0.1873583749505564 0.9628850401382167
0 0.3297193798076925 0.6296253197115386 0.26862394174557647 0.6139470054029099 0.16988157390565337 0.9987274160845963 0.2309770119677694 1.014405730393225
0 0.38681750721153857 0.5543923317307693 0.3424084125918251 0.5434702019923587 0.2597807683610559 0.8794320481462048 0.3041898629807694 0.8903541778846153
0 0.3186585817307692 0.9081825240384613 0.27887999928734614 0.8836890113170549 0.23849303294119226 0.9492792877593627 0.27827161538461537 0.9737728004807692
0 0.45709081490384623 0.5648549038461539 0.40893583264029165 0.5513545206570657 0.3565172124479839 0.7383283043109119 0.40467219471153865 0.7518286875000002
0 0.4012438894230769 0.8068323317307691 0.3656810926525636 0.7948644042533787 0.3326312451923077 0.8930723028846155 0.368194041962821 0.9050402303620059
0 0.5144910697115387 0.5639516754807693 0.4654254574299453 0.553593484949918 0.3892667434876375 0.9143489585076103 0.4383323557692309 0.9247071490384617
0 0.5967167989632551 0.5758861952282122 0.5289373584674206 0.5627087675438479 0.44392081730769245 1.0000000000000002 0.511700257803527 1.0131774276843644
0 0.6544339471153845 0.5922728677884616 0.6109201081730767 0.5791224495192308 0.5964865714800577 0.6268820399877294 0.6400004104223653 0.6400324582569602
0 0.6429196081730771 0.655298372596154 0.5978883769882407 0.6434157563958435 0.5430627860576924 0.851186824519231 0.5880940172425286 0.8630694407195415
0 0.5911048966346155 0.8868946298076925 0.5469328312807181 0.8781456863987234 0.5227977475961539 1.0000000000000002 0.5669698129500513 1.0087489434089691
0 0.7215805528846155 0.5760132644230771 0.6737611772808818 0.563280536294693 0.6293999615384614 0.7298847091346156 0.6772193371421953 0.7426174372629997
0 0.6755230168269234 0.7760967692307693 0.6332906562028937 0.765857146970493 0.577366390794183 0.9965115289721656 0.6195987514182126 1.0067511512324419
0 0.8068184615384617 0.5852242187500002 0.7356703132522464 0.5628100917536778 0.6012152890901918 0.9896045860687176 0.6723634373764071 1.01201871306504
0 0.8503969447115385 0.5845775673076925 0.8116093449148027 0.5698071048702128 0.7783372563306152 0.657180432676814 0.8171248561273509 0.6719508951142938
0 0.8331470384615385 0.6918563173076925 0.7796545712610521 0.6772142335588593 0.6925623041932388 0.9953916405083503 0.7460547713937253 1.0100337242571835
2 0.9506140240384616 0.11031446634615388 0.1053093173076923 0.008095980769230784 -0.01441270599148936 0.9981477235919254 0.8308920007392799 1.1003662091688484