0 0.42664575445658753 0.22189042149476707 0.41355633870919956 0.16757911550314628 0.018889459252612043 0.26269667477761005 0.03197887500000001 0.3170079807692308
0 0.1626751466346154 0.3587195552884616 0.15441291492630743 0.31024779682187564 0.03205895819553821 0.3311035852834141 0.04032118990384615 0.37957534375000007
0 0.9929498301278626 0.18418379127972764 0.9851966434508237 0.09251376168203439 0.499737657072961 0.13357248242153752 0.5074908437499999 0.22524251201923076
0 0.945898915955424 0.26493339731039284 0.9338591178084322 0.1841572990253782 0.5067404879107007 0.24781996902267772 0.5187802860576922 0.32859606730769236
0 1.003103406445048 0.3111100495679443 0.9923607066909058 0.24880239164567955 0.596790220918935 0.31700420025081216 0.6075329206730771 0.37931185817307694
0 0.8685079326923077 0.3750855432692309 0.8611788548292729 0.32984258011884315 0.522016996656196 0.3847846858880739 0.5293460745192307 0.4300276490384617
0 0.9530342524038461 0.3560671201923077 0.9314617000301448 0.314229444709324 0.8638406447416833 0.34909655288240093 0.8854131971153846 0.3909342283653846
0 0.7248131899038461 0.4638381778846154 0.7151884943332287 0.4146147344659502 0.5260608549101519 0.45159499888902715 0.5356855504807693 0.5008184423076923
0 0.8787008126414028 0.440158377969457 0.8695645120192309 0.4036131754807692 0.7706189950509048 0.4283495547228507 0.7797552956730768 0.46489475721153856
0 0.8949224086538461 0.511384233173077 0.8885507469448284 0.46156942090219066 0.5250875714640593 0.5080588944598828 0.5314592331730769 0.5578737067307691
0 0.9832665643649888 0.5910856308283546 0.9756036588740264 0.5223749122513456 0.5304291199424636 0.5720226308236954 0.5380920254334259 0.6407333494007046
0 0.5996352526568446 0.6880629494681041 0.5891221205599527 0.6436741603493934 0.5409684447115384 0.6550789759615386 0.5514815768084301 0.6994677650802493
0 0.8239277020461923 0.6556032277938767 0.8156789831730767 0.6096460793269229 0.6066802546845768 0.6471586712445847 0.6149289735576923 0.6931158197115385
0 0.9973304244761666 0.6432225898299447 0.9921276754807694 0.5980237091346154 0.8432301812930644 0.6151629894969783 0.8484329302884616 0.6603618701923076
0 0.6988213447277472 0.7345337179978024 0.689946081730769 0.6857197668269233 0.5225839701760988 0.7161492387329673 0.5314592331730769 0.7649631899038465
0 0.9731092524038462 0.6973421370192308 0.9662881820552234 0.6543314991912018 0.7264447517667618 0.6923683429412019 0.7332658221153847 0.7353789807692308
0 0.9842669128654838 0.7506251216217652 0.9679727824881323 0.6774748769879361 0.5193914201034177 0.7773958443084787 0.5356855504807693 0.8505460889423078
0 0.620152305726731 0.8726206190308043 0.6101674970085951 0.8314332827135462 0.522531003781864 0.852678493009665 0.5325158124999999 0.8938658293269233
0 0.9646566201923075 0.8241316129807694 0.9543324249516658 0.7694845819607844 0.6299626749516658 0.8307661660953998 0.6402868701923075 0.8854131971153847
2 1.056386582353491 0.8847108340908704 0.9967374021396531 0.0355872098703549 -0.004961680213837907 0.10595450077948448 0.0546875 0.955078125