2 0.927734375 5.680734664013602e-17 0 0 6.123233995736766e-17 1 0.927734375 1
0 0.8004807692307693 0.0024038461538462455 0.6971153846153846 0.0024038461538462394 0.6971153846153846 0.39182692307692324 0.8004807692307693 0.39182692307692324
0 0.6923076923076923 0.0024038461538462355 0.6490384615384616 0.002403846153846233 0.6490384615384616 0.09855769230769237 0.6923076923076923 0.09855769230769237
0 0.7731538661035878 0.924096674622393 0.7684150567873451 0.48635999157116666 0.7112200240384614 0.48697916826923077 0.7159588333547041 0.9247158513204572
0 0.7432674518252049 0.9887355403728273 0.7248885192307692 0.8111979182692307 0.678965221251718 0.8159519596271727 0.6973441538461539 0.9934895817307693
0 0.7019230769230769 0.4927884615384617 0.6298076923076923 0.4927884615384617 0.6298076923076923 0.9591346153846154 0.7019230769230769 0.9591346153846154
0 0.6538461538461539 0.4951923076923078 0.5865384615384616 0.4951923076923078 0.5865384615384616 0.9230769230769231 0.6538461538461539 0.9230769230769231
0 0.6009615384615385 0.5817307692307693 0.5456730769230771 0.5817307692307693 0.5456730769230771 0.9903846153846154 0.6009615384615385 0.9903846153846154
0 0.5697115384615385 0.5745192307692308 0.5360576923076924 0.5745192307692307 0.5360576923076924 0.7668269230769231 0.5697115384615385 0.7668269230769231
0 0.5552884615384616 0.49278846153846156 0.47115384615384615 0.49278846153846156 0.4711538461538462 0.9375 0.5552884615384617 0.9375
0 0.483173076923077 0.4951923076923077 0.41346153846153844 0.4951923076923077 0.41346153846153855 0.7019230769230769 0.48317307692307704 0.7019230769230769
0 0.45913461538461553 0.7211538461538461 0.39663461538461553 0.7211538461538461 0.39663461538461553 0.8605769230769231 0.45913461538461553 0.8605769230769231
0 0.4086538461538462 0.4831730769230769 0.3317307692307692 0.4831730769230769 0.3317307692307693 0.8725961538461539 0.4086538461538463 0.8725961538461539
0 0.3461538461538462 0.4807692307692308 0.28846153846153855 0.4807692307692308 0.28846153846153855 0.7524038461538461 0.3461538461538463 0.7524038461538461
0 0.3245192307692309 0.7860576923076923 0.2740384615384616 0.7860576923076923 0.2740384615384616 0.9639423076923077 0.3245192307692309 0.9639423076923077
0 0.30769230769230776 0.5024038461538461 0.2548076923076924 0.5024038461538461 0.2548076923076924 0.8149038461538461 0.3076923076923078 0.8149038461538461
0 0.25721153846153855 0.4735576923076923 0.17788461538461545 0.4735576923076923 0.17788461538461547 0.9639423076923077 0.2572115384615386 0.9639423076923077
0 0.19230769230769237 0.4543269230769231 0.12980769230769237 0.4543269230769231 0.12980769230769237 0.6442307692307693 0.19230769230769237 0.6442307692307693
0 0.1826923076923078 0.6971153846153846 0.11538461538461545 0.6971153846153846 0.11538461538461547 0.9519230769230769 0.18269230769230782 0.9519230769230769
0 0.13221153846153855 0.46153846153846156 0.06250000000000006 0.46153846153846156 0.06250000000000008 0.9423076923076923 0.13221153846153857 0.9423076923076923
0 0.09375000000000007 0.4567307692307692 0.045673076923076976 0.4567307692307692 0.04567307692307698 0.5528846153846154 0.09375000000000007 0.5528846153846154
0 0.05288461538461547 0.4495192307692308 5.5050228711671884e-17 0.4495192307692308 8.360569494179046e-17 0.9158653846153846 0.0528846153846155 0.9158653846153846