2 0.9978241392683612 0.008694892846308198 0.07022705520852858 -0.00020958197867210524 0.060629572115384736 0.9995795697115385 0.9882266561752174 1.0084840445365189
0 0.2740384615384616 0.6081730769230769 0.18750000000000006 0.6081730769230769 0.1875000000000001 0.9975961538461539 0.2740384615384617 0.9975961538461539
0 0.33413461538461553 0.9014423076923077 0.29567307692307704 0.9014423076923077 0.29567307692307704 0.9975961538461539 0.33413461538461553 0.9975961538461539
0 0.25444712980769235 0.5115057716346154 0.20735113959434248 0.0733465402190412 0.15083173437276234 0.07942158592007599 0.1979277245861122 0.5175808173356502
0 0.2534214537510386 0.18614194322518943 0.24471591346153848 0.005086262019230768 0.1989250769506436 0.007287982337976488 0.2076306172401437 0.1883436635439351
0 0.3125 0.0384615384615385 0.2644230769230769 0.0384615384615385 0.264423076923077 0.5048076923076923 0.3125 0.5048076923076923
0 0.3605769230769231 0.07692307692307696 0.3125 0.07692307692307696 0.3125 0.5048076923076923 0.3605769230769231 0.5048076923076923
0 0.39663461538461536 0.009615384615384661 0.3581730769230769 0.009615384615384658 0.3581730769230769 0.4182692307692308 0.39663461538461536 0.4182692307692308
0 0.41586538461538464 0.23076923076923084 0.3918269230769231 0.23076923076923084 0.3918269230769231 0.4254807692307692 0.41586538461538464 0.4254807692307692
0 0.4735576923076923 0.060096153846153896 0.4110576923076923 0.060096153846153896 0.4110576923076923 0.5048076923076923 0.4735576923076923 0.5048076923076923
0 0.5432692307692307 0.295673076923077 0.4831730769230769 0.295673076923077 0.4831730769230769 0.5024038461538461 0.5432692307692307 0.5024038461538461
0 0.5504807692307693 0.13701923076923084 0.49759615384615385 0.13701923076923084 0.49759615384615385 0.27644230769230776 0.5504807692307693 0.27644230769230776
0 0.6153846153846154 0.12500000000000006 0.5552884615384616 0.12500000000000006 0.5552884615384616 0.514423076923077 0.6153846153846154 0.5144230769230771
0 0.6658653846153846 0.24519230769230776 0.6177884615384616 0.24519230769230776 0.6177884615384616 0.5168269230769232 0.6658653846153846 0.5168269230769232
0 0.6706730769230769 0.03125000000000008 0.6274038461538461 0.031250000000000076 0.6274038461538461 0.20913461538461545 0.6706730769230769 0.20913461538461545
0 0.6947115384615384 0.18269230769230776 0.6586538461538461 0.18269230769230776 0.6586538461538461 0.4951923076923078 0.6947115384615384 0.4951923076923078
0 0.7668269230769231 0.03365384615384624 0.7091346153846154 0.03365384615384624 0.7091346153846154 0.5240384615384617 0.7668269230769231 0.5240384615384617
0 0.8293269230769231 0.3509615384615386 0.7740384615384616 0.3509615384615386 0.7740384615384616 0.5408653846153848 0.8293269230769231 0.5408653846153848
0 0.8293269230769231 0.04326923076923087 0.7740384615384616 0.04326923076923087 0.7740384615384616 0.3004807692307693 0.8293269230769231 0.3004807692307693
0 0.8822115384615384 0.05288461538461549 0.8341346153846154 0.05288461538461549 0.8341346153846154 0.5336538461538463 0.8822115384615384 0.5336538461538463
0 0.9182692307692307 0.44230769230769246 0.8725961538461539 0.44230769230769246 0.8725961538461539 0.5384615384615385 0.9182692307692307 0.5384615384615385
0 0.9711538461538461 0.07932692307692318 0.9134615384615384 0.07932692307692318 0.9134615384615384 0.5456730769230771 0.9711538461538461 0.5456730769230771