2 0.9639423076923077 0.01201923076923083 0.019230769230769232 0.012019230769230773 0.019230769230769287 0.9182692307692307 0.9639423076923077 0.9182692307692307
0 0.18269230769230768 0.06250000000000001 0.040865384615384616 0.0625 0.04086538461538462 0.15384615384615385 0.18269230769230768 0.15384615384615385
0 0.3173076923076923 0.20192307692307696 0.07692307692307696 0.20192307692307693 0.07692307692307696 0.2884615384615385 0.3173076923076923 0.28846153846153855
0 0.2788461538461539 0.3076923076923077 0.03605769230769234 0.3076923076923077 0.03605769230769235 0.3918269230769231 0.2788461538461539 0.3918269230769231
0 0.23317307692307698 0.43509615384615385 0.03846153846153851 0.43509615384615385 0.03846153846153852 0.53125 0.23317307692307698 0.53125
0 0.47355769230769246 0.5841346153846154 0.16105769230769237 0.5841346153846154 0.16105769230769237 0.6706730769230769 0.47355769230769246 0.6706730769230769
0 0.20432692307692316 0.6610576923076923 0.09375000000000007 0.6610576923076923 0.09375000000000008 0.7211538461538461 0.20432692307692316 0.7211538461538461
0 0.3317307692307694 0.6802884615384616 0.2524038461538462 0.6802884615384616 0.2524038461538462 0.71875 0.3317307692307694 0.71875
0 0.39182692307692324 0.7235576923076923 0.2475961538461539 0.7235576923076923 0.2475961538461539 0.7692307692307693 0.39182692307692324 0.7692307692307693
0 0.34134615384615397 0.8245192307692307 0.2596153846153847 0.8245192307692307 0.2596153846153847 0.8870192307692307 0.34134615384615397 0.8870192307692307
0 0.5721153846153848 0.8245192307692307 0.37259615384615397 0.8245192307692307 0.37259615384615397 0.8822115384615384 0.5721153846153848 0.8822115384615384
0 0.8774038461538461 0.75 0.6490384615384616 0.75 0.6490384615384616 0.8149038461538461 0.8774038461538461 0.8149038461538461
0 0.5889423076923077 0.026442307692307744 0.31009615384615385 0.026442307692307727 0.31009615384615385 0.1274038461538462 0.5889423076923077 0.12740384615384623
0 0.6322115384615384 0.1442307692307693 0.5 0.1442307692307693 0.5 0.2163461538461539 0.6322115384615384 0.2163461538461539
0 0.8725961538461539 0.040865384615384706 0.7524038461538461 0.0408653846153847 0.7524038461538461 0.09855769230769242 0.8725961538461539 0.09855769230769242
0 0.9206730769230769 0.14663461538461547 0.8004807692307693 0.14663461538461547 0.8004807692307693 0.1923076923076924 0.9206730769230769 0.19230769230769246
0 0.7860576923076923 0.12500000000000008 0.6370192307692307 0.12500000000000006 0.6370192307692307 0.18028846153846162 0.7860576923076923 0.18028846153846162
0 0.5865384615384616 0.3413461538461539 0.4495192307692308 0.34134615384615385 0.4495192307692308 0.420673076923077 0.5865384615384616 0.42067307692307704
0 0.7427884615384616 0.3629807692307694 0.6225961538461539 0.3629807692307694 0.6225961538461539 0.42067307692307704 0.7427884615384616 0.42067307692307704
0 0.6610576923076923 0.4110576923076924 0.46634615384615385 0.4110576923076923 0.46634615384615385 0.4711538461538462 0.6610576923076923 0.4711538461538463
0 0.8846153846153846 0.43509615384615397 0.6971153846153846 0.43509615384615397 0.6971153846153846 0.4951923076923078 0.8846153846153846 0.4951923076923078
0 0.8461538461538461 0.49038461538461553 0.6033653846153846 0.49038461538461553 0.6033653846153846 0.5480769230769232 0.8461538461538461 0.5480769230769232
0 0.9134615384615384 0.22836538461538472 0.7764423076923077 0.2283653846153847 0.7764423076923077 0.3076923076923078 0.9134615384615384 0.3076923076923078
0 0.8653846153846154 0.30048076923076933 0.7884615384615384 0.3004807692307693 0.7884615384615384 0.3509615384615386 0.8653846153846154 0.3509615384615386
0 0.4639423076923077 0.4951923076923077 0.34375 0.4951923076923077 0.34375 0.5456730769230769 0.4639423076923077 0.5456730769230769
0 0.5264423076923078 0.7668269230769231 0.3076923076923078 0.7668269230769231 0.3076923076923078 0.8173076923076923 0.5264423076923078 0.8173076923076923
0 0.5721153846153848 0.7091346153846154 0.4326923076923078 0.7091346153846154 0.4326923076923078 0.7572115384615384 0.5721153846153848 0.7572115384615384
0 0.5504807692307694 0.65625 0.49038461538461553 0.65625 0.49038461538461553 0.7019230769230769 0.5504807692307694 0.7019230769230769
0 0.591346153846154 0.5649038461538463 0.5408653846153848 0.5649038461538461 0.5408653846153848 0.6105769230769231 0.591346153846154 0.6105769230769232
0 0.6610576923076923 0.5889423076923078 0.605769230769231 0.5889423076923078 0.605769230769231 0.6201923076923077 0.6610576923076923 0.6201923076923077
0 0.810546875 0.5676083317307693 0.585694239390035 0.5534443878688845 0.582293207355576 0.6074357778517198 0.8071458429655411 0.6215997217136047
0 0.8502140726396956 0.6458877226183086 0.6962179536026524 0.6065695643603759 0.6809648184629569 0.6663110100112983 0.8349609375000001 0.7056291682692309