2 0.9951176346153846 1.063107004706661e-16 0.06250000000000001 4.920434041766077e-17 0.06250000000000007 0.9478340408653847 0.9951176346153846 0.9478340408653847
0 0.9639423076923077 1.1569379616944948e-16 0.9254807692307693 1.1333870617108918e-16 0.9254807692307693 0.09615384615384626 0.9639423076923077 0.09615384615384626
0 0.9302884615384616 1.1098361617272888e-16 0.8822115384615384 1.0803975367477851e-16 0.8822115384615384 0.10576923076923087 0.9302884615384616 0.10576923076923087
0 0.96875 0.2355769230769232 0.8966346153846154 0.2355769230769232 0.8966346153846154 0.5144230769230771 0.96875 0.5144230769230771
0 0.8028846153846154 0.05048076923076932 0.7259615384615384 0.050480769230769315 0.7259615384615384 0.3004807692307693 0.8028846153846154 0.3004807692307693
0 0.6971153846153846 0.033653846153846236 0.6201923076923077 0.03365384615384623 0.6201923076923077 0.29326923076923084 0.6971153846153846 0.29326923076923084
0 0.49278846153846156 0.35336538461538464 0.42788461538461536 0.35336538461538464 0.42788461538461536 0.5120192307692307 0.49278846153846156 0.5120192307692307
0 0.5408653846153848 0.6177884615384616 0.48317307692307704 0.6177884615384616 0.48317307692307704 0.8028846153846154 0.5408653846153848 0.8028846153846154
0 0.8533653846153846 0.6009615384615385 0.7860576923076923 0.6009615384615385 0.7860576923076923 0.7427884615384616 0.8533653846153846 0.7427884615384616
0 0.6466346153846154 0.45432692307692313 0.5504807692307693 0.4543269230769231 0.5504807692307693 0.6057692307692308 0.6466346153846154 0.605769230769231
0 0.6081730769230771 0.6225961538461539 0.5552884615384617 0.6225961538461539 0.5552884615384617 0.75 0.6081730769230771 0.75
0 0.6514423076923077 0.7788461538461539 0.5985576923076924 0.7788461538461539 0.5985576923076924 0.8653846153846154 0.6514423076923077 0.8653846153846154
0 0.7379807692307693 0.7572115384615384 0.6706730769230769 0.7572115384615384 0.6706730769230769 0.8966346153846154 0.7379807692307693 0.8966346153846154
0 0.8245192307692307 0.7572115384615384 0.7716346153846154 0.7572115384615384 0.7716346153846154 0.8822115384615384 0.8245192307692307 0.8822115384615384
0 0.9230769230769231 0.7163461538461539 0.8701923076923077 0.7163461538461539 0.8701923076923077 0.8052884615384616 0.9230769230769231 0.8052884615384616
0 0.8509615384615384 0.4447115384615386 0.7788461538461539 0.4447115384615386 0.7788461538461539 0.560096153846154 0.8509615384615384 0.560096153846154
0 0.38461538461538464 0.20432692307692316 0.3125 0.20432692307692316 0.3125 0.5288461538461539 0.38461538461538464 0.5288461538461539
0 0.3269230769230769 0.16346153846153852 0.28846153846153844 0.16346153846153852 0.28846153846153844 0.21394230769230776 0.3269230769230769 0.21394230769230776
0 0.3173076923076923 0.21875000000000003 0.2692307692307692 0.21875 0.2692307692307692 0.2692307692307693 0.3173076923076923 0.2692307692307693
0 0.295673076923077 0.3293269230769231 0.2524038461538462 0.3293269230769231 0.2524038461538462 0.4182692307692308 0.295673076923077 0.4182692307692308
0 0.2548076923076924 0.3317307692307692 0.20432692307692316 0.3317307692307692 0.20432692307692316 0.45913461538461536 0.2548076923076924 0.45913461538461536
0 0.21875000000000006 0.40865384615384615 0.16826923076923084 0.40865384615384615 0.16826923076923084 0.46634615384615385 0.21875000000000006 0.46634615384615385
0 0.1490384615384616 0.3605769230769231 0.08173076923076926 0.3605769230769231 0.08173076923076929 0.4495192307692308 0.14903846153846162 0.4495192307692308
0 0.13942307692307698 0.4807692307692308 0.0817307692307693 0.4807692307692308 0.0817307692307693 0.6778846153846154 0.13942307692307698 0.6778846153846154
0 0.19711538461538472 0.7524038461538461 0.1250000000000001 0.7524038461538461 0.1250000000000001 0.9375 0.19711538461538475 0.9375
0 0.3100961538461539 0.5432692307692307 0.26682692307692313 0.5432692307692307 0.26682692307692313 0.6442307692307693 0.31009615384615397 0.6442307692307693
0 0.1971153846153847 0.49759615384615385 0.14903846153846162 0.49759615384615385 0.14903846153846162 0.6225961538461539 0.1971153846153847 0.6225961538461539
0 0.4687500000000001 0.6370192307692307 0.4086538461538463 0.6370192307692307 0.4086538461538463 0.8725961538461539 0.4687500000000001 0.8725961538461539
0 0.5649038461538463 0.8365384615384616 0.5216346153846155 0.8365384615384616 0.5216346153846155 0.9038461538461539 0.5649038461538463 0.9038461538461539
0 0.5096153846153848 0.8052884615384616 0.47355769230769246 0.8052884615384616 0.47355769230769246 0.8557692307692307 0.5096153846153848 0.8557692307692307
0 0.4927884615384617 0.8557692307692307 0.4495192307692309 0.8557692307692307 0.4495192307692309 0.9182692307692307 0.4927884615384617 0.9182692307692307
0 0.5721153846153846 0.05769230769230775 0.46634615384615385 0.057692307692307744 0.46634615384615385 0.26201923076923084 0.5721153846153846 0.26201923076923084
0 0.4062500000000001 0.5817307692307693 0.3557692307692309 0.5817307692307693 0.3557692307692309 0.6514423076923077 0.4062500000000001 0.6514423076923077
0 0.3822115384615386 0.6538461538461539 0.32932692307692324 0.6538461538461539 0.32932692307692324 0.7283653846153846 0.3822115384615386 0.7283653846153846
0 0.3461538461538463 0.7644230769230769 0.28846153846153855 0.7644230769230769 0.28846153846153855 0.8149038461538461 0.3461538461538463 0.8149038461538461
0 0.3149038461538463 0.8149038461538461 0.2524038461538462 0.8149038461538461 0.25240384615384626 0.90625 0.3149038461538463 0.90625
0 0.4092057199267828 0.6469422349128172 0.37375259958635715 0.6420186121617069 0.34495192307692324 0.8494012451923078 0.3804050434173488 0.8543248679434181