2 1.0062965868452378 0.9995502461837481 0.9320338079070609 -0.040134176840488915 0.0061589999999999995 0.02599938701923077 0.08042177893817702 1.0656838100434678
0 0.08894230769230771 0.04807692307692309 0.040865384615384616 0.04807692307692308 0.04086538461538462 0.16105769230769232 0.08894230769230772 0.16105769230769232
0 0.1322115384615385 0.050480769230769246 0.07451923076923077 0.050480769230769246 0.07451923076923078 0.17067307692307693 0.1322115384615385 0.17067307692307693
0 0.1538461538461539 0.2980769230769231 0.05769230769230772 0.2980769230769231 0.057692307692307744 0.5769230769230769 0.1538461538461539 0.5769230769230769
0 0.30528846153846156 0.11538461538461542 0.20673076923076922 0.11538461538461542 0.20673076923076927 0.36538461538461536 0.3052884615384616 0.36538461538461536
0 0.40865384615384615 0.09855769230769235 0.31009615384615385 0.09855769230769235 0.31009615384615385 0.3581730769230769 0.40865384615384615 0.3581730769230769
0 0.6201923076923077 0.41826923076923084 0.5408653846153846 0.4182692307692308 0.5408653846153847 0.5745192307692308 0.6201923076923077 0.574519230769231
0 0.5889423076923078 0.6802884615384616 0.5168269230769232 0.6802884615384616 0.5168269230769232 0.8677884615384616 0.5889423076923078 0.8677884615384616
0 0.2836538461538462 0.6634615384615384 0.20432692307692316 0.6634615384615384 0.20432692307692316 0.8052884615384616 0.2836538461538462 0.8052884615384616
0 0.5072115384615385 0.5192307692307693 0.39903846153846156 0.5192307692307693 0.3990384615384616 0.6706730769230769 0.5072115384615385 0.6706730769230769
0 0.5144230769230771 0.6850961538461539 0.45192307692307704 0.6850961538461539 0.45192307692307704 0.8149038461538461 0.5144230769230771 0.8149038461538461
0 0.4807692307692309 0.84375 0.42067307692307704 0.84375 0.42067307692307704 0.9278846153846154 0.4807692307692309 0.9278846153846154
0 0.41105769230769246 0.8221153846153846 0.3317307692307694 0.8221153846153846 0.3317307692307694 0.9615384615384616 0.41105769230769246 0.9615384615384616
0 0.31009615384615397 0.8221153846153846 0.2475961538461539 0.8221153846153846 0.24759615384615394 0.9471153846153846 0.31009615384615397 0.9471153846153846
0 0.20432692307692318 0.78125 0.14423076923076933 0.78125 0.14423076923076933 0.8677884615384616 0.2043269230769232 0.8677884615384616
0 0.27644230769230776 0.5096153846153846 0.19471153846153852 0.5096153846153846 0.19471153846153852 0.6225961538461539 0.27644230769230776 0.6225961538461539
0 0.7355769230769231 0.2692307692307693 0.6346153846153846 0.2692307692307693 0.6346153846153846 0.5937500000000001 0.7355769230769231 0.5937500000000001
0 0.7331730769230769 0.2283653846153847 0.6899038461538461 0.2283653846153847 0.6899038461538461 0.2788461538461539 0.7331730769230769 0.2788461538461539
0 0.7572115384615384 0.28125000000000006 0.7043269230769231 0.28125000000000006 0.7043269230769231 0.33413461538461553 0.7572115384615384 0.33413461538461553
0 0.7860576923076923 0.39182692307692324 0.7355769230769231 0.39182692307692324 0.7355769230769231 0.4807692307692309 0.7860576923076923 0.4807692307692309
0 0.8389423076923077 0.3942307692307694 0.7764423076923077 0.3942307692307694 0.7764423076923077 0.5240384615384617 0.8389423076923077 0.5240384615384617
0 0.875 0.4711538461538463 0.8197115384615384 0.4711538461538463 0.8197115384615384 0.5312500000000001 0.875 0.5312500000000001
0 0.9591346153846154 0.42307692307692324 0.8846153846153846 0.42307692307692324 0.8846153846153846 0.5144230769230771 0.9591346153846154 0.5144230769230771
0 0.9783653846153846 0.5456730769230771 0.9038461538461539 0.5456730769230771 0.9038461538461539 0.7403846153846154 0.9783653846153846 0.7403846153846154
0 0.9567307692307693 0.8149038461538461 0.8701923076923077 0.8149038461538461 0.8701923076923077 1 0.9567307692307693 1
0 0.7932692307692307 0.605769230769231 0.7403846153846154 0.605769230769231 0.7403846153846154 0.7091346153846154 0.7932692307692307 0.7091346153846154
0 0.90625 0.5625000000000001 0.8485576923076923 0.5625000000000001 0.8485576923076923 0.6850961538461539 0.90625 0.6850961538461539
0 0.6706730769230769 0.7019230769230769 0.591346153846154 0.7019230769230769 0.591346153846154 0.9350961538461539 0.6706730769230769 0.9350961538461539
0 0.560096153846154 0.9014423076923077 0.512019230769231 0.9014423076923077 0.512019230769231 0.9663461538461539 0.560096153846154 0.9663461538461539
0 0.6033653846153848 0.8701923076923077 0.5625000000000001 0.8701923076923077 0.5625000000000001 0.9206730769230769 0.6033653846153848 0.9206730769230769
0 0.6346153846153846 0.9206730769230769 0.5865384615384617 0.9206730769230769 0.5865384615384617 0.9807692307692307 0.6346153846153846 0.9807692307692307
0 0.5600961538461539 0.12259615384615391 0.43509615384615385 0.12259615384615391 0.43509615384615385 0.326923076923077 0.5600961538461539 0.32692307692307704
0 0.7043269230769231 0.6466346153846154 0.6490384615384616 0.6466346153846154 0.6490384615384616 0.7139423076923077 0.7043269230769231 0.7139423076923077
0 0.7379807692307693 0.71875 0.6778846153846154 0.71875 0.6778846153846154 0.7908653846153846 0.7379807692307693 0.7908653846153846
0 0.7836538461538461 0.8269230769230769 0.7235576923076923 0.8269230769230769 0.7235576923076923 0.8798076923076923 0.7836538461538461 0.8798076923076923
0 0.8293269230769231 0.8798076923076923 0.7596153846153846 0.8798076923076923 0.7596153846153846 0.96875 0.8293269230769231 0.96875
0 0.7312950384615384 0.91348415625 0.6797452115384615 0.7067755192307694 0.6459021267041158 0.7152154431299882 0.6974519536271928 0.9219240801492188