2 0.9527215623358154 0.9242242881803986 0.9380792958451922 -0.0103869468959283 0.0257490625 0.00390625 0.04039132899062311 0.9385174850763268
0 0.15625 0.03605769230769232 0.04567307692307692 0.03605769230769232 0.045673076923076934 0.07451923076923078 0.15625 0.07451923076923078
0 0.16346153846153846 0.06971153846153846 0.04807692307692308 0.06971153846153846 0.04807692307692309 0.11778846153846155 0.16346153846153846 0.11778846153846158
0 0.5721153846153846 0.03125000000000005 0.2956730769230769 0.031250000000000035 0.2956730769230769 0.10336538461538466 0.5721153846153846 0.10336538461538468
0 0.3485576923076923 0.19711538461538464 0.10336538461538465 0.1971153846153846 0.10336538461538465 0.2764423076923077 0.3485576923076923 0.27644230769230776
0 0.33413461538461536 0.3028846153846154 0.07692307692307696 0.30288461538461536 0.07692307692307696 0.3798076923076923 0.33413461538461536 0.3798076923076923
0 0.5384615384615385 0.5096153846153846 0.38461538461538464 0.5096153846153846 0.3846153846153847 0.5745192307692307 0.5384615384615385 0.5745192307692307
0 0.8341346153846154 0.45913461538461553 0.6514423076923077 0.45913461538461553 0.6514423076923077 0.5168269230769232 0.8341346153846154 0.5168269230769232
0 0.7932692307692307 0.14663461538461547 0.65625 0.14663461538461545 0.65625 0.21394230769230776 0.7932692307692307 0.21394230769230776
0 0.6418269230769231 0.3533653846153847 0.4951923076923077 0.35336538461538464 0.4951923076923077 0.451923076923077 0.6418269230769231 0.45192307692307704
0 0.7860576923076923 0.3942307692307694 0.6610576923076923 0.3942307692307694 0.6610576923076923 0.44711538461538475 0.7860576923076923 0.44711538461538475
0 0.9038461538461539 0.34855769230769246 0.8221153846153846 0.34855769230769246 0.8221153846153846 0.4014423076923078 0.9038461538461539 0.4014423076923078
0 0.9399038461538461 0.2620192307692309 0.8052884615384616 0.26201923076923084 0.8052884615384616 0.32932692307692324 0.9399038461538461 0.32932692307692324
0 0.9326923076923077 0.17548076923076933 0.8100961538461539 0.1754807692307693 0.8100961538461539 0.23076923076923087 0.9326923076923077 0.2307692307692309
0 0.8605769230769231 0.07692307692307702 0.7764423076923077 0.07692307692307702 0.7764423076923077 0.1298076923076924 0.8605769230769231 0.1298076923076924
0 0.6105769230769231 0.15144230769230776 0.49759615384615385 0.15144230769230776 0.49759615384615385 0.22115384615384623 0.6105769230769231 0.22115384615384623
0 0.5504807692307694 0.6153846153846154 0.23076923076923084 0.6153846153846154 0.23076923076923084 0.6875 0.5504807692307694 0.6875
0 0.23317307692307698 0.6730769230769231 0.1850961538461539 0.6730769230769231 0.1850961538461539 0.7139423076923077 0.23317307692307698 0.7139423076923077
0 0.2860576923076924 0.6850961538461539 0.2379807692307693 0.6850961538461539 0.2379807692307693 0.7331730769230769 0.2860576923076924 0.7331730769230769
0 0.43509615384615397 0.7043269230769231 0.34855769230769246 0.7043269230769231 0.34855769230769246 0.7475961538461539 0.43509615384615397 0.7475961538461539
0 0.47355769230769246 0.7475961538461539 0.34855769230769246 0.7475961538461539 0.34855769230769246 0.7980769230769231 0.47355769230769246 0.7980769230769231
0 0.47836538461538475 0.7836538461538461 0.42307692307692324 0.7836538461538461 0.42307692307692324 0.8341346153846154 0.47836538461538475 0.8341346153846154
0 0.4567307692307694 0.8533653846153846 0.3701923076923078 0.8533653846153846 0.3701923076923078 0.9206730769230769 0.4567307692307694 0.9206730769230769
0 0.6826923076923077 0.8605769230769231 0.49038461538461553 0.8605769230769231 0.49038461538461553 0.9182692307692307 0.6826923076923077 0.9182692307692307
0 0.9447115384615384 0.8028846153846154 0.7644230769230769 0.8028846153846154 0.7644230769230769 0.875 0.9447115384615384 0.875
0 0.6610576923076923 0.6923076923076923 0.5625000000000001 0.6923076923076923 0.5625000000000001 0.7331730769230769 0.6610576923076923 0.7331730769230769
0 0.6322115384615384 0.8028846153846154 0.5096153846153848 0.8028846153846154 0.5096153846153848 0.8509615384615384 0.6322115384615384 0.8509615384615384
0 0.8990384615384616 0.5336538461538463 0.6682692307692307 0.5336538461538463 0.6682692307692307 0.5937500000000001 0.8990384615384616 0.5937500000000001
0 0.9375 0.43509615384615397 0.875 0.43509615384615397 0.875 0.47836538461538475 0.9375 0.47836538461538475
0 0.8870192307692307 0.49038461538461553 0.8365384615384616 0.49038461538461553 0.8365384615384616 0.5264423076923078 0.8870192307692307 0.5264423076923078
0 0.9447115384615384 0.5096153846153848 0.8894230769230769 0.5096153846153848 0.8894230769230769 0.5504807692307694 0.9447115384615384 0.5504807692307694
0 0.29326923076923084 0.42788461538461536 0.09375000000000007 0.42788461538461536 0.09375000000000007 0.5336538461538461 0.29326923076923084 0.5336538461538461
0 0.6730769230769231 0.5961538461538463 0.6081730769230771 0.5961538461538463 0.6081730769230771 0.6466346153846154 0.6730769230769231 0.6466346153846154
0 0.75 0.6201923076923077 0.6802884615384616 0.6201923076923077 0.6802884615384616 0.6706730769230769 0.75 0.6706730769230769
0 0.8341346153846154 0.6538461538461539 0.7860576923076923 0.6538461538461539 0.7860576923076923 0.7115384615384616 0.8341346153846154 0.7115384615384616
0 0.9230769230769231 0.6850961538461539 0.8365384615384616 0.6850961538461539 0.8365384615384616 0.75 0.9230769230769231 0.75
0 0.8765175025074606 0.6192888094400787 0.6712795819455776 0.5905300414175695 0.6662688486688861 0.6262893089005678 0.8715067692307692 0.6550480769230769