2 1 0.024038461538461602 0.08413461538461539 0.024038461538461547 0.08413461538461545 1 1 1
0 0.9495192307692307 0.08413461538461549 0.8485576923076923 0.08413461538461549 0.8485576923076923 0.23317307692307707 0.9495192307692307 0.23317307692307707
0 0.8173076923076923 0.11538461538461549 0.7163461538461539 0.11538461538461549 0.7163461538461539 0.35817307692307704 0.8173076923076923 0.35817307692307704
0 0.7091346153846154 0.06730769230769239 0.6105769230769231 0.06730769230769237 0.6105769230769231 0.31730769230769246 0.7091346153846154 0.31730769230769246
0 0.5793269230769231 0.06250000000000006 0.47115384615384615 0.06250000000000006 0.47115384615384615 0.26201923076923084 0.5793269230769231 0.26201923076923084
0 0.44711538461538464 0.17788461538461545 0.3389423076923077 0.17788461538461545 0.3389423076923077 0.4951923076923077 0.44711538461538464 0.4951923076923077
0 0.35096153846153844 0.10817307692307696 0.2860576923076923 0.10817307692307696 0.2860576923076923 0.22115384615384623 0.35096153846153844 0.22115384615384623
0 0.34134615384615385 0.26682692307692313 0.2980769230769231 0.26682692307692313 0.29807692307692313 0.3485576923076923 0.34134615384615385 0.3485576923076923
0 0.3028846153846154 0.25961538461538464 0.24519230769230768 0.25961538461538464 0.24519230769230774 0.40625 0.3028846153846155 0.40625
0 0.1995192307692308 0.2644230769230769 0.12980769230769235 0.2644230769230769 0.12980769230769235 0.35096153846153844 0.19951923076923084 0.35096153846153844
0 0.21153846153846162 0.37740384615384615 0.1418269230769231 0.37740384615384615 0.14182692307692313 0.5817307692307693 0.21153846153846162 0.5817307692307693
0 0.3076923076923078 0.6586538461538461 0.2283653846153847 0.6586538461538461 0.22836538461538472 0.8894230769230769 0.3076923076923078 0.8894230769230769
0 1 0.3557692307692309 0.8918269230769231 0.3557692307692309 0.8918269230769231 0.6394230769230769 1 0.6394230769230769
0 0.8966346153846154 0.5408653846153848 0.8149038461538461 0.5408653846153848 0.8149038461538461 0.6778846153846154 0.8966346153846154 0.6778846153846154
0 1 0.8004807692307693 0.9495192307692307 0.8004807692307693 0.9495192307692307 0.9230769230769231 1 0.9230769230769231
0 0.9134615384615384 0.84375 0.8581730769230769 0.84375 0.8581730769230769 0.9663461538461539 0.9134615384615384 0.9663461538461539
0 0.9254807692307693 0.6802884615384616 0.8605769230769231 0.6802884615384616 0.8605769230769231 0.8317307692307693 0.9254807692307693 0.8317307692307693
0 0.6947115384615384 0.4807692307692309 0.6081730769230769 0.4807692307692309 0.608173076923077 0.6201923076923077 0.6947115384615384 0.6201923076923077
0 0.6850961538461539 0.6538461538461539 0.6201923076923077 0.6538461538461539 0.6201923076923077 0.7764423076923077 0.6850961538461539 0.7764423076923077
0 0.6322115384615384 0.49519230769230776 0.5576923076923077 0.4951923076923077 0.5576923076923077 0.6899038461538461 0.6322115384615384 0.6899038461538461
0 0.6201923076923077 0.7235576923076923 0.5504807692307694 0.7235576923076923 0.5504807692307694 0.9134615384615384 0.6201923076923077 0.9134615384615384
0 0.5649038461538463 0.625 0.49038461538461553 0.625 0.49038461538461553 0.8725961538461539 0.5649038461538463 0.8725961538461539
0 0.8293269230769231 0.8125 0.7427884615384616 0.8125 0.7427884615384616 0.9543269230769231 0.8293269230769231 0.9543269230769231
0 0.7572115384615384 0.8221153846153846 0.7019230769230769 0.8221153846153846 0.7019230769230769 0.9014423076923077 0.7572115384615384 0.9014423076923077
0 0.5336538461538461 0.36778846153846156 0.47596153846153844 0.36778846153846156 0.47596153846153844 0.49038461538461536 0.5336538461538461 0.49038461538461536
0 0.2692307692307693 0.3173076923076923 0.20432692307692316 0.3173076923076923 0.20432692307692316 0.5408653846153846 0.2692307692307693 0.5408653846153846
0 0.326923076923077 0.44471153846153844 0.2716346153846155 0.44471153846153844 0.2716346153846155 0.5865384615384616 0.32692307692307704 0.5865384615384616
0 0.3798076923076924 0.5048076923076923 0.3317307692307692 0.5048076923076923 0.3317307692307693 0.5697115384615384 0.37980769230769246 0.5697115384615384
0 0.47355769230769246 0.5600961538461539 0.42307692307692324 0.5600961538461539 0.42307692307692324 0.6153846153846154 0.47355769230769246 0.6153846153846154
0 0.45432692307692324 0.625 0.42067307692307704 0.625 0.42067307692307704 0.6826923076923077 0.45432692307692324 0.6826923076923077
0 0.48433387259615385 0.8332075625 0.4840858025563825 0.6065370038233808 0.42988334779656334 0.6065963234155964 0.4301314178363347 0.8332668820922157
0 0.454257958279296 0.7223139839352203 0.3937672026582672 0.7034255275566849 0.3478775600961539 0.8503882596153844 0.4083683157171827 0.86927671599392