2 0.9832313187453265 0.9544474528690606 0.9342064609415875 -0.015050056575362462 0.008853024038461539 0.03174255528846154 0.05787788184220055 1.0012400647328845
0 0.7331730769230769 0.16346153846153852 0.6322115384615384 0.16346153846153852 0.6322115384615384 0.25721153846153855 0.7331730769230769 0.25721153846153855
0 0.2163461538461539 0.30288461538461536 0.11057692307692311 0.30288461538461536 0.11057692307692311 0.3557692307692308 0.2163461538461539 0.3557692307692308
0 0.41586538461538464 0.09855769230769235 0.3485576923076923 0.09855769230769235 0.3485576923076923 0.16826923076923084 0.41586538461538464 0.16826923076923084
0 0.25721153846153844 0.22596153846153846 0.16105769230769232 0.22596153846153846 0.16105769230769232 0.2692307692307692 0.25721153846153844 0.2692307692307692
0 0.32211538461538464 0.264423076923077 0.22115384615384615 0.2644230769230769 0.2211538461538462 0.31490384615384615 0.32211538461538464 0.31490384615384615
0 0.7788461538461539 0.36538461538461553 0.6514423076923077 0.36538461538461553 0.6514423076923077 0.41105769230769246 0.7788461538461539 0.41105769230769246
0 0.8629807692307693 0.4086538461538463 0.6514423076923077 0.4086538461538463 0.6514423076923077 0.4639423076923078 0.8629807692307693 0.4639423076923078
0 0.7668269230769231 0.45913461538461553 0.65625 0.45913461538461553 0.65625 0.5096153846153848 0.7668269230769231 0.5096153846153848
0 0.24278846153846162 0.35096153846153844 0.12259615384615388 0.35096153846153844 0.12259615384615388 0.3870192307692308 0.24278846153846162 0.3870192307692308
0 0.26682692307692313 0.3798076923076923 0.12019230769230772 0.3798076923076923 0.12019230769230772 0.4182692307692308 0.26682692307692313 0.4182692307692308
0 0.29807692307692313 0.41586538461538464 0.11298076923076926 0.41586538461538464 0.11298076923076929 0.46875 0.29807692307692313 0.46875
0 0.25000000000000006 0.46153846153846156 0.12980769230769237 0.46153846153846156 0.12980769230769237 0.5072115384615384 0.25000000000000006 0.5072115384615384
0 0.5240384615384616 0.4375 0.37740384615384615 0.4375 0.37740384615384615 0.4879807692307692 0.5240384615384616 0.4879807692307692
0 0.6009615384615384 0.49519230769230776 0.39903846153846156 0.4951923076923077 0.39903846153846156 0.5504807692307693 0.6009615384615384 0.5504807692307694
0 0.7283653846153846 0.5216346153846155 0.6682692307692307 0.5216346153846155 0.6682692307692307 0.5817307692307694 0.7283653846153846 0.5817307692307694
0 0.7980769230769231 0.5312500000000001 0.7355769230769231 0.5312500000000001 0.7355769230769231 0.5769230769230771 0.7980769230769231 0.5769230769230771
0 0.875 0.5048076923076924 0.8221153846153846 0.5048076923076924 0.8221153846153846 0.5360576923076924 0.875 0.5360576923076924
0 0.9326923076923077 0.5360576923076924 0.8365384615384616 0.5360576923076924 0.8365384615384616 0.5673076923076924 0.9326923076923077 0.5673076923076924
0 0.9326923076923077 0.5625000000000001 0.8173076923076923 0.5625000000000001 0.8173076923076923 0.6033653846153848 0.9326923076923077 0.6033653846153848
0 0.31250000000000006 0.5432692307692307 0.1971153846153847 0.5432692307692307 0.1971153846153847 0.5769230769230769 0.3125000000000001 0.5769230769230769
0 0.31730769230769246 0.5697115384615384 0.2163461538461539 0.5697115384615384 0.2163461538461539 0.6033653846153846 0.31730769230769246 0.6033653846153846
0 0.38701923076923084 0.5576923076923077 0.3269230769230769 0.5576923076923077 0.326923076923077 0.5889423076923077 0.3870192307692309 0.5889423076923077
0 0.4062500000000001 0.6009615384615384 0.3365384615384617 0.6009615384615384 0.3365384615384617 0.6346153846153846 0.4062500000000001 0.6346153846153846
0 0.3076923076923078 0.6057692307692307 0.2163461538461539 0.6057692307692307 0.2163461538461539 0.6442307692307693 0.3076923076923078 0.6442307692307693
0 0.3461538461538463 0.6514423076923077 0.2596153846153847 0.6514423076923077 0.2596153846153847 0.6850961538461539 0.3461538461538463 0.6850961538461539
0 0.4711538461538463 0.6394230769230769 0.42307692307692324 0.6394230769230769 0.42307692307692324 0.6778846153846154 0.4711538461538463 0.6778846153846154
0 0.41105769230769246 0.6538461538461539 0.35817307692307704 0.6538461538461539 0.35817307692307704 0.6875 0.41105769230769246 0.6875
0 0.543269230769231 0.6298076923076923 0.49038461538461553 0.6298076923076923 0.49038461538461553 0.6682692307692307 0.543269230769231 0.6682692307692307
0 0.6129807692307694 0.6394230769230769 0.5673076923076924 0.6394230769230769 0.5673076923076924 0.6754807692307693 0.6129807692307694 0.6754807692307693
0 0.6947115384615384 0.6298076923076923 0.6370192307692307 0.6298076923076923 0.6370192307692307 0.6658653846153846 0.6947115384615384 0.6658653846153846
0 0.7764423076923077 0.6153846153846154 0.6899038461538461 0.6153846153846154 0.6899038461538461 0.6658653846153846 0.7764423076923077 0.6658653846153846
0 0.8461538461538461 0.6177884615384616 0.7836538461538461 0.6177884615384616 0.7836538461538461 0.6490384615384616 0.8461538461538461 0.6490384615384616
0 0.9182692307692307 0.6153846153846154 0.8509615384615384 0.6153846153846154 0.8509615384615384 0.6514423076923077 0.9182692307692307 0.6514423076923077
0 0.9110576923076923 0.6538461538461539 0.8461538461538461 0.6538461538461539 0.8461538461538461 0.7235576923076923 0.9110576923076923 0.7235576923076923
0 0.25721153846153855 0.6658653846153846 0.1129807692307693 0.6658653846153846 0.11298076923076932 0.7115384615384616 0.25721153846153855 0.7115384615384616
0 0.24519230769230776 0.7043269230769231 0.12019230769230779 0.7043269230769231 0.12019230769230779 0.7403846153846154 0.24519230769230776 0.7403846153846154
0 0.32932692307692324 0.7980769230769231 0.24038461538461545 0.7980769230769231 0.24038461538461547 0.8557692307692307 0.32932692307692324 0.8557692307692307
0 0.35817307692307704 0.8509615384615384 0.247596153846154 0.8509615384615384 0.247596153846154 0.8894230769230769 0.35817307692307704 0.8894230769230769
0 0.32211538461538475 0.8870192307692307 0.25961538461538475 0.8870192307692307 0.25961538461538475 0.9182692307692307 0.32211538461538475 0.9182692307692307
0 0.3701923076923078 0.9182692307692307 0.27163461538461553 0.9182692307692307 0.27163461538461553 0.9519230769230769 0.3701923076923078 0.9519230769230769
0 0.45913461538461553 0.7980769230769231 0.35817307692307704 0.7980769230769231 0.35817307692307704 0.8293269230769231 0.45913461538461553 0.8293269230769231
0 0.42788461538461553 0.8245192307692307 0.3774038461538463 0.8245192307692307 0.3774038461538463 0.8533653846153846 0.42788461538461553 0.8533653846153846
0 0.4399038461538463 0.8461538461538461 0.35336538461538475 0.8461538461538461 0.35336538461538475 0.8725961538461539 0.4399038461538463 0.8725961538461539
0 0.4182692307692309 0.8677884615384616 0.36057692307692324 0.8677884615384616 0.36057692307692324 0.8942307692307693 0.4182692307692309 0.8942307692307693
0 0.6850961538461539 0.9182692307692307 0.49759615384615397 0.9182692307692307 0.49759615384615397 0.9711538461538461 0.6850961538461539 0.9711538461538461
0 0.42067307692307704 0.9447115384615384 0.26682692307692324 0.9447115384615384 0.26682692307692324 0.9855769230769231 0.42067307692307704 0.9855769230769231
0 0.6229799350961537 0.843422891826923 0.6187822498477596 0.810887404525945 0.4845333852356038 0.8282080142768606 0.488731070483998 0.8607435015778386
0 0.7138964711538461 0.8539494711538461 0.7091056805910717 0.8245378082956852 0.47971255559107173 0.8619030679110699 0.4845033461538462 0.8913147307692307
0 0.6596265240384616 0.8996694278846153 0.6542361033653846 0.8681083389423077 0.4958421115685245 0.8951609621719337 0.5012325322416014 0.9267220511142414