2 1.0031748689607545 0.9563821034579431 0.985867477104988 -0.0018930954466433937 0.0028937484066785305 0.01586037613015725 0.020201140262445037 0.9741355750347437
0 0.6225961538461539 0.076923076923077 0.5576923076923077 0.076923076923077 0.5576923076923077 0.14182692307692316 0.6225961538461539 0.14182692307692316
0 0.3557692307692308 0.1730769230769231 0.21875 0.17307692307692307 0.21875 0.2620192307692308 0.3557692307692308 0.26201923076923084
0 0.8269230769230769 0.18028846153846162 0.7211538461538461 0.18028846153846162 0.7211538461538461 0.2283653846153847 0.8269230769230769 0.2283653846153847
0 0.7764423076923077 0.22355769230769237 0.6658653846153846 0.22355769230769237 0.6658653846153846 0.27644230769230776 0.7764423076923077 0.27644230769230776
0 0.8894230769230769 0.26442307692307704 0.7764423076923077 0.264423076923077 0.7764423076923077 0.3052884615384616 0.8894230769230769 0.3052884615384617
0 0.8846153846153846 0.3028846153846155 0.75 0.3028846153846155 0.75 0.34134615384615397 0.8846153846153846 0.34134615384615397
0 0.8870192307692307 0.33413461538461553 0.7307692307692307 0.33413461538461553 0.7307692307692307 0.3750000000000001 0.8870192307692307 0.3750000000000001
0 0.8942307692307693 0.3701923076923078 0.7235576923076923 0.3701923076923078 0.7235576923076923 0.41586538461538475 0.8942307692307693 0.41586538461538475
0 0.8918269230769231 0.4134615384615386 0.7764423076923077 0.4134615384615386 0.7764423076923077 0.44711538461538475 0.8918269230769231 0.44711538461538475
0 0.8798076923076923 0.44711538461538475 0.7139423076923077 0.44711538461538475 0.7139423076923077 0.48317307692307704 0.8798076923076923 0.48317307692307704
0 0.6418269230769231 0.40625000000000006 0.5024038461538461 0.40625 0.5024038461538461 0.4615384615384616 0.6418269230769231 0.4615384615384617
0 0.6490384615384616 0.46394230769230776 0.4326923076923077 0.4639423076923077 0.4326923076923077 0.528846153846154 0.6490384615384616 0.528846153846154
0 0.8365384615384616 0.4927884615384617 0.7259615384615384 0.4927884615384617 0.7259615384615384 0.5264423076923078 0.8365384615384616 0.5264423076923078
0 0.7139423076923077 0.5144230769230771 0.6610576923076923 0.5144230769230771 0.6610576923076923 0.5504807692307694 0.7139423076923077 0.5504807692307694
0 0.8269230769230769 0.5216346153846155 0.7572115384615384 0.5216346153846155 0.7572115384615384 0.5480769230769232 0.8269230769230769 0.5480769230769232
0 0.8293269230769231 0.5576923076923078 0.7403846153846154 0.5576923076923078 0.7403846153846154 0.5865384615384617 0.8293269230769231 0.5865384615384617
0 0.7163461538461539 0.5576923076923078 0.6418269230769231 0.5576923076923078 0.6418269230769231 0.5985576923076924 0.7163461538461539 0.5985576923076924
0 0.9399038461538461 0.6129807692307694 0.8004807692307693 0.6129807692307694 0.8004807692307693 0.6466346153846154 0.9399038461538461 0.6466346153846154
0 0.7956730769230769 0.5985576923076924 0.7163461538461539 0.5985576923076924 0.7163461538461539 0.6370192307692307 0.7956730769230769 0.6370192307692307
0 0.7043269230769231 0.6009615384615385 0.6466346153846154 0.6009615384615385 0.6466346153846154 0.6442307692307693 0.7043269230769231 0.6442307692307693
0 0.6442307692307693 0.6009615384615385 0.5889423076923078 0.6009615384615385 0.5889423076923078 0.6394230769230769 0.6442307692307693 0.6394230769230769
0 0.5697115384615385 0.5937500000000001 0.512019230769231 0.59375 0.512019230769231 0.6418269230769231 0.5697115384615385 0.6418269230769231
0 0.4879807692307694 0.6177884615384616 0.44230769230769246 0.6177884615384616 0.44230769230769246 0.6490384615384616 0.4879807692307694 0.6490384615384616
0 0.42307692307692324 0.6033653846153846 0.3677884615384617 0.6033653846153846 0.3677884615384617 0.6490384615384616 0.42307692307692324 0.6490384615384616
0 0.36057692307692324 0.6057692307692307 0.28125000000000006 0.6057692307692307 0.28125000000000006 0.6466346153846154 0.36057692307692324 0.6466346153846154
0 0.28125000000000006 0.6057692307692307 0.21153846153846162 0.6057692307692307 0.21153846153846162 0.6466346153846154 0.28125000000000006 0.6466346153846154
0 0.20913461538461545 0.6129807692307693 0.15865384615384623 0.6129807692307693 0.15865384615384623 0.6490384615384616 0.20913461538461545 0.6490384615384616
0 0.8317307692307693 0.7379807692307693 0.7524038461538461 0.7379807692307693 0.7524038461538461 0.7932692307692307 0.8317307692307693 0.7932692307692307
0 0.8461538461538461 0.7884615384615384 0.7307692307692307 0.7884615384615384 0.7307692307692307 0.8269230769230769 0.8461538461538461 0.8269230769230769
0 0.8293269230769231 0.8221153846153846 0.7740384615384616 0.8221153846153846 0.7740384615384616 0.8557692307692307 0.8293269230769231 0.8557692307692307
0 0.71875 0.75 0.6370192307692307 0.75 0.6370192307692307 0.7764423076923077 0.71875 0.7764423076923077
0 0.7211538461538461 0.7716346153846154 0.6586538461538461 0.7716346153846154 0.6586538461538461 0.7932692307692307 0.7211538461538461 0.7932692307692307
0 0.71875 0.7932692307692307 0.6466346153846154 0.7932692307692307 0.6466346153846154 0.8173076923076923 0.71875 0.8173076923076923
0 0.7259615384615384 0.8149038461538461 0.6754807692307693 0.8149038461538461 0.6754807692307693 0.8413461538461539 0.7259615384615384 0.8413461538461539
0 0.8293269230769231 0.8533653846153846 0.7307692307692307 0.8533653846153846 0.7307692307692307 0.8918269230769231 0.8293269230769231 0.8918269230769231
0 0.8197115384615384 0.8822115384615384 0.6778846153846154 0.8822115384615384 0.6778846153846154 0.9278846153846154 0.8197115384615384 0.9278846153846154
0 0.5961538461538463 0.8365384615384616 0.4399038461538463 0.8365384615384616 0.4399038461538463 0.8798076923076923 0.5961538461538463 0.8798076923076923
0 0.591346153846154 0.8870192307692307 0.4062500000000001 0.8870192307692307 0.4062500000000001 0.9278846153846154 0.591346153846154 0.9278846153846154
0 0.5985576923076924 0.7788461538461539 0.46634615384615397 0.7788461538461539 0.46634615384615397 0.8125 0.5985576923076924 0.8125
0 0.6081730769230771 0.8028846153846154 0.3750000000000001 0.8028846153846154 0.3750000000000001 0.8413461538461539 0.6081730769230771 0.8413461538461539
0 0.3774038461538462 0.5072115384615384 0.31971153846153844 0.5072115384615384 0.31971153846153855 0.5673076923076923 0.3774038461538463 0.5673076923076923
0 0.375 0.4519230769230769 0.2692307692307693 0.4519230769230769 0.2692307692307693 0.5048076923076923 0.375 0.5048076923076923
0 0.3173076923076924 0.5288461538461539 0.2379807692307693 0.5288461538461539 0.2379807692307693 0.5697115384615384 0.31730769230769246 0.5697115384615384
0 0.22355769230769237 0.5024038461538461 0.1538461538461539 0.5024038461538461 0.1538461538461539 0.5384615384615384 0.22355769230769237 0.5384615384615384
0 0.19951923076923084 0.5384615384615384 0.10336538461538468 0.5384615384615384 0.10336538461538468 0.5721153846153846 0.19951923076923084 0.5721153846153846
0 0.2283653846153847 0.5625 0.11538461538461545 0.5625 0.11538461538461545 0.6057692307692307 0.2283653846153847 0.6057692307692307
0 0.375 0.40625 0.1658653846153847 0.40625 0.1658653846153847 0.4567307692307692 0.375 0.4567307692307692
0 0.37259615384615385 0.3581730769230769 0.23557692307692316 0.3581730769230769 0.23557692307692316 0.4110576923076923 0.37259615384615385 0.4110576923076923