2 0.960178704956586 0.9772503901303284 0.9393323226032619 0.011183322662259555 0.009398495192307692 0.03125 0.030244877545631807 0.9973170674680689
0 0.7355769230769231 0.13221153846153855 0.6370192307692307 0.13221153846153852 0.6370192307692307 0.21875000000000006 0.7355769230769231 0.21875000000000006
0 0.22115384615384623 0.2956730769230769 0.11538461538461542 0.2956730769230769 0.11538461538461542 0.34375 0.22115384615384623 0.34375
0 0.4182692307692308 0.07932692307692311 0.35336538461538464 0.07932692307692311 0.35336538461538464 0.14663461538461542 0.4182692307692308 0.14663461538461542
0 0.2620192307692308 0.21634615384615385 0.1658653846153846 0.21634615384615385 0.1658653846153846 0.2548076923076923 0.2620192307692308 0.2548076923076923
0 0.3269230769230769 0.25480769230769235 0.22596153846153846 0.2548076923076923 0.2259615384615385 0.29807692307692313 0.3269230769230769 0.29807692307692313
0 0.7836538461538461 0.3317307692307694 0.6586538461538461 0.3317307692307694 0.6586538461538461 0.3701923076923078 0.7836538461538461 0.3701923076923078
0 0.8701923076923077 0.3750000000000001 0.6610576923076923 0.3750000000000001 0.6610576923076923 0.4182692307692309 0.8701923076923077 0.4182692307692309
0 0.7740384615384616 0.4254807692307694 0.6634615384615384 0.4254807692307694 0.6634615384615384 0.4687500000000001 0.7740384615384616 0.4687500000000001
0 0.25000000000000006 0.34375 0.12980769230769235 0.34375 0.12980769230769235 0.375 0.25000000000000006 0.375
0 0.2740384615384616 0.375 0.1274038461538462 0.375 0.1274038461538462 0.40625 0.2740384615384616 0.40625
0 0.3052884615384616 0.4110576923076923 0.12259615384615388 0.4110576923076923 0.1225961538461539 0.4543269230769231 0.3052884615384616 0.4543269230769231
0 0.2596153846153847 0.4543269230769231 0.13942307692307698 0.4543269230769231 0.13942307692307698 0.49278846153846156 0.2596153846153847 0.49278846153846156
0 0.5336538461538461 0.4182692307692308 0.3870192307692308 0.4182692307692308 0.3870192307692308 0.45913461538461536 0.5336538461538461 0.45913461538461536
0 0.6105769230769231 0.47596153846153855 0.40865384615384615 0.47596153846153844 0.40865384615384615 0.5192307692307693 0.6105769230769231 0.5192307692307694
0 0.7379807692307693 0.48557692307692324 0.6778846153846154 0.48557692307692324 0.6778846153846154 0.543269230769231 0.7379807692307693 0.543269230769231
0 0.8076923076923077 0.4927884615384617 0.7451923076923077 0.4927884615384617 0.7451923076923077 0.5360576923076924 0.8076923076923077 0.5360576923076924
0 0.8846153846153846 0.45913461538461553 0.8293269230769231 0.45913461538461553 0.8293269230769231 0.49038461538461553 0.8846153846153846 0.49038461538461553
0 0.9423076923076923 0.4927884615384617 0.8461538461538461 0.4927884615384617 0.8461538461538461 0.5168269230769232 0.9423076923076923 0.5168269230769232
0 0.9423076923076923 0.5192307692307694 0.8293269230769231 0.5192307692307694 0.8293269230769231 0.5552884615384617 0.9423076923076923 0.5552884615384617
0 0.3221153846153847 0.53125 0.20913461538461545 0.53125 0.20913461538461545 0.5600961538461539 0.32211538461538475 0.5600961538461539
0 0.326923076923077 0.5576923076923077 0.22596153846153852 0.5576923076923077 0.22596153846153852 0.5865384615384616 0.32692307692307704 0.5865384615384616
0 0.3966346153846155 0.5408653846153846 0.33653846153846156 0.5408653846153846 0.3365384615384616 0.5697115384615384 0.39663461538461553 0.5697115384615384
0 0.4182692307692309 0.5817307692307693 0.34855769230769246 0.5817307692307693 0.34855769230769246 0.6129807692307693 0.4182692307692309 0.6129807692307693
0 0.31730769230769246 0.5961538461538461 0.2283653846153847 0.5961538461538461 0.2283653846153847 0.6274038461538461 0.31730769230769246 0.6274038461538461
0 0.35817307692307704 0.6370192307692307 0.2692307692307693 0.6370192307692307 0.2692307692307693 0.6658653846153846 0.35817307692307704 0.6658653846153846
0 0.48317307692307704 0.6177884615384616 0.43509615384615397 0.6177884615384616 0.43509615384615397 0.6514423076923077 0.48317307692307704 0.6514423076923077
0 0.42307692307692324 0.6346153846153846 0.3677884615384617 0.6346153846153846 0.3677884615384617 0.6658653846153846 0.42307692307692324 0.6658653846153846
0 0.5552884615384617 0.6033653846153846 0.5024038461538463 0.6033653846153846 0.5024038461538463 0.6394230769230769 0.5552884615384617 0.6394230769230769
0 0.6225961538461539 0.6081730769230771 0.5793269230769232 0.6081730769230771 0.5793269230769232 0.6442307692307693 0.6225961538461539 0.6442307692307693
0 0.7043269230769231 0.5961538461538463 0.6490384615384616 0.5961538461538463 0.6490384615384616 0.6298076923076923 0.7043269230769231 0.6298076923076923
0 0.7884615384615384 0.5793269230769232 0.7019230769230769 0.5793269230769232 0.7019230769230769 0.625 0.7884615384615384 0.625
0 0.8581730769230769 0.574519230769231 0.7956730769230769 0.574519230769231 0.7956730769230769 0.605769230769231 0.8581730769230769 0.605769230769231
0 0.9302884615384616 0.5697115384615385 0.8629807692307693 0.5697115384615385 0.8629807692307693 0.6033653846153848 0.9302884615384616 0.6033653846153848
0 0.9206730769230769 0.6081730769230771 0.8581730769230769 0.6081730769230771 0.8581730769230769 0.6754807692307693 0.9206730769230769 0.6754807692307693
0 0.2692307692307693 0.6586538461538461 0.12500000000000006 0.6586538461538461 0.12500000000000006 0.6971153846153846 0.2692307692307693 0.6971153846153846
0 0.25721153846153855 0.6971153846153846 0.1346153846153847 0.6971153846153846 0.1346153846153847 0.7259615384615384 0.25721153846153855 0.7259615384615384
0 0.3437500000000001 0.7836538461538461 0.25721153846153855 0.7836538461538461 0.25721153846153855 0.8389423076923077 0.3437500000000001 0.8389423076923077
0 0.3750000000000001 0.8365384615384616 0.26201923076923084 0.8365384615384616 0.2620192307692309 0.8701923076923077 0.3750000000000001 0.8701923076923077
0 0.3389423076923078 0.8725961538461539 0.2740384615384617 0.8725961538461539 0.2740384615384617 0.9014423076923077 0.3389423076923078 0.9014423076923077
0 0.3870192307692309 0.9038461538461539 0.2884615384615386 0.9038461538461539 0.2884615384615386 0.9302884615384616 0.3870192307692309 0.9302884615384616
0 0.47355769230769246 0.7788461538461539 0.37259615384615397 0.7788461538461539 0.37259615384615397 0.8052884615384616 0.47355769230769246 0.8052884615384616
0 0.44230769230769246 0.8052884615384616 0.3942307692307694 0.8052884615384616 0.3942307692307694 0.8317307692307693 0.44230769230769246 0.8317307692307693
0 0.45432692307692324 0.8269230769230769 0.3677884615384617 0.8269230769230769 0.3677884615384617 0.8485576923076923 0.45432692307692324 0.8485576923076923
0 0.4326923076923078 0.8485576923076923 0.3750000000000001 0.8485576923076923 0.3750000000000001 0.8725961538461539 0.4326923076923078 0.8725961538461539
0 0.6995192307692307 0.8918269230769231 0.5144230769230771 0.8918269230769231 0.5144230769230771 0.9350961538461539 0.6995192307692307 0.9350961538461539
0 0.4375000000000001 0.9302884615384616 0.2836538461538463 0.9302884615384616 0.2836538461538463 0.9615384615384616 0.4375000000000001 0.9615384615384616
0 0.6371191129807693 0.8100328942307691 0.6311832211538462 0.7779605264423075 0.49859069816474777 0.8025004942648658 0.504526589991671 0.8345728620533274
0 0.7281361298076923 0.8157894735576922 0.7218899855360162 0.7868599635670865 0.49335812976678545 0.8362020693363174 0.4996042740384615 0.865131579326923
0 0.6747130985576923 0.8643092115384616 0.6687772067307692 0.8330592115384616 0.5100185865010535 0.8632151794192667 0.5159544783279766 0.8944651794192667