2 0.9188792987424274 0.9840652744153532 0.918142616209371 0.0017311025786384804 -0.0007366825330564511 0.00242019835559291 -1.3344026738283132e-19 0.9847543701923076
0 0.12019230769230776 0.5552884615384616 0.052884615384615453 0.5552884615384616 0.052884615384615453 0.6177884615384616 0.12019230769230776 0.6177884615384616
0 0.2524038461538462 0.21394230769230768 0.16105769230769232 0.21394230769230768 0.16105769230769235 0.3485576923076923 0.2524038461538462 0.3485576923076923
0 0.19951923076923084 0.7163461538461539 0.14663461538461547 0.7163461538461539 0.14663461538461547 0.8197115384615384 0.19951923076923084 0.8197115384615384
0 0.25000000000000006 0.6610576923076923 0.19230769230769237 0.6610576923076923 0.19230769230769237 0.7692307692307693 0.25000000000000006 0.7692307692307693
0 0.2740384615384616 0.7692307692307693 0.2283653846153847 0.7692307692307693 0.22836538461538472 0.8822115384615384 0.2740384615384617 0.8822115384615384
0 0.31009615384615397 0.7427884615384616 0.26682692307692313 0.7427884615384616 0.2668269230769232 0.875 0.31009615384615397 0.875
0 0.3461538461538463 0.7211538461538461 0.29807692307692313 0.7211538461538461 0.2980769230769232 0.8774038461538461 0.3461538461538463 0.8774038461538461
0 0.3870192307692309 0.7139423076923077 0.33413461538461553 0.7139423076923077 0.33413461538461553 0.8822115384615384 0.3870192307692309 0.8822115384615384
0 0.4182692307692309 0.7644230769230769 0.3774038461538463 0.7644230769230769 0.3774038461538463 0.8798076923076923 0.4182692307692309 0.8798076923076923
0 0.45432692307692324 0.7019230769230769 0.4134615384615386 0.7019230769230769 0.4134615384615386 0.8677884615384616 0.45432692307692324 0.8677884615384616
0 0.4423076923076924 0.49038461538461536 0.38221153846153844 0.49038461538461536 0.38221153846153855 0.6322115384615384 0.44230769230769246 0.6322115384615384
0 0.514423076923077 0.4206730769230769 0.4375 0.4206730769230769 0.43750000000000006 0.6370192307692307 0.5144230769230771 0.6370192307692307
0 0.49759615384615397 0.7139423076923077 0.4615384615384617 0.7139423076923077 0.4615384615384617 0.8221153846153846 0.49759615384615397 0.8221153846153846
0 0.5240384615384617 0.6490384615384616 0.48557692307692324 0.6490384615384616 0.48557692307692324 0.6995192307692307 0.5240384615384617 0.6995192307692307
0 0.5192307692307694 0.7427884615384616 0.49038461538461553 0.7427884615384616 0.49038461538461553 0.8125 0.5192307692307694 0.8125
0 0.5576923076923078 0.7259615384615384 0.5264423076923078 0.7259615384615384 0.5264423076923078 0.8149038461538461 0.5576923076923078 0.8149038461538461
0 0.574519230769231 0.6274038461538461 0.528846153846154 0.6274038461538461 0.528846153846154 0.7019230769230769 0.574519230769231 0.7019230769230769
0 0.6153846153846154 0.7860576923076923 0.574519230769231 0.7860576923076923 0.574519230769231 0.9230769230769231 0.6153846153846154 0.9230769230769231
0 0.6081730769230771 0.7019230769230769 0.5697115384615385 0.7019230769230769 0.5697115384615385 0.78125 0.6081730769230771 0.78125
0 0.6201923076923077 0.6322115384615384 0.574519230769231 0.6322115384615384 0.574519230769231 0.6875 0.6201923076923077 0.6875
0 0.6177884615384616 0.574519230769231 0.5769230769230771 0.574519230769231 0.5769230769230771 0.6298076923076923 0.6177884615384616 0.6298076923076923
0 0.6225961538461539 0.49759615384615397 0.5721153846153846 0.49759615384615397 0.5721153846153846 0.5528846153846155 0.6225961538461539 0.5528846153846155
0 0.6322115384615384 0.4254807692307694 0.6009615384615384 0.4254807692307694 0.6009615384615384 0.4711538461538463 0.6322115384615384 0.4711538461538463
0 0.6370192307692307 0.35336538461538475 0.5889423076923077 0.35336538461538475 0.5889423076923077 0.4086538461538463 0.6370192307692307 0.4086538461538463
0 0.6370192307692307 0.26682692307692313 0.59375 0.26682692307692313 0.59375 0.3437500000000001 0.6370192307692307 0.3437500000000001
0 0.6418269230769231 0.1971153846153847 0.5961538461538461 0.1971153846153847 0.5961538461538461 0.26682692307692313 0.6418269230769231 0.26682692307692313
0 0.6442307692307693 0.1442307692307693 0.6081730769230769 0.1442307692307693 0.6081730769230769 0.19471153846153852 0.6442307692307693 0.19471153846153852
0 0.7644230769230769 0.7331730769230769 0.7067307692307693 0.7331730769230769 0.7067307692307693 0.8125 0.7644230769230769 0.8125
0 0.7980769230769231 0.7115384615384616 0.7572115384615384 0.7115384615384616 0.7572115384615384 0.8269230769230769 0.7980769230769231 0.8269230769230769
0 0.8269230769230769 0.7548076923076923 0.7908653846153846 0.7548076923076923 0.7908653846153846 0.8100961538461539 0.8269230769230769 0.8100961538461539
0 0.7548076923076923 0.6177884615384616 0.7235576923076923 0.6177884615384616 0.7235576923076923 0.6995192307692307 0.7548076923076923 0.6995192307692307
0 0.7692307692307693 0.6394230769230769 0.7451923076923077 0.6394230769230769 0.7451923076923077 0.7019230769230769 0.7692307692307693 0.7019230769230769
0 0.7932692307692307 0.6274038461538461 0.7668269230769231 0.6274038461538461 0.7668269230769231 0.6971153846153846 0.7932692307692307 0.6971153846153846
0 0.8173076923076923 0.65625 0.7884615384615384 0.65625 0.7884615384615384 0.7043269230769231 0.8173076923076923 0.7043269230769231
0 0.8653846153846154 0.7091346153846154 0.8221153846153846 0.7091346153846154 0.8221153846153846 0.8052884615384616 0.8653846153846154 0.8052884615384616
0 0.9038461538461539 0.65625 0.8533653846153846 0.65625 0.8533653846153846 0.7980769230769231 0.9038461538461539 0.7980769230769231
0 0.8653846153846154 0.42067307692307704 0.8149038461538461 0.42067307692307704 0.8149038461538461 0.5769230769230771 0.8653846153846154 0.5769230769230771
0 0.9158653846153846 0.3870192307692309 0.8653846153846154 0.3870192307692309 0.8653846153846154 0.5697115384615385 0.9158653846153846 0.5697115384615385
0 0.7956730769230769 0.44711538461538475 0.7572115384615384 0.44711538461538475 0.7572115384615384 0.5793269230769232 0.7956730769230769 0.5793269230769232
0 0.8293269230769231 0.3557692307692309 0.78125 0.3557692307692309 0.78125 0.5865384615384617 0.8293269230769231 0.5865384615384617
0 0.5552884615384616 0.3076923076923077 0.49278846153846156 0.3076923076923077 0.49278846153846156 0.36538461538461536 0.5552884615384616 0.36538461538461536
0 0.4951923076923077 0.2596153846153847 0.4375 0.2596153846153847 0.4375 0.3629807692307692 0.4951923076923077 0.3629807692307692
0 0.5625 0.22596153846153852 0.5168269230769231 0.22596153846153852 0.5168269230769231 0.3052884615384616 0.5625 0.3052884615384616
0 0.5336538461538461 0.14182692307692316 0.4951923076923077 0.14182692307692316 0.4951923076923077 0.21153846153846162 0.5336538461538461 0.21153846153846162
0 0.5697115384615384 0.09134615384615391 0.5336538461538461 0.09134615384615391 0.5336538461538461 0.1850961538461539 0.5697115384615384 0.1850961538461539
0 0.6033653846153846 0.10096153846153853 0.5552884615384616 0.10096153846153853 0.5552884615384616 0.21394230769230776 0.6033653846153846 0.21394230769230776
0 0.4519230769230769 0.15625000000000006 0.3918269230769231 0.15625000000000006 0.3918269230769231 0.36538461538461536 0.4519230769230769 0.36538461538461536
0 0.40384615384615385 0.22596153846153852 0.34375 0.22596153846153852 0.34375 0.3629807692307692 0.40384615384615385 0.3629807692307692