2 0.9883984933823073 0.9385161458907594 0.9683670408653846 0.009398495192307689 -0.000857295069643967 0.030294633855622845 0.01917415744727873 0.9594122845540745
0 0.84375 0.6370192307692307 0.7524038461538461 0.6370192307692307 0.7524038461538461 0.7355769230769231 0.84375 0.7355769230769231
0 0.6995192307692307 0.11538461538461547 0.6466346153846154 0.11538461538461545 0.6466346153846154 0.22115384615384623 0.6995192307692307 0.22115384615384623
0 0.90625 0.35336538461538475 0.8365384615384616 0.35336538461538475 0.8365384615384616 0.4182692307692309 0.90625 0.4182692307692309
0 0.7764423076923077 0.1658653846153847 0.7355769230769231 0.1658653846153847 0.7355769230769231 0.26201923076923084 0.7764423076923077 0.26201923076923084
0 0.7379807692307693 0.22596153846153852 0.6899038461538461 0.22596153846153852 0.6899038461538461 0.32692307692307704 0.7379807692307693 0.32692307692307704
0 0.6418269230769231 0.6586538461538461 0.5985576923076924 0.6586538461538461 0.5985576923076924 0.7836538461538461 0.6418269230769231 0.7836538461538461
0 0.5985576923076924 0.6610576923076923 0.5456730769230771 0.6610576923076923 0.5456730769230771 0.8701923076923077 0.5985576923076924 0.8701923076923077
0 0.5480769230769232 0.6634615384615384 0.5000000000000001 0.6634615384615384 0.5000000000000001 0.7740384615384616 0.5480769230769232 0.7740384615384616
0 0.6490384615384616 0.12980769230769237 0.6153846153846154 0.12980769230769237 0.6153846153846154 0.25000000000000006 0.6490384615384616 0.25000000000000006
0 0.6201923076923077 0.12740384615384623 0.5841346153846154 0.12740384615384623 0.5841346153846154 0.2740384615384616 0.6201923076923077 0.2740384615384616
0 0.5841346153846154 0.12259615384615391 0.5336538461538461 0.12259615384615391 0.5336538461538461 0.3052884615384616 0.5841346153846154 0.3052884615384616
0 0.5408653846153846 0.13942307692307698 0.49759615384615385 0.13942307692307698 0.49759615384615385 0.2596153846153847 0.5408653846153846 0.2596153846153847
0 0.5649038461538461 0.38701923076923084 0.5192307692307693 0.3870192307692308 0.5192307692307693 0.5336538461538463 0.5649038461538461 0.5336538461538463
0 0.5096153846153847 0.40865384615384615 0.4567307692307692 0.40865384615384615 0.4567307692307693 0.6105769230769231 0.5096153846153848 0.6105769230769231
0 0.4879807692307694 0.6778846153846154 0.42788461538461553 0.6778846153846154 0.42788461538461553 0.7379807692307693 0.4879807692307694 0.7379807692307693
0 0.47836538461538475 0.7451923076923077 0.4326923076923078 0.7451923076923077 0.4326923076923078 0.8076923076923077 0.47836538461538475 0.8076923076923077
0 0.5048076923076924 0.8317307692307693 0.4759615384615386 0.8317307692307693 0.4759615384615386 0.8846153846153846 0.5048076923076924 0.8846153846153846
0 0.47355769230769246 0.8461538461538461 0.4447115384615386 0.8461538461538461 0.4447115384615386 0.9423076923076923 0.47355769230769246 0.9423076923076923
0 0.44711538461538475 0.8293269230769231 0.4086538461538463 0.8293269230769231 0.4086538461538463 0.9423076923076923 0.44711538461538475 0.9423076923076923
0 0.45913461538461536 0.20913461538461545 0.42788461538461536 0.20913461538461545 0.42788461538461536 0.32211538461538464 0.45913461538461536 0.32211538461538464
0 0.4326923076923077 0.22596153846153852 0.39903846153846156 0.22596153846153852 0.39903846153846156 0.3269230769230769 0.4326923076923077 0.3269230769230769
0 0.44711538461538464 0.3389423076923077 0.41586538461538464 0.3389423076923077 0.41586538461538464 0.39663461538461536 0.44711538461538464 0.39663461538461536
0 0.40384615384615385 0.3485576923076923 0.3701923076923077 0.3485576923076923 0.3701923076923077 0.4182692307692308 0.40384615384615385 0.4182692307692308
0 0.39663461538461536 0.2283653846153847 0.3581730769230769 0.2283653846153847 0.3581730769230769 0.3173076923076923 0.39663461538461536 0.3173076923076923
0 0.35096153846153844 0.2716346153846155 0.31971153846153844 0.2716346153846155 0.31971153846153844 0.3581730769230769 0.35096153846153844 0.3581730769230769
0 0.36538461538461536 0.43509615384615385 0.3293269230769231 0.43509615384615385 0.3293269230769231 0.4831730769230769 0.36538461538461536 0.4831730769230769
0 0.35096153846153844 0.3701923076923077 0.3173076923076923 0.3701923076923077 0.3173076923076923 0.4230769230769231 0.35096153846153844 0.4230769230769231
0 0.375 0.5024038461538461 0.3389423076923077 0.5024038461538461 0.3389423076923077 0.5552884615384616 0.375 0.5552884615384616
0 0.3677884615384617 0.5793269230769231 0.3317307692307694 0.5793269230769231 0.3317307692307694 0.6225961538461539 0.3677884615384617 0.6225961538461539
0 0.3774038461538463 0.6490384615384616 0.34134615384615397 0.6490384615384616 0.34134615384615397 0.7043269230769231 0.3774038461538463 0.7043269230769231
0 0.39182692307692324 0.7019230769230769 0.3437500000000001 0.7019230769230769 0.3437500000000001 0.7884615384615384 0.39182692307692324 0.7884615384615384
0 0.39182692307692324 0.7956730769230769 0.36057692307692324 0.7956730769230769 0.36057692307692324 0.8581730769230769 0.39182692307692324 0.8581730769230769
0 0.3942307692307694 0.8629807692307693 0.35817307692307704 0.8629807692307693 0.35817307692307704 0.9302884615384616 0.3942307692307694 0.9302884615384616
0 0.3557692307692309 0.8581730769230769 0.28605769230769246 0.8581730769230769 0.28605769230769246 0.9206730769230769 0.3557692307692309 0.9206730769230769
0 0.33653846153846156 0.12500000000000003 0.29086538461538464 0.12500000000000003 0.29086538461538464 0.2692307692307693 0.33653846153846156 0.2692307692307693
0 0.2980769230769231 0.13461538461538464 0.2644230769230769 0.13461538461538464 0.2644230769230769 0.25961538461538464 0.2980769230769231 0.2596153846153847
0 0.2043269230769231 0.25721153846153844 0.14903846153846156 0.25721153846153844 0.14903846153846156 0.34375 0.20432692307692316 0.34375
0 0.15384615384615388 0.2644230769230769 0.11538461538461542 0.2644230769230769 0.11538461538461542 0.375 0.1538461538461539 0.375
0 0.11538461538461542 0.2764423076923077 0.08413461538461542 0.2764423076923077 0.08413461538461542 0.3389423076923077 0.11538461538461542 0.3389423076923077
0 0.08653846153846158 0.28846153846153844 0.05288461538461542 0.28846153846153844 0.052884615384615426 0.3870192307692308 0.08653846153846158 0.3870192307692308
0 0.2067307692307693 0.37259615384615385 0.1754807692307693 0.37259615384615385 0.1754807692307693 0.4735576923076923 0.2067307692307693 0.4735576923076923
0 0.18028846153846162 0.3942307692307692 0.15144230769230774 0.3942307692307692 0.15144230769230774 0.4423076923076923 0.18028846153846162 0.4423076923076923
0 0.15865384615384623 0.36778846153846156 0.1322115384615385 0.36778846153846156 0.13221153846153852 0.4543269230769231 0.15865384615384623 0.4543269230769231
0 0.1370192307692308 0.375 0.11057692307692311 0.375 0.11057692307692313 0.4326923076923077 0.13701923076923084 0.4326923076923077
0 0.08894230769230778 0.5144230769230769 0.03846153846153853 0.5144230769230769 0.03846153846153854 0.6995192307692307 0.08894230769230779 0.6995192307692307
0 0.05769230769230774 0.28365384615384615 0.02163461538461542 0.28365384615384615 0.021634615384615426 0.4375 0.057692307692307744 0.4375
0 0.19649708023059234 0.6323964799658004 0.17705141826923076 0.49861495913461545 0.14456082842325385 0.5033375921495844 0.16400649038461537 0.6371191129807693
0 0.1839111744309046 0.7229310355439291 0.14342389770045144 0.49448019480897226 0.11405397567339295 0.49968528907273524 0.15454125240384614 0.7281361298076922
0 0.13969020432692308 0.6687772067307692 0.1099798424752538 0.5111539186620054 0.07848797468679226 0.5170898104889285 0.10819833653846155 0.6747130985576923