2 1 0.0410156250000001 0.017056531250000003 0.03515625 0.011342345252811333 0.993743438080526 0.9942858140028115 0.9996028130805261
0 0.4495192307692308 0.10336538461538466 0.3918269230769231 0.10336538461538465 0.3918269230769231 0.1658653846153847 0.4495192307692308 0.1658653846153847
0 0.7980769230769231 0.18750000000000006 0.6682692307692307 0.18750000000000006 0.6682692307692307 0.2692307692307693 0.7980769230769231 0.2692307692307693
0 0.2956730769230769 0.21394230769230774 0.19471153846153846 0.21394230769230768 0.19471153846153846 0.2572115384615385 0.2956730769230769 0.25721153846153855
0 0.3557692307692308 0.25480769230769235 0.25 0.2548076923076923 0.25000000000000006 0.3004807692307693 0.3557692307692308 0.3004807692307693
0 0.25000000000000006 0.3004807692307692 0.13942307692307696 0.3004807692307692 0.13942307692307696 0.33653846153846156 0.25000000000000006 0.33653846153846156
0 0.27644230769230776 0.33653846153846156 0.14663461538461542 0.33653846153846156 0.14663461538461542 0.3701923076923077 0.27644230769230776 0.3701923076923077
0 0.3004807692307693 0.3701923076923077 0.14663461538461542 0.3701923076923077 0.14663461538461542 0.4014423076923077 0.3004807692307693 0.4014423076923077
0 0.31009615384615385 0.40625 0.14423076923076927 0.40625 0.14423076923076927 0.44471153846153844 0.31009615384615385 0.44471153846153844
0 0.26201923076923084 0.44711538461538464 0.14903846153846162 0.44711538461538464 0.14903846153846162 0.47836538461538464 0.26201923076923084 0.47836538461538464
0 0.3269230769230769 0.4807692307692308 0.16105769230769237 0.4807692307692308 0.16105769230769237 0.5096153846153846 0.3269230769230769 0.5096153846153846
0 0.5336538461538461 0.43028846153846156 0.39663461538461536 0.43028846153846156 0.39663461538461536 0.4807692307692308 0.5336538461538461 0.4807692307692308
0 0.6057692307692307 0.4879807692307693 0.39663461538461536 0.4879807692307692 0.39663461538461536 0.545673076923077 0.6057692307692307 0.5456730769230771
0 0.3173076923076923 0.5240384615384616 0.20913461538461545 0.5240384615384616 0.20913461538461545 0.5552884615384616 0.3173076923076923 0.5552884615384616
0 0.3846153846153847 0.5408653846153846 0.33413461538461536 0.5408653846153846 0.3341346153846155 0.5745192307692307 0.38461538461538475 0.5745192307692307
0 0.28846153846153855 0.5552884615384616 0.22115384615384623 0.5552884615384616 0.22115384615384623 0.5793269230769231 0.28846153846153855 0.5793269230769231
0 0.31009615384615397 0.5889423076923077 0.22115384615384623 0.5889423076923077 0.22115384615384623 0.6153846153846154 0.31009615384615397 0.6153846153846154
0 0.4062500000000001 0.5841346153846154 0.33413461538461553 0.5841346153846154 0.33413461538461553 0.6225961538461539 0.4062500000000001 0.6225961538461539
0 0.2524038461538462 0.6490384615384616 0.11538461538461545 0.6490384615384616 0.11538461538461545 0.6778846153846154 0.2524038461538462 0.6778846153846154
0 0.33413461538461553 0.6298076923076923 0.2596153846153847 0.6298076923076923 0.2596153846153847 0.6634615384615384 0.33413461538461553 0.6634615384615384
0 0.40384615384615397 0.6298076923076923 0.3509615384615386 0.6298076923076923 0.3509615384615386 0.6706730769230769 0.40384615384615397 0.6706730769230769
0 0.4615384615384617 0.6274038461538461 0.4086538461538463 0.6274038461538461 0.4086538461538463 0.6634615384615384 0.4615384615384617 0.6634615384615384
0 0.5360576923076924 0.6153846153846154 0.48557692307692324 0.6153846153846154 0.48557692307692324 0.6610576923076923 0.5360576923076924 0.6610576923076923
0 0.6105769230769232 0.6370192307692307 0.5673076923076924 0.6370192307692307 0.5673076923076924 0.6658653846153846 0.6105769230769232 0.6658653846153846
0 0.6826923076923077 0.6201923076923077 0.6298076923076923 0.6201923076923077 0.6298076923076923 0.6610576923076923 0.6826923076923077 0.6610576923076923
0 0.7692307692307693 0.6177884615384616 0.6947115384615384 0.6177884615384616 0.6947115384615384 0.65625 0.7692307692307693 0.65625
0 0.8389423076923077 0.6153846153846154 0.7716346153846154 0.6153846153846154 0.7716346153846154 0.6538461538461539 0.8389423076923077 0.6538461538461539
0 0.8918269230769231 0.6201923076923077 0.84375 0.6201923076923077 0.84375 0.6538461538461539 0.8918269230769231 0.6538461538461539
0 0.3125000000000001 0.7668269230769231 0.23317307692307698 0.7668269230769231 0.23317307692307698 0.8221153846153846 0.3125000000000001 0.8221153846153846
0 0.3365384615384617 0.8197115384615384 0.22355769230769237 0.8197115384615384 0.2235576923076924 0.8533653846153846 0.3365384615384617 0.8533653846153846
0 0.2932692307692309 0.8533653846153846 0.24278846153846168 0.8533653846153846 0.24278846153846168 0.8846153846153846 0.2932692307692309 0.8846153846153846
0 0.42788461538461553 0.7764423076923077 0.34855769230769246 0.7764423076923077 0.34855769230769246 0.8004807692307693 0.42788461538461553 0.8004807692307693
0 0.4062500000000001 0.8004807692307693 0.3461538461538463 0.8004807692307693 0.3461538461538463 0.8197115384615384 0.4062500000000001 0.8197115384615384
0 0.42067307692307704 0.8197115384615384 0.3509615384615386 0.8197115384615384 0.3509615384615386 0.8413461538461539 0.42067307692307704 0.8413461538461539
0 0.39182692307692324 0.8413461538461539 0.3461538461538463 0.8413461538461539 0.3461538461538463 0.8677884615384616 0.39182692307692324 0.8677884615384616
0 0.34134615384615397 0.8846153846153846 0.247596153846154 0.8846153846153846 0.247596153846154 0.9182692307692307 0.34134615384615397 0.9182692307692307
0 0.3990384615384617 0.9134615384615384 0.2572115384615386 0.9134615384615384 0.2572115384615386 0.9519230769230769 0.3990384615384617 0.9519230769230769
0 0.6298076923076923 0.8581730769230769 0.4759615384615386 0.8581730769230769 0.4759615384615386 0.8942307692307693 0.6298076923076923 0.8942307692307693
0 0.6682692307692307 0.9086538461538461 0.48557692307692324 0.9086538461538461 0.48557692307692324 0.9423076923076923 0.6682692307692307 0.9423076923076923
0 0.6009615384615385 0.8004807692307693 0.4711538461538463 0.8004807692307693 0.4711538461538463 0.8293269230769231 0.6009615384615385 0.8293269230769231
0 0.6947115384615384 0.8269230769230769 0.4615384615384617 0.8269230769230769 0.4615384615384617 0.8533653846153846 0.6947115384615384 0.8533653846153846
0 0.7211538461538461 0.5216346153846155 0.6706730769230769 0.5216346153846155 0.6706730769230769 0.5769230769230771 0.7211538461538461 0.5769230769230771
0 0.7692307692307693 0.46634615384615397 0.6658653846153846 0.46634615384615397 0.6658653846153846 0.5144230769230771 0.7692307692307693 0.5144230769230771
0 0.8076923076923077 0.5408653846153848 0.7307692307692307 0.5408653846153848 0.7307692307692307 0.5793269230769232 0.8076923076923077 0.5793269230769232
0 0.8870192307692307 0.5096153846153848 0.8221153846153846 0.5096153846153848 0.8221153846153846 0.543269230769231 0.8870192307692307 0.543269230769231
0 0.9423076923076923 0.5456730769230771 0.8485576923076923 0.5456730769230771 0.8485576923076923 0.574519230769231 0.9423076923076923 0.574519230769231
0 0.9302884615384616 0.5721153846153848 0.8221153846153846 0.5721153846153848 0.8221153846153846 0.6081730769230771 0.9302884615384616 0.6081730769230771
0 0.8701923076923077 0.4182692307692309 0.6634615384615384 0.4182692307692309 0.6634615384615384 0.4639423076923078 0.8701923076923077 0.4639423076923078
0 0.7956730769230769 0.37259615384615397 0.6610576923076923 0.37259615384615397 0.6610576923076923 0.42067307692307704 0.7956730769230769 0.42067307692307704