0 0.4230769230769231 0.060096153846153896 0.3701923076923077 0.060096153846153896 0.3701923076923077 0.3004807692307693 0.4230769230769231 0.3004807692307693
0 0.4567307692307692 0.07692307692307697 0.4182692307692308 0.07692307692307696 0.4182692307692308 0.31490384615384615 0.4567307692307692 0.31490384615384615
0 0.5072115384615384 0.06971153846153852 0.44471153846153844 0.06971153846153852 0.44471153846153844 0.31971153846153844 0.5072115384615384 0.31971153846153844
0 0.5456730769230769 0.09615384615384623 0.4951923076923077 0.09615384615384623 0.4951923076923077 0.3028846153846155 0.5456730769230769 0.3028846153846155
0 0.6033653846153846 0.13701923076923084 0.5793269230769231 0.13701923076923084 0.5793269230769231 0.23076923076923084 0.6033653846153846 0.23076923076923084
0 0.3052884615384616 0.3076923076923077 0.2379807692307693 0.3076923076923077 0.2379807692307693 0.5120192307692307 0.3052884615384616 0.5120192307692307
0 0.33653846153846156 0.3629807692307692 0.3028846153846155 0.3629807692307692 0.3028846153846155 0.5240384615384616 0.33653846153846156 0.5240384615384616
0 0.3605769230769231 0.3605769230769231 0.33413461538461536 0.3605769230769231 0.33413461538461536 0.5 0.3605769230769231 0.5
0 0.375 0.3557692307692308 0.35096153846153844 0.3557692307692308 0.35096153846153844 0.40625 0.375 0.40625
1 0.8341346153846154 0.3317307692307693 0.09615384615384619 0.3317307692307692 0.09615384615384623 0.8293269230769231 0.8341346153846154 0.8293269230769231
2 0.8966346153846154 5.490303558677437e-17 0 0 6.123233995736766e-17 1 0.8966346153846154 1