0 0.4206730769230769 0.05288461538461543 0.3701923076923077 0.05288461538461543 0.3701923076923077 0.2908653846153847 0.4206730769230769 0.2908653846153847
0 0.4543269230769231 0.06730769230769236 0.4182692307692308 0.06730769230769236 0.4182692307692308 0.3052884615384616 0.4543269230769231 0.3052884615384616
0 0.5048076923076923 0.0600961538461539 0.44471153846153844 0.060096153846153896 0.44471153846153844 0.3076923076923077 0.5048076923076923 0.3076923076923077
0 0.5456730769230769 0.0865384615384616 0.4951923076923077 0.0865384615384616 0.4951923076923077 0.2908653846153847 0.5456730769230769 0.2908653846153847
0 0.6009615384615384 0.12500000000000006 0.5793269230769231 0.12500000000000006 0.5793269230769231 0.2163461538461539 0.6009615384615384 0.2163461538461539
0 0.3028846153846155 0.3004807692307693 0.23557692307692316 0.3004807692307692 0.23557692307692316 0.5048076923076923 0.3028846153846155 0.5048076923076923
0 0.3317307692307692 0.3557692307692308 0.3028846153846155 0.3557692307692308 0.3028846153846155 0.5144230769230769 0.3317307692307692 0.5144230769230769
0 0.3581730769230769 0.35096153846153844 0.3317307692307692 0.35096153846153844 0.3317307692307692 0.49278846153846156 0.3581730769230769 0.49278846153846156
0 0.37259615384615385 0.3485576923076923 0.3485576923076923 0.3485576923076923 0.3485576923076923 0.39663461538461536 0.37259615384615385 0.39663461538461536
1 0.8293269230769231 0.32932692307692313 0.09615384615384619 0.3293269230769231 0.09615384615384623 0.8100961538461539 0.8293269230769231 0.8100961538461539
2 0.8918269230769231 5.460864933697933e-17 0 0 6.123233995736766e-17 1 0.8918269230769231 1