0 0.2692307692307693 0.3701923076923077 0.03605769230769235 0.3701923076923077 0.03605769230769235 0.4182692307692308 0.2692307692307693 0.4182692307692308
0 0.2836538461538462 0.4182692307692308 0.04807692307692313 0.4182692307692308 0.04807692307692313 0.4519230769230769 0.2836538461538462 0.4519230769230769
0 0.2860576923076924 0.44471153846153844 0.03846153846153851 0.44471153846153844 0.03846153846153852 0.5024038461538461 0.2860576923076924 0.5024038461538461
0 0.264423076923077 0.4951923076923077 0.06250000000000007 0.4951923076923077 0.06250000000000007 0.5408653846153846 0.264423076923077 0.5408653846153846
0 0.18750000000000006 0.5793269230769231 0.09855769230769237 0.5793269230769231 0.09855769230769237 0.6009615384615384 0.18750000000000006 0.6009615384615384
0 0.49038461538461536 0.23317307692307698 0.29086538461538464 0.23317307692307698 0.29086538461538464 0.29807692307692313 0.49038461538461536 0.29807692307692313
0 0.5 0.29807692307692313 0.34134615384615385 0.29807692307692313 0.34134615384615385 0.3269230769230769 0.5 0.3269230769230769
0 0.47596153846153844 0.3293269230769231 0.33653846153846156 0.3293269230769231 0.33653846153846156 0.35336538461538464 0.47596153846153844 0.35336538461538464
0 0.3798076923076923 0.34375 0.3317307692307692 0.34375 0.3317307692307692 0.3701923076923077 0.3798076923076923 0.3701923076923077
1 0.7740384615384616 0.09134615384615391 0.3269230769230769 0.09134615384615388 0.326923076923077 0.8197115384615384 0.7740384615384616 0.8197115384615384
2 1 6.123233995736766e-17 0 0 5.387268371249174e-17 0.8798076923076923 1 0.8798076923076923