2 1 0.03125000000000006 0.007211538461538465 0.03125 0.007211538461538524 1 1 1
1 0.8028846153846154 0.13221153846153852 0.2692307692307692 0.1322115384615385 0.2692307692307693 0.8870192307692307 0.8028846153846154 0.8870192307692307
0 1 0.5192307692307694 0.7980769230769231 0.5192307692307694 0.7980769230769231 0.5937500000000001 1 0.5937500000000001
0 1 0.4879807692307694 0.7884615384615384 0.4879807692307694 0.7884615384615384 0.5480769230769232 1 0.5480769230769232
0 1 0.45192307692307704 0.7740384615384616 0.45192307692307704 0.7740384615384616 0.5072115384615385 1 0.5072115384615385
0 1 0.4014423076923078 0.7956730769230769 0.4014423076923078 0.7956730769230769 0.4639423076923078 1 0.4639423076923078
0 0.9639423076923077 0.3245192307692309 0.8653846153846154 0.3245192307692309 0.8653846153846154 0.37259615384615397 0.9639423076923077 0.37259615384615397
0 0.7980769230769231 0.6634615384615384 0.5841346153846155 0.6634615384615384 0.5841346153846155 0.7403846153846154 0.7980769230769231 0.7403846153846154
0 0.7403846153846154 0.6394230769230769 0.5841346153846155 0.6394230769230769 0.5841346153846155 0.6754807692307693 0.7403846153846154 0.6754807692307693
0 0.7427884615384616 0.6153846153846154 0.591346153846154 0.6153846153846154 0.591346153846154 0.65625 0.7427884615384616 0.65625
0 0.75 0.591346153846154 0.6923076923076923 0.591346153846154 0.6923076923076923 0.6274038461538461 0.75 0.6274038461538461