2 1 6.461778183001058e-17 0.055288461538461536 6.770883745285847e-18 0.0552884615384616 0.9975961538461539 1 0.9975961538461539
1 0.8942307692307693 0.24038461538461545 0.14903846153846156 0.2403846153846154 0.14903846153846162 0.7307692307692307 0.8942307692307693 0.7307692307692307
0 0.6105769230769232 0.7427884615384616 0.543269230769231 0.7427884615384616 0.543269230769231 0.9903846153846154 0.6105769230769232 0.9903846153846154
0 0.5649038461538463 0.7379807692307693 0.5096153846153848 0.7379807692307693 0.5096153846153848 0.9663461538461539 0.5649038461538463 0.9663461538461539
0 0.5264423076923078 0.7259615384615384 0.4759615384615386 0.7259615384615384 0.4759615384615386 0.9615384615384616 0.5264423076923078 0.9615384615384616
0 0.4807692307692309 0.7524038461538461 0.4254807692307694 0.7524038461538461 0.4254807692307694 0.9663461538461539 0.4807692307692309 0.9663461538461539
0 0.39182692307692324 0.8293269230769231 0.3461538461538463 0.8293269230769231 0.3461538461538463 0.9254807692307693 0.39182692307692324 0.9254807692307693
0 0.7548076923076923 0.5168269230769232 0.6802884615384616 0.5168269230769232 0.6802884615384616 0.7283653846153846 0.7548076923076923 0.7283653846153846
0 0.6899038461538461 0.5216346153846155 0.65625 0.5216346153846155 0.65625 0.6754807692307693 0.6899038461538461 0.6754807692307693
0 0.6682692307692307 0.528846153846154 0.6322115384615384 0.528846153846154 0.6322115384615384 0.6778846153846154 0.6682692307692307 0.6778846153846154
0 0.6418269230769231 0.6322115384615384 0.6081730769230771 0.6322115384615384 0.6081730769230771 0.6875 0.6418269230769231 0.6875