2 1 0.004807692307692369 5.8877249959007365e-19 0.004807692307692308 6.137953308226517e-17 0.9975961538461539 1 0.9975961538461539
1 0.514423076923077 0.25480769230769235 0.05288461538461542 0.2548076923076923 0.05288461538461546 0.9903846153846154 0.5144230769230771 0.9903846153846154
0 0.7572115384615384 0.29807692307692313 0.6658653846153846 0.29807692307692313 0.6658653846153846 0.3750000000000001 0.7572115384615384 0.3750000000000001
0 0.5504807692307693 0.4230769230769231 0.4807692307692308 0.4230769230769231 0.4807692307692308 0.49038461538461536 0.5504807692307693 0.49038461538461536
0 0.052884615384615426 0.2956730769230769 3.620950872478953e-17 0.2956730769230769 4.047810934681757e-17 0.36538461538461536 0.05288461538461543 0.36538461538461536
0 0.1754807692307693 0.3317307692307692 0.07451923076923081 0.3317307692307692 0.07451923076923081 0.4326923076923077 0.1754807692307693 0.4326923076923077
0 0.8221153846153846 0.5721153846153848 0.6947115384615384 0.5721153846153848 0.6947115384615384 0.6971153846153846 0.8221153846153846 0.6971153846153846
0 0.6634615384615384 0.3557692307692309 0.5625 0.3557692307692309 0.5625 0.45192307692307704 0.6634615384615384 0.45192307692307704
0 0.8798076923076923 0.3774038461538463 0.7716346153846154 0.3774038461538463 0.7716346153846154 0.4807692307692309 0.8798076923076923 0.4807692307692309
0 0.9831730769230769 0.4375000000000001 0.8870192307692307 0.4375000000000001 0.8870192307692307 0.5192307692307694 0.9831730769230769 0.5192307692307694
0 0.6850961538461539 0.7235576923076923 0.5408653846153848 0.7235576923076923 0.5408653846153848 0.8461538461538461 0.6850961538461539 0.8461538461538461