1 1 0.016826923076923177 0.5841346153846154 0.01682692307692315 0.5841346153846154 0.8413461538461539 1 0.8413461538461539
0 0.4326923076923078 0.7043269230769231 0.3461538461538463 0.7043269230769231 0.3461538461538463 0.7980769230769231 0.4326923076923078 0.7980769230769231
0 0.6370192307692307 0.5889423076923078 0.5649038461538463 0.5889423076923078 0.5649038461538463 0.6682692307692307 0.6370192307692307 0.6682692307692307
0 0.5456730769230771 0.6201923076923077 0.45192307692307704 0.6201923076923077 0.45192307692307704 0.7235576923076923 0.5456730769230771 0.7235576923076923
0 0.3437500000000001 0.6057692307692307 0.2379807692307693 0.6057692307692307 0.2379807692307693 0.7259615384615384 0.3437500000000001 0.7259615384615384
0 0.21153846153846162 0.5865384615384616 0.14182692307692316 0.5865384615384616 0.14182692307692316 0.6586538461538461 0.21153846153846162 0.6586538461538461
0 0.5961538461538461 0.18990384615384623 0.4375 0.18990384615384623 0.4375 0.358173076923077 0.5961538461538461 0.35817307692307704
0 0.5096153846153846 0.40384615384615385 0.44471153846153844 0.40384615384615385 0.44471153846153844 0.47115384615384615 0.5096153846153846 0.47115384615384615
0 0.42788461538461536 0.38461538461538464 0.3269230769230769 0.38461538461538464 0.3269230769230769 0.5216346153846154 0.42788461538461536 0.5216346153846154
0 0.44230769230769246 0.5961538461538461 0.35817307692307704 0.5961538461538461 0.35817307692307704 0.6682692307692307 0.44230769230769246 0.6682692307692307
2 1 0.03679586778846166 0.03687689663461545 0.036795867788461604 0.036876896634615505 1 1 1