1 0.4158653846153847 0.18750000000000003 0.0024038461538461774 0.1875 0.002403846153846227 1 0.41586538461538475 1
0 0.6778846153846154 0.21394230769230776 0.59375 0.21394230769230776 0.59375 0.3052884615384616 0.6778846153846154 0.3052884615384616
0 0.4543269230769231 0.3485576923076923 0.38461538461538464 0.3485576923076923 0.38461538461538464 0.42788461538461536 0.4543269230769231 0.42788461538461536
0 0.5697115384615384 0.2908653846153847 0.47836538461538464 0.2908653846153847 0.47836538461538464 0.39182692307692313 0.5697115384615384 0.39182692307692324
0 0.7836538461538461 0.2836538461538462 0.6826923076923077 0.2836538461538462 0.6826923076923077 0.4014423076923078 0.7836538461538461 0.4014423076923078
0 0.8798076923076923 0.34855769230769246 0.8100961538461539 0.34855769230769246 0.8100961538461539 0.4182692307692309 0.8798076923076923 0.4182692307692309
0 0.5697115384615385 0.6610576923076923 0.41586538461538475 0.6610576923076923 0.41586538461538475 0.8221153846153846 0.5697115384615385 0.8221153846153846
0 0.5697115384615385 0.5432692307692308 0.5072115384615384 0.5432692307692307 0.5072115384615385 0.608173076923077 0.5697115384615385 0.6081730769230771
0 0.6875 0.49038461538461553 0.5913461538461539 0.49038461538461553 0.591346153846154 0.625 0.6875 0.625
0 0.6634615384615384 0.3437500000000001 0.5817307692307693 0.3437500000000001 0.5817307692307693 0.4134615384615386 0.6634615384615384 0.4134615384615386
2 0.998046875 6.111274554338843e-17 0 0 6.075396230145073e-17 0.9921875 0.998046875 0.9921875