1 0.8125 4.975127621536122e-17 0 0 2.5464410607270693e-17 0.4158653846153847 0.8125 0.41586538461538475
0 0.7379807692307693 0.5793269230769232 0.6394230769230769 0.5793269230769232 0.6394230769230769 0.6658653846153846 0.7379807692307693 0.6658653846153846
0 0.6177884615384616 0.3725961538461539 0.5360576923076923 0.37259615384615385 0.5360576923076923 0.44471153846153855 0.6177884615384616 0.4447115384615386
0 0.6706730769230769 0.46634615384615397 0.5625 0.46634615384615397 0.5625000000000001 0.560096153846154 0.6706730769230769 0.560096153846154
0 0.6610576923076923 0.6682692307692307 0.5360576923076924 0.6682692307692307 0.5360576923076924 0.7716346153846154 0.6610576923076923 0.7716346153846154
0 0.5865384615384617 0.7980769230769231 0.512019230769231 0.7980769230769231 0.512019230769231 0.8701923076923077 0.5865384615384617 0.8701923076923077
0 0.3052884615384616 0.4110576923076923 0.12980769230769235 0.4110576923076923 0.12980769230769235 0.5673076923076923 0.3052884615384616 0.5673076923076923
0 0.4158653846153847 0.5 0.34615384615384615 0.5 0.3461538461538462 0.5625 0.41586538461538475 0.5625
0 0.4615384615384617 0.5817307692307693 0.3197115384615386 0.5817307692307693 0.3197115384615386 0.6802884615384616 0.4615384615384617 0.6802884615384616
0 0.6081730769230771 0.5697115384615385 0.5312500000000001 0.5697115384615384 0.5312500000000001 0.6538461538461539 0.6081730769230771 0.6538461538461539
2 0.99857515625 7.239826704598976e-17 0.0074936346153846155 1.1712026387793757e-17 0.0074936346153846745 0.9805918100961539 0.99857515625 0.9805918100961539