2 1 0.002403846153846215 2.9438624979503682e-19 0.002403846153846154 6.137953308226517e-17 1 1 1
1 0.514423076923077 0.012019230769230803 0.040865384615384616 0.012019230769230773 0.040865384615384664 0.7788461538461539 0.5144230769230771 0.7788461538461539
0 0.7451923076923077 0.6682692307692307 0.6538461538461539 0.6682692307692307 0.6538461538461539 0.75 0.7451923076923077 0.75
0 0.5408653846153847 0.5408653846153846 0.47115384615384615 0.5408653846153846 0.4711538461538462 0.6129807692307693 0.5408653846153848 0.6129807692307693
0 0.0408653846153847 0.6346153846153846 7.771796994588972e-17 0.6346153846153846 8.213376369281528e-17 0.7067307692307693 0.0408653846153847 0.7067307692307693
0 0.1658653846153847 0.5721153846153846 0.06250000000000007 0.5721153846153846 0.06250000000000008 0.6802884615384616 0.1658653846153847 0.6802884615384616
0 0.8149038461538461 0.3461538461538463 0.6850961538461539 0.3461538461538463 0.6850961538461539 0.4807692307692309 0.8149038461538461 0.4807692307692309
0 0.6538461538461539 0.5841346153846154 0.5504807692307694 0.5841346153846154 0.5504807692307694 0.6875 0.6538461538461539 0.6875
0 0.8701923076923077 0.5697115384615385 0.7620192307692307 0.5697115384615385 0.7620192307692307 0.6778846153846154 0.8701923076923077 0.6778846153846154
0 0.9759615384615384 0.5384615384615385 0.8774038461538461 0.5384615384615385 0.8774038461538461 0.625 0.9759615384615384 0.625
0 0.6802884615384616 0.18990384615384623 0.5360576923076923 0.18990384615384623 0.5360576923076923 0.31971153846153855 0.6802884615384616 0.3197115384615386