2 1 6.123233995736766e-17 0 0 6.123233995736766e-17 1 1 1
1 1 0.514423076923077 0.23557692307692316 0.5144230769230769 0.23557692307692318 1 1 1
0 0.3942307692307694 0.9278846153846154 0.3509615384615386 0.9278846153846154 0.3509615384615386 0.9879807692307693 0.3942307692307694 0.9879807692307693
0 0.42307692307692324 0.90625 0.37980769230769246 0.90625 0.37980769230769246 0.9879807692307693 0.42307692307692324 0.9879807692307693
0 0.4639423076923078 0.9182692307692307 0.42067307692307704 0.9182692307692307 0.42067307692307704 0.9903846153846154 0.4639423076923078 0.9903846153846154
0 0.34615384615384615 0.2764423076923077 0.25961538461538464 0.2764423076923077 0.25961538461538464 0.37740384615384615 0.34615384615384615 0.37740384615384615
0 0.48557692307692313 0.49038461538461536 0.4110576923076923 0.49038461538461536 0.4110576923076924 0.5625 0.48557692307692324 0.5625
0 0.43990384615384615 0.3918269230769231 0.33413461538461536 0.3918269230769231 0.33413461538461536 0.4879807692307692 0.43990384615384615 0.4879807692307692
0 0.4735576923076923 0.2908653846153847 0.3942307692307692 0.2908653846153847 0.3942307692307692 0.38221153846153844 0.4735576923076923 0.38221153846153844
0 0.43990384615384615 0.18028846153846162 0.3317307692307692 0.18028846153846162 0.3317307692307692 0.2716346153846155 0.43990384615384615 0.2716346153846155
0 0.4639423076923077 0.0649038461538462 0.38221153846153844 0.0649038461538462 0.38221153846153844 0.14423076923076927 0.4639423076923077 0.1442307692307693
0 0.6730769230769231 0.2283653846153847 0.5528846153846154 0.2283653846153847 0.5528846153846154 0.3533653846153847 0.6730769230769231 0.35336538461538475
0 0.84375 0.38461538461538475 0.7067307692307693 0.38461538461538475 0.7067307692307693 0.5192307692307694 0.84375 0.5192307692307694
0 0.6610576923076923 0.35817307692307704 0.5985576923076923 0.35817307692307704 0.5985576923076923 0.44711538461538475 0.6610576923076923 0.44711538461538475