2 1 6.137953308226517e-17 0.002403846153846154 2.9438624979503682e-19 0.002403846153846215 1 1 1
1 0.7860576923076923 0.05288461538461543 0.01442307692307693 0.052884615384615384 0.014423076923076959 0.5360576923076924 0.7860576923076923 0.5360576923076924
0 0.7644230769230769 0.6850961538461539 0.6802884615384616 0.6850961538461539 0.6802884615384616 0.7764423076923077 0.7644230769230769 0.7764423076923077
0 0.6225961538461539 0.49519230769230776 0.5480769230769231 0.4951923076923077 0.5480769230769231 0.5673076923076924 0.6225961538461539 0.5673076923076924
0 0.7091346153846154 0.01923076923076931 0.6346153846153846 0.019230769230769308 0.6346153846153846 0.07451923076923085 0.7091346153846154 0.07451923076923085
0 0.6826923076923077 0.09134615384615391 0.5745192307692307 0.09134615384615391 0.5745192307692307 0.19471153846153852 0.6826923076923077 0.19471153846153852
0 0.4951923076923078 0.7019230769230769 0.36057692307692324 0.7019230769230769 0.36057692307692324 0.8341346153846154 0.4951923076923078 0.8341346153846154
0 0.6995192307692307 0.5793269230769232 0.5937500000000001 0.5793269230769232 0.5937500000000001 0.6826923076923077 0.6995192307692307 0.6826923076923077
0 0.6947115384615384 0.7884615384615384 0.5817307692307694 0.7884615384615384 0.5817307692307694 0.8966346153846154 0.6947115384615384 0.8966346153846154
0 0.6418269230769231 0.9014423076923077 0.5528846153846155 0.9014423076923077 0.5528846153846155 1 0.6418269230769231 1
0 0.3317307692307693 0.5432692307692307 0.19951923076923084 0.5432692307692307 0.19951923076923084 0.6923076923076923 0.3317307692307694 0.6923076923076923