2 1 6.123233995736766e-17 0 0 6.034918120798255e-17 0.9855769230769231 1 0.9855769230769231
1 0.49519230769230776 0.21153846153846156 0.00961538461538464 0.21153846153846154 0.009615384615384689 0.9855769230769231 0.4951923076923078 0.9855769230769231
0 0.08653846153846158 0.31009615384615385 0.026442307692307727 0.31009615384615385 0.02644230769230773 0.35096153846153844 0.08653846153846158 0.35096153846153844
0 0.10817307692307696 0.3389423076923077 0.026442307692307734 0.3389423076923077 0.026442307692307734 0.37740384615384615 0.10817307692307696 0.37740384615384615
0 0.09855769230769236 0.3798076923076923 0.02884615384615389 0.3798076923076923 0.028846153846153893 0.4206730769230769 0.09855769230769237 0.4206730769230769
0 0.7331730769230769 0.2475961538461539 0.6370192307692307 0.2475961538461539 0.6370192307692307 0.32932692307692324 0.7331730769230769 0.32932692307692324
0 0.5264423076923077 0.3894230769230769 0.4567307692307692 0.3894230769230769 0.4567307692307692 0.45913461538461536 0.5264423076923077 0.45913461538461536
0 0.6201923076923077 0.3173076923076924 0.53125 0.3173076923076923 0.53125 0.41826923076923084 0.6201923076923077 0.4182692307692309
0 0.7235576923076923 0.3822115384615386 0.6370192307692307 0.3822115384615386 0.6370192307692307 0.4567307692307694 0.7235576923076923 0.4567307692307694
0 0.8341346153846154 0.3245192307692309 0.7451923076923077 0.3245192307692309 0.7451923076923077 0.42788461538461553 0.8341346153846154 0.42788461538461553
0 0.9519230769230769 0.37980769230769246 0.8725961538461539 0.37980769230769246 0.8725961538461539 0.45913461538461553 0.9519230769230769 0.45913461538461553
0 0.7956730769230769 0.5456730769230771 0.6730769230769231 0.5456730769230771 0.6730769230769231 0.6586538461538461 0.7956730769230769 0.6586538461538461
0 0.6442307692307693 0.6899038461538461 0.5144230769230771 0.6899038461538461 0.5144230769230771 0.8221153846153846 0.6442307692307693 0.8221153846153846
0 0.6658653846153846 0.5841346153846155 0.5793269230769232 0.5841346153846155 0.5793269230769232 0.6418269230769231 0.6658653846153846 0.6418269230769231