2 1 0.03320312500000006 0.0003863533653846194 0.033203125 0.00038635336538467584 0.9541984254807693 1 0.9541984254807693
0 0.2524038461538462 0.34134615384615385 0.07451923076923081 0.34134615384615385 0.07451923076923082 0.5817307692307693 0.2524038461538462 0.5817307692307693
0 0.36057692307692313 0.3798076923076923 0.2475961538461539 0.3798076923076923 0.2475961538461539 0.5600961538461539 0.36057692307692324 0.5600961538461539
0 0.5576923076923077 0.3942307692307692 0.4014423076923077 0.3942307692307692 0.40144230769230776 0.5625 0.5576923076923078 0.5625
0 0.3942307692307692 0.0649038461538462 0.28125 0.06490384615384619 0.28125000000000006 0.33413461538461536 0.3942307692307692 0.33413461538461536
0 0.7692307692307693 0.5072115384615385 0.6923076923076923 0.5072115384615385 0.6923076923076923 0.8341346153846154 0.7692307692307693 0.8341346153846154
0 0.8533653846153846 0.5144230769230771 0.7644230769230769 0.5144230769230771 0.7644230769230769 0.9350961538461539 0.8533653846153846 0.9350961538461539
0 0.836417497596154 0.4302721105769231 0.7865343175980571 0.08707439859181045 0.715655718641399 0.0973764774993798 0.7655388986394959 0.4405741894844925
0 0.9201759735576923 0.5839664110576922 0.8388297536683028 0.10609050517909466 0.7887414939403699 0.11461675757973443 0.8700877138297594 0.592492663458332
0 1.0045623438765374 0.7976331062623425 0.9133728917257682 0.11401960279190905 0.8484516826923075 0.12267965625000003 0.9396411348430767 0.8062931597204336
0 0.9552440528846156 0.9140940024038463 0.9263197204206244 0.6063375830951843 0.8522373309975474 0.6133001792490304 0.8811616634615386 0.9210565985576924