2 0.9259608135740256 0.011116805394911037 0.03906250000000001 0.003906250000000005 0.03096729386979495 0.9996166040152018 0.9178656074438205 1.0068271594101128
0 0.5576923076923077 0.06730769230769236 0.34615384615384615 0.06730769230769235 0.34615384615384615 0.24278846153846162 0.5576923076923077 0.24278846153846162
0 0.5552884615384616 0.2379807692307693 0.3870192307692308 0.2379807692307693 0.3870192307692308 0.35336538461538464 0.5552884615384616 0.35336538461538464
0 0.5480769230769231 0.3894230769230769 0.3798076923076923 0.3894230769230769 0.3798076923076923 0.5528846153846154 0.5480769230769231 0.5528846153846154
0 0.3389423076923077 0.264423076923077 0.06009615384615388 0.2644230769230769 0.06009615384615389 0.3870192307692308 0.3389423076923077 0.3870192307692308
0 0.8197115384615384 0.6730769230769231 0.49038461538461553 0.6730769230769231 0.49038461538461553 0.7596153846153846 0.8197115384615384 0.7596153846153846
0 0.919921875 0.775390625 0.4992105665872459 0.7497134089935878 0.4953884238849972 0.8123377471150468 0.9160997322977512 0.8380149631214591
0 0.41061683296191254 0.732907782111021 0.08593750000000007 0.705078125 0.07949883508914107 0.780195882293355 0.4041781680510535 0.808025539404376
0 0.5722656250000001 0.833984375 0.110696408009212 0.7744270566786079 0.102883908009212 0.8349739316786078 0.5644531250000001 0.8945312499999999
0 0.7784056323591255 0.9247185791631625 0.10351562500000006 0.8378906250000001 0.09659436764087473 0.8916876708368379 0.7714843750000001 0.9785156250000002
0 0.5667073428522015 0.9595614884000808 0.1210937500000001 0.8984375 0.11312237116138528 0.9565514231460307 0.5587359640135866 1.0176754115461115
0 0.8984375000000002 0.8574218750000001 0.604882678079835 0.8342464943220923 0.5990233030798349 0.9084652443220923 0.8925781250000002 0.9316406250000001