2 1.014143733848137 0.8980456846392156 0.9921540384821733 0.011741715826072299 0.009507426571239486 0.03612172585497145 0.03149712193720295 0.9224256946681147
0 0.9711538461538461 0.3822115384615386 0.7836538461538461 0.3822115384615386 0.7836538461538461 0.605769230769231 0.9711538461538461 0.605769230769231
0 0.7980769230769231 0.39663461538461553 0.6730769230769231 0.39663461538461553 0.6730769230769231 0.5721153846153848 0.7980769230769231 0.5721153846153848
0 0.6466346153846154 0.41346153846153855 0.4735576923076923 0.41346153846153844 0.4735576923076924 0.5937500000000001 0.6466346153846154 0.5937500000000001
0 0.7908653846153846 0.6153846153846154 0.6514423076923077 0.6153846153846154 0.6514423076923077 0.9014423076923077 0.7908653846153846 0.9014423076923077
0 0.3581730769230769 0.1586538461538462 0.25240384615384615 0.15865384615384615 0.2524038461538462 0.4951923076923077 0.3581730769230769 0.4951923076923077
0 0.27948920153365775 0.4850421892875914 0.22927339423076926 0.06568450240384616 0.16682881423311166 0.07316190199457183 0.21704462153600018 0.49251958887831704
0 0.3481599519230769 0.8951630480769229 0.29595355065050144 0.5723319493560948 0.22154448227754017 0.5843649588684671 0.27375088355011573 0.9071960575892953
0 0.27093605705837914 0.8771077472928486 0.19092831490384615 0.4170956105769231 0.1306269579452337 0.42758354129448267 0.2106347000997667 0.887595678010408
0 0.21432364423076927 0.8860959350961538 0.08824360830685035 0.2170661356635284 0.034793894230769236 0.22713884375000004 0.16087393015468812 0.8961686431826255
0 0.15275295913461545 0.872397829326923 0.0657080068437914 0.43086899141882545 0.007995707056048138 0.44224665002300356 0.0950406593468722 0.8837754879311012
0 0.1715300841346154 0.38697206730769224 0.14849346634615385 0.09242567788461538 0.07423993983208264 0.09823308266421725 0.09727655762054419 0.3927794720872942