2 0.9222956201923077 5.85079004585989e-17 0.03321090625 4.067163003584533e-18 0.03321090625000006 0.9952029615384616 0.9222956201923077 0.9952029615384616
0 0.5649038461538461 0.03846153846153851 0.33413461538461536 0.0384615384615385 0.33413461538461536 0.22596153846153852 0.5649038461538461 0.22596153846153852
0 0.5360576923076923 0.21153846153846162 0.3581730769230769 0.21153846153846162 0.3581730769230769 0.33413461538461536 0.5360576923076923 0.33413461538461536
0 0.5216346153846154 0.36538461538461536 0.3605769230769231 0.36538461538461536 0.3605769230769231 0.5288461538461539 0.5216346153846154 0.5288461538461539
0 0.30528846153846156 0.264423076923077 0.0432692307692308 0.2644230769230769 0.04326923076923081 0.3894230769230769 0.3052884615384616 0.3894230769230769
0 0.7764423076923077 0.6418269230769231 0.45432692307692324 0.6418269230769231 0.45432692307692324 0.7331730769230769 0.7764423076923077 0.7331730769230769
0 0.8725961538461539 0.7091346153846154 0.45432692307692324 0.7091346153846154 0.45432692307692324 0.8173076923076923 0.8725961538461539 0.8173076923076923
0 0.373971826923077 0.7374693365384614 0.042417836538461616 0.7157923293269229 0.0376624825890941 0.7885263816902405 0.3692164729737095 0.8102033889017789
0 0.5192424325129139 0.8316287801878097 0.053250247596153946 0.7912816634615384 0.04876236075631693 0.8431148640429595 0.514754545673077 0.8834619807692309
0 0.7273269975961539 0.8984062644230769 0.05849600240384626 0.8436747692307691 0.05307064244061915 0.9099738697894486 0.7219016376329268 0.9647053649817565
0 0.8550982812500002 0.8206995865384615 0.5470546425026264 0.8125032866697862 0.5450542078545543 0.8876861347770824 0.853097846601928 0.8958824346457577