2 0.9921878221153846 0.03745975721153858 4.633557673519187e-17 0.03745975721153852 1.0281452844841152e-16 0.9598310360576924 0.9921878221153846 0.9598310360576924
0 0.19711538461538475 0.8629807692307693 0.004807692307692412 0.8629807692307693 0.004807692307692417 0.9350961538461539 0.19711538461538475 0.9350961538461539
0 0.4182692307692309 0.8677884615384616 0.31730769230769246 0.8677884615384616 0.31730769230769246 0.9110576923076923 0.4182692307692309 0.9110576923076923
0 0.5649038461538463 0.8846153846153846 0.5048076923076924 0.8846153846153846 0.5048076923076924 0.9158653846153846 0.5649038461538463 0.9158653846153846
0 0.5649038461538463 0.8629807692307693 0.5096153846153848 0.8629807692307693 0.5096153846153848 0.8894230769230769 0.5649038461538463 0.8894230769230769
0 0.5673076923076924 0.8341346153846154 0.5168269230769232 0.8341346153846154 0.5168269230769232 0.8605769230769231 0.5673076923076924 0.8605769230769231
0 0.5841346153846155 0.8004807692307693 0.512019230769231 0.8004807692307693 0.512019230769231 0.8317307692307693 0.5841346153846155 0.8317307692307693
0 0.8221153846153846 0.84375 0.7764423076923077 0.84375 0.7764423076923077 0.8894230769230769 0.8221153846153846 0.8894230769230769
0 0.13461538461538472 0.7283653846153846 0.07451923076923085 0.7283653846153846 0.07451923076923085 0.7644230769230769 0.13461538461538472 0.7644230769230769
0 0.06490384615384624 0.6778846153846154 0.007211538461538545 0.6778846153846154 0.007211538461538547 0.7067307692307693 0.06490384615384624 0.7067307692307693
0 0.03125000000000009 0.7043269230769231 8.62551711899458e-17 0.7043269230769231 8.861026118830609e-17 0.7427884615384616 0.0312500000000001 0.7427884615384616
0 0.875 0.6971153846153846 0.7235576923076923 0.6971153846153846 0.7235576923076923 0.7548076923076923 0.875 0.7548076923076923
0 0.8509615384615384 0.6610576923076923 0.7235576923076923 0.6610576923076923 0.7235576923076923 0.7067307692307693 0.8509615384615384 0.7067307692307693
0 0.37980769230769246 0.7091346153846154 0.3004807692307693 0.7091346153846154 0.3004807692307693 0.7427884615384616 0.37980769230769246 0.7427884615384616
0 0.3990384615384617 0.6802884615384616 0.3052884615384616 0.6802884615384616 0.3052884615384616 0.7139423076923077 0.3990384615384617 0.7139423076923077
0 0.18990384615384623 0.6899038461538461 0.07932692307692314 0.6899038461538461 0.07932692307692316 0.7307692307692307 0.18990384615384623 0.7307692307692307
0 0.2067307692307693 0.6586538461538461 0.10336538461538468 0.6586538461538461 0.10336538461538468 0.6923076923076923 0.2067307692307693 0.6923076923076923
0 0.2548076923076924 0.5480769230769231 0.13942307692307698 0.5480769230769231 0.13942307692307698 0.5889423076923077 0.2548076923076924 0.5889423076923077
0 0.26682692307692313 0.5168269230769231 0.13701923076923084 0.5168269230769231 0.13701923076923084 0.5576923076923077 0.26682692307692313 0.5576923076923077
0 0.295673076923077 0.4831730769230769 0.14903846153846162 0.4831730769230769 0.14903846153846162 0.5192307692307693 0.295673076923077 0.5192307692307693
0 0.31490384615384615 0.4567307692307692 0.1538461538461539 0.4567307692307692 0.1538461538461539 0.49038461538461536 0.31490384615384615 0.49038461538461536
0 0.3269230769230769 0.41586538461538464 0.15144230769230774 0.41586538461538464 0.15144230769230774 0.46634615384615385 0.3269230769230769 0.46634615384615385
0 0.28125000000000006 0.3557692307692308 0.1538461538461539 0.3557692307692308 0.1538461538461539 0.3918269230769231 0.28125000000000006 0.3918269230769231
0 0.3028846153846155 0.3269230769230769 0.15144230769230774 0.3269230769230769 0.15144230769230774 0.36538461538461536 0.3028846153846155 0.36538461538461536
0 0.24038461538461545 0.3076923076923077 0.15625000000000006 0.3076923076923077 0.15625000000000006 0.34134615384615385 0.24038461538461545 0.34134615384615385
0 0.2740384615384616 0.28365384615384615 0.16105769230769237 0.28365384615384615 0.16105769230769237 0.31009615384615385 0.2740384615384616 0.31009615384615385
0 0.2692307692307693 0.2548076923076923 0.17067307692307693 0.2548076923076923 0.17067307692307696 0.28846153846153844 0.2692307692307693 0.28846153846153844
0 0.28125 0.18028846153846156 0.19230769230769232 0.18028846153846154 0.19230769230769232 0.21394230769230774 0.28125 0.21394230769230776
0 0.3004807692307692 0.15625000000000003 0.19230769230769232 0.15625 0.19230769230769232 0.18750000000000003 0.3004807692307692 0.18750000000000006
0 0.4567307692307692 0.17307692307692316 0.38221153846153844 0.17307692307692316 0.38221153846153844 0.19951923076923084 0.4567307692307692 0.19951923076923084
0 0.47115384615384615 0.13942307692307698 0.38221153846153844 0.13942307692307696 0.38221153846153844 0.1754807692307693 0.47115384615384615 0.1754807692307693
0 0.5408653846153846 0.13701923076923084 0.4807692307692308 0.13701923076923084 0.4807692307692308 0.17788461538461545 0.5408653846153846 0.17788461538461545
0 0.2932692307692308 0.12980769230769235 0.2283653846153846 0.12980769230769235 0.2283653846153846 0.1586538461538462 0.2932692307692308 0.15865384615384623
0 0.2980769230769231 0.10817307692307696 0.21394230769230768 0.10817307692307696 0.21394230769230768 0.1370192307692308 0.2980769230769231 0.1370192307692308
0 0.3317307692307692 0.07692307692307696 0.24759615384615385 0.07692307692307696 0.24759615384615385 0.11538461538461542 0.3317307692307692 0.11538461538461542