2 0.9848582934645518 0.08455696641548024 0.07226562499999999 0.005898990384615393 -0.00872729950804568 0.9455818151059421 0.903865368956506 1.024239791136807
0 0.8725961538461539 0.8028846153846154 0.7956730769230769 0.8028846153846154 0.7956730769230769 0.9903846153846154 0.8725961538461539 0.9903846153846154
0 0.8822115384615384 0.6009615384615385 0.8293269230769231 0.6009615384615385 0.8293269230769231 0.6947115384615384 0.8822115384615384 0.6947115384615384
0 0.8942307692307693 0.45913461538461553 0.8605769230769231 0.45913461538461553 0.8605769230769231 0.5144230769230771 0.8942307692307693 0.5144230769230771
0 0.8629807692307693 0.45432692307692324 0.8389423076923077 0.45432692307692324 0.8389423076923077 0.5096153846153848 0.8629807692307693 0.5096153846153848
0 0.8389423076923077 0.4495192307692309 0.8076923076923077 0.4495192307692309 0.8076923076923077 0.5048076923076924 0.8389423076923077 0.5048076923076924
0 0.8076923076923077 0.4495192307692309 0.7764423076923077 0.4495192307692309 0.7764423076923077 0.5048076923076924 0.8076923076923077 0.5048076923076924
0 0.8870192307692307 0.2043269230769232 0.8413461538461539 0.2043269230769232 0.8413461538461539 0.2500000000000001 0.8870192307692307 0.2500000000000001
0 0.6850961538461539 0.8197115384615384 0.6418269230769231 0.8197115384615384 0.6418269230769231 0.9375 0.6850961538461539 0.9375
0 0.6442307692307693 0.8076923076923077 0.6033653846153848 0.8076923076923077 0.6033653846153848 0.90625 0.6442307692307693 0.90625
0 0.7067307692307693 0.6298076923076923 0.6706730769230769 0.6298076923076923 0.6706730769230769 0.7211538461538461 0.7067307692307693 0.7211538461538461
0 0.6802884615384616 0.6177884615384616 0.6394230769230769 0.6177884615384616 0.6394230769230769 0.7067307692307693 0.6802884615384616 0.7067307692307693
0 0.7524038461538461 0.15625000000000006 0.6971153846153846 0.15625000000000006 0.6971153846153846 0.3028846153846155 0.7524038461538461 0.3028846153846155
0 0.7139423076923077 0.17788461538461545 0.6634615384615384 0.17788461538461545 0.6634615384615384 0.3028846153846155 0.7139423076923077 0.3028846153846155
0 0.5408653846153848 0.7548076923076923 0.5000000000000001 0.7548076923076923 0.5000000000000001 0.875 0.5408653846153848 0.875
0 0.512019230769231 0.7427884615384616 0.4759615384615386 0.7427884615384616 0.4759615384615386 0.8846153846153846 0.512019230769231 0.8846153846153846
0 0.4807692307692309 0.71875 0.44230769230769246 0.71875 0.44230769230769246 0.8653846153846154 0.4807692307692309 0.8653846153846154
0 0.4495192307692309 0.7019230769230769 0.4182692307692309 0.7019230769230769 0.4182692307692309 0.8605769230769231 0.4495192307692309 0.8605769230769231
0 0.4254807692307694 0.6899038461538461 0.38461538461538475 0.6899038461538461 0.38461538461538475 0.8653846153846154 0.4254807692307694 0.8653846153846154
0 0.35336538461538475 0.7307692307692307 0.3149038461538463 0.7307692307692307 0.3149038461538463 0.8533653846153846 0.35336538461538475 0.8533653846153846
0 0.3245192307692309 0.7139423076923077 0.2908653846153847 0.7139423076923077 0.2908653846153847 0.8485576923076923 0.3245192307692309 0.8485576923076923
0 0.30048076923076933 0.7716346153846154 0.26682692307692313 0.7716346153846154 0.2668269230769232 0.8485576923076923 0.3004807692307694 0.8485576923076923
0 0.2764423076923078 0.7211538461538461 0.2475961538461539 0.7211538461538461 0.24759615384615394 0.8557692307692307 0.2764423076923078 0.8557692307692307
0 0.25721153846153855 0.7307692307692307 0.22115384615384623 0.7307692307692307 0.22115384615384623 0.8365384615384616 0.25721153846153855 0.8365384615384616
0 0.18750000000000006 0.7259615384615384 0.1514423076923078 0.7259615384615384 0.1514423076923078 0.8197115384615384 0.18750000000000006 0.8197115384615384
0 0.15865384615384623 0.7139423076923077 0.13221153846153857 0.7139423076923077 0.13221153846153857 0.8173076923076923 0.15865384615384623 0.8173076923076923
0 0.1850961538461539 0.5649038461538461 0.15625000000000006 0.5649038461538461 0.15625000000000006 0.6298076923076923 0.1850961538461539 0.6298076923076923
0 0.15865384615384623 0.5432692307692307 0.13221153846153852 0.5432692307692307 0.13221153846153852 0.625 0.15865384615384623 0.625
0 0.16346153846153852 0.47115384615384615 0.13221153846153852 0.47115384615384615 0.13221153846153852 0.5336538461538461 0.16346153846153852 0.5336538461538461
0 0.1250000000000001 0.71875 0.10817307692307702 0.71875 0.10817307692307702 0.7836538461538461 0.1250000000000001 0.7836538461538461
0 0.10817307692307702 0.7163461538461539 0.08173076923076933 0.7163461538461539 0.08173076923076933 0.7932692307692307 0.10817307692307702 0.7932692307692307
0 0.08894230769230778 0.6754807692307693 0.05769230769230778 0.6754807692307693 0.057692307692307786 0.7740384615384616 0.08894230769230779 0.7740384615384616