2 1 0.9277343750000001 0.9958965545221996 0.02292464714502399 0.021484375 0.027343750000000003 0.025587820477800394 0.9321534778549763
0 0.2668269230769231 0.07692307692307694 0.08413461538461539 0.07692307692307693 0.08413461538461539 0.13942307692307693 0.2668269230769231 0.13942307692307696
0 0.47115384615384615 0.08173076923076929 0.38221153846153844 0.08173076923076926 0.38221153846153844 0.1274038461538462 0.47115384615384615 0.12740384615384623
0 0.6153846153846154 0.07932692307692314 0.5625 0.07932692307692314 0.5625 0.108173076923077 0.6153846153846154 0.108173076923077
0 0.6177884615384616 0.11057692307692314 0.5649038461538461 0.11057692307692314 0.5649038461538461 0.13221153846153852 0.6177884615384616 0.13221153846153852
0 0.6177884615384616 0.1346153846153847 0.5673076923076923 0.1346153846153847 0.5673076923076923 0.16105769230769237 0.6177884615384616 0.16105769230769237
0 0.6177884615384616 0.1658653846153847 0.5649038461538461 0.1658653846153847 0.5649038461538461 0.19230769230769237 0.6177884615384616 0.19230769230769237
0 0.8653846153846154 0.10336538461538472 0.8221153846153846 0.10336538461538472 0.8221153846153846 0.14663461538461547 0.8653846153846154 0.14663461538461547
0 0.23798076923076927 0.2620192307692308 0.12259615384615388 0.2620192307692308 0.12259615384615388 0.2956730769230769 0.2379807692307693 0.2956730769230769
0 0.2475961538461539 0.30288461538461536 0.14903846153846156 0.30288461538461536 0.14903846153846156 0.33653846153846156 0.2475961538461539 0.33653846153846156
0 0.43028846153846156 0.2548076923076924 0.34134615384615385 0.2548076923076924 0.34134615384615385 0.2836538461538462 0.43028846153846156 0.2836538461538462
0 0.4375 0.28125000000000006 0.35096153846153844 0.28125000000000006 0.35096153846153844 0.31490384615384615 0.4375 0.31490384615384615
0 0.9038461538461539 0.24278846153846165 0.7596153846153846 0.24278846153846162 0.7596153846153846 0.28365384615384626 0.9038461538461539 0.2836538461538463
0 0.8774038461538461 0.27884615384615397 0.7572115384615384 0.2788461538461539 0.7572115384615384 0.3197115384615386 0.8774038461538461 0.3197115384615386
0 0.2908653846153847 0.40865384615384615 0.1754807692307693 0.40865384615384615 0.1754807692307693 0.4423076923076923 0.2908653846153847 0.4423076923076923
0 0.3004807692307693 0.43990384615384615 0.16105769230769237 0.43990384615384615 0.16105769230769237 0.46634615384615385 0.3004807692307693 0.46634615384615385
0 0.32211538461538464 0.47115384615384615 0.17788461538461545 0.47115384615384615 0.17788461538461545 0.5 0.32211538461538464 0.5
0 0.3389423076923077 0.5048076923076923 0.17788461538461545 0.5048076923076923 0.17788461538461545 0.5240384615384616 0.3389423076923077 0.5240384615384616
0 0.34615384615384615 0.5288461538461539 0.17307692307692316 0.5288461538461539 0.17307692307692316 0.5576923076923077 0.34615384615384615 0.5576923076923077
0 0.3004807692307693 0.5985576923076923 0.18028846153846162 0.5985576923076923 0.18028846153846162 0.6274038461538461 0.3004807692307693 0.6274038461538461
0 0.3149038461538463 0.6274038461538461 0.18269230769230776 0.6274038461538461 0.18269230769230776 0.6514423076923077 0.3149038461538463 0.6514423076923077
0 0.2548076923076924 0.6490384615384616 0.18028846153846162 0.6490384615384616 0.18028846153846162 0.6778846153846154 0.2548076923076924 0.6778846153846154
0 0.3052884615384616 0.6754807692307693 0.17307692307692316 0.6754807692307693 0.17307692307692316 0.6947115384615384 0.3052884615384616 0.6947115384615384
0 0.29326923076923084 0.6947115384615384 0.18990384615384623 0.6947115384615384 0.18990384615384623 0.7211538461538461 0.29326923076923084 0.7211538461538461
0 0.29326923076923084 0.7644230769230769 0.20192307692307698 0.7644230769230769 0.20192307692307698 0.7932692307692307 0.29326923076923084 0.7932692307692307
0 0.3004807692307693 0.7932692307692307 0.20192307692307698 0.7932692307692307 0.20192307692307698 0.8125 0.3004807692307693 0.8125
0 0.45192307692307704 0.7764423076923077 0.38942307692307704 0.7764423076923077 0.38942307692307704 0.8028846153846154 0.45192307692307704 0.8028846153846154
0 0.4711538461538463 0.8052884615384616 0.39182692307692324 0.8052884615384616 0.39182692307692324 0.8245192307692307 0.4711538461538463 0.8245192307692307
0 0.543269230769231 0.8052884615384616 0.48317307692307704 0.8052884615384616 0.48317307692307704 0.8317307692307693 0.543269230769231 0.8317307692307693
0 0.29567307692307704 0.8245192307692307 0.23076923076923084 0.8245192307692307 0.23076923076923087 0.8389423076923077 0.29567307692307704 0.8389423076923077
0 0.29567307692307704 0.84375 0.22115384615384628 0.84375 0.22115384615384628 0.8653846153846154 0.29567307692307704 0.8653846153846154
0 0.3317307692307694 0.8653846153846154 0.23798076923076936 0.8653846153846154 0.23798076923076936 0.8894230769230769 0.3317307692307694 0.8894230769230769