2 0.9912855721153847 1.0000000000000002 0.9739075721153848 0.044123199519230764 0.08443074181506494 0.06029403696311944 0.1018087418150649 1.0161708374438887
0 0.9375 0.10336538461538472 0.8653846153846154 0.10336538461538472 0.8653846153846154 0.2884615384615386 0.9375 0.2884615384615386
0 0.9471153846153846 0.4014423076923078 0.8966346153846154 0.4014423076923078 0.8966346153846154 0.49038461538461553 0.9471153846153846 0.49038461538461553
0 0.9567307692307693 0.5817307692307694 0.9254807692307693 0.5817307692307694 0.9254807692307693 0.6346153846153846 0.9567307692307693 0.6346153846153846
0 0.9254807692307693 0.5841346153846155 0.9014423076923077 0.5841346153846155 0.9014423076923077 0.6370192307692307 0.9254807692307693 0.6370192307692307
0 0.9014423076923077 0.5865384615384617 0.8701923076923077 0.5865384615384617 0.8701923076923077 0.6394230769230769 0.9014423076923077 0.6394230769230769
0 0.8701923076923077 0.5817307692307694 0.8389423076923077 0.5817307692307694 0.8389423076923077 0.6370192307692307 0.8701923076923077 0.6370192307692307
0 0.9471153846153846 0.8413461538461539 0.9014423076923077 0.8413461538461539 0.9014423076923077 0.8870192307692307 0.9471153846153846 0.8870192307692307
0 0.7524038461538461 0.13942307692307704 0.7115384615384616 0.13942307692307704 0.7115384615384616 0.2548076923076924 0.7524038461538461 0.2548076923076924
0 0.7115384615384616 0.1658653846153847 0.6730769230769231 0.1658653846153847 0.6730769230769231 0.26201923076923084 0.7115384615384616 0.26201923076923084
0 0.7716346153846154 0.3557692307692309 0.7379807692307693 0.3557692307692309 0.7379807692307693 0.44711538461538475 0.7716346153846154 0.44711538461538475
0 0.7451923076923077 0.3677884615384617 0.7067307692307693 0.3677884615384617 0.7067307692307693 0.45432692307692324 0.7451923076923077 0.45432692307692324
0 0.8100961538461539 0.7740384615384616 0.7596153846153846 0.7740384615384616 0.7596153846153846 0.9206730769230769 0.8100961538461539 0.9206730769230769
0 0.7740384615384616 0.7740384615384616 0.7259615384615384 0.7740384615384616 0.7259615384615384 0.8942307692307693 0.7740384615384616 0.8942307692307693
0 0.6081730769230769 0.18750000000000006 0.5673076923076923 0.18750000000000006 0.5673076923076923 0.3028846153846155 0.6081730769230769 0.3028846153846155
0 0.5793269230769231 0.17307692307692316 0.5432692307692307 0.17307692307692316 0.5432692307692307 0.31250000000000006 0.5793269230769231 0.3125000000000001
0 0.5480769230769231 0.18990384615384623 0.5096153846153846 0.18990384615384623 0.5096153846153846 0.33413461538461536 0.5480769230769231 0.33413461538461536
0 0.5144230769230769 0.18990384615384623 0.4855769230769231 0.18990384615384623 0.4855769230769231 0.3485576923076923 0.5144230769230769 0.3485576923076923
0 0.49038461538461536 0.18269230769230776 0.4519230769230769 0.18269230769230776 0.4519230769230769 0.3581730769230769 0.49038461538461536 0.3581730769230769
0 0.4182692307692308 0.18750000000000006 0.38221153846153844 0.18750000000000006 0.38221153846153844 0.3076923076923077 0.4182692307692308 0.3076923076923077
0 0.3918269230769231 0.18990384615384623 0.3581730769230769 0.18990384615384623 0.3581730769230769 0.3245192307692308 0.3918269230769231 0.3245192307692308
0 0.36778846153846156 0.18750000000000006 0.33413461538461536 0.18750000000000006 0.33413461538461536 0.26201923076923084 0.36778846153846156 0.26201923076923084
0 0.34134615384615385 0.17788461538461545 0.31490384615384615 0.17788461538461545 0.31490384615384615 0.3125 0.34134615384615385 0.3125
0 0.3245192307692308 0.19471153846153852 0.28846153846153844 0.19471153846153852 0.2884615384615385 0.29807692307692313 0.3245192307692308 0.29807692307692313
0 0.25480769230769235 0.20673076923076922 0.21875 0.20673076923076922 0.21875000000000003 0.2980769230769231 0.2548076923076924 0.2980769230769231
0 0.22355769230769235 0.20432692307692307 0.19951923076923078 0.20432692307692307 0.1995192307692308 0.3076923076923077 0.22355769230769237 0.3076923076923077
0 0.2475961538461539 0.3942307692307692 0.22115384615384623 0.3942307692307692 0.22115384615384623 0.4567307692307692 0.2475961538461539 0.4567307692307692
0 0.22115384615384623 0.3942307692307692 0.1971153846153847 0.3942307692307692 0.1971153846153847 0.4735576923076923 0.22115384615384623 0.4735576923076923
0 0.2283653846153847 0.4855769230769231 0.1971153846153847 0.4855769230769231 0.1971153846153847 0.5456730769230769 0.2283653846153847 0.5456730769230769
0 0.19230769230769235 0.23317307692307693 0.17548076923076922 0.23317307692307693 0.17548076923076927 0.2980769230769231 0.19230769230769237 0.2980769230769231
0 0.17548076923076927 0.22355769230769232 0.14903846153846156 0.22355769230769232 0.14903846153846156 0.2980769230769231 0.1754807692307693 0.2980769230769231
0 0.15384615384615388 0.2403846153846154 0.12500000000000003 0.2403846153846154 0.12500000000000003 0.33653846153846156 0.1538461538461539 0.33653846153846156