2 0.9268292451923077 5.938286599707285e-17 0.04082636057692313 5.1308361630952155e-18 0.040826360576923196 0.9737911033653847 0.9268292451923077 0.9737911033653847
0 0.12740384615384626 0.7283653846153846 0.06490384615384624 0.7283653846153846 0.06490384615384626 0.9182692307692307 0.12740384615384626 0.9182692307692307
0 0.10576923076923084 0.5072115384615384 0.06730769230769237 0.5072115384615384 0.06730769230769237 0.6033653846153846 0.10576923076923084 0.6033653846153846
0 0.08173076923076926 0.3581730769230769 0.05048076923076928 0.3581730769230769 0.05048076923076928 0.41586538461538464 0.08173076923076926 0.41586538461538464
0 0.10336538461538465 0.3581730769230769 0.07932692307692311 0.3581730769230769 0.07932692307692311 0.41346153846153844 0.10336538461538465 0.41346153846153844
0 0.12980769230769235 0.3581730769230769 0.10576923076923081 0.3581730769230769 0.10576923076923081 0.40865384615384615 0.12980769230769235 0.40865384615384615
0 0.1658653846153847 0.34375 0.13461538461538464 0.34375 0.13461538461538464 0.41346153846153844 0.1658653846153847 0.41346153846153844
0 0.10576923076923078 0.10096153846153846 0.06250000000000001 0.10096153846153846 0.06250000000000001 0.1466346153846154 0.10576923076923081 0.1466346153846154
0 0.2668269230769232 0.7956730769230769 0.23076923076923084 0.7956730769230769 0.23076923076923087 0.8581730769230769 0.26682692307692324 0.8581730769230769
0 0.32211538461538475 0.8701923076923077 0.29567307692307704 0.8701923076923077 0.29567307692307704 0.9278846153846154 0.32211538461538475 0.9278846153846154
0 0.29567307692307704 0.9038461538461539 0.25961538461538475 0.9038461538461539 0.25961538461538475 0.9375 0.29567307692307704 0.9375
0 0.25 0.057692307692307716 0.19951923076923078 0.05769230769230771 0.19951923076923078 0.20673076923076922 0.25 0.20673076923076922
0 0.28846153846153844 0.08413461538461542 0.24759615384615385 0.08413461538461542 0.24759615384615385 0.20913461538461542 0.28846153846153844 0.20913461538461545
0 0.2692307692307693 0.5528846153846154 0.2379807692307693 0.5528846153846154 0.2379807692307693 0.6322115384615384 0.2692307692307693 0.6322115384615384
0 0.29807692307692313 0.5360576923076923 0.26682692307692313 0.5360576923076923 0.26682692307692313 0.6274038461538461 0.29807692307692313 0.6274038461538461
0 0.30048076923076933 0.7451923076923077 0.26682692307692313 0.7451923076923077 0.2668269230769232 0.8533653846153846 0.3004807692307694 0.8533653846153846
0 0.3317307692307694 0.7307692307692307 0.3028846153846155 0.7307692307692307 0.3028846153846155 0.8317307692307693 0.3317307692307694 0.8317307692307693
0 0.4375000000000001 0.6899038461538461 0.40384615384615397 0.6899038461538461 0.40384615384615397 0.8028846153846154 0.4375000000000001 0.8028846153846154
0 0.4687500000000001 0.6778846153846154 0.43509615384615397 0.6778846153846154 0.43509615384615397 0.8052884615384616 0.4687500000000001 0.8052884615384616
0 0.5024038461538463 0.6514423076923077 0.47355769230769246 0.6514423076923077 0.47355769230769246 0.7956730769230769 0.5024038461538463 0.7956730769230769
0 0.5264423076923078 0.6346153846153846 0.5024038461538463 0.6346153846153846 0.5024038461538463 0.7932692307692307 0.5264423076923078 0.7932692307692307
0 0.5673076923076924 0.625 0.5264423076923078 0.625 0.5264423076923078 0.7956730769230769 0.5673076923076924 0.7956730769230769
0 0.6298076923076923 0.6730769230769231 0.6009615384615385 0.6730769230769231 0.6009615384615385 0.8004807692307693 0.6298076923076923 0.8004807692307693
0 0.65625 0.6538461538461539 0.6274038461538461 0.6538461538461539 0.6274038461538461 0.8028846153846154 0.65625 0.8028846153846154
0 0.6826923076923077 0.71875 0.6538461538461539 0.71875 0.6538461538461539 0.8004807692307693 0.6826923076923077 0.8004807692307693
0 0.7019230769230769 0.6850961538461539 0.6826923076923077 0.6850961538461539 0.6826923076923077 0.7980769230769231 0.7019230769230769 0.7980769230769231
0 0.7331730769230769 0.6899038461538461 0.7043269230769231 0.6899038461538461 0.7043269230769231 0.7884615384615384 0.7331730769230769 0.7884615384615384
0 0.8052884615384616 0.6826923076923077 0.7764423076923077 0.6826923076923077 0.7764423076923077 0.7716346153846154 0.8052884615384616 0.7716346153846154
0 0.8293269230769231 0.6658653846153846 0.8052884615384616 0.6658653846153846 0.8052884615384616 0.7716346153846154 0.8293269230769231 0.7716346153846154
0 0.8028846153846154 0.5072115384615385 0.7788461538461539 0.5072115384615385 0.7788461538461539 0.5793269230769232 0.8028846153846154 0.5793269230769232
0 0.8341346153846154 0.4951923076923078 0.8028846153846154 0.4951923076923078 0.8028846153846154 0.5817307692307694 0.8341346153846154 0.5817307692307694
0 0.8341346153846154 0.4254807692307694 0.7956730769230769 0.4254807692307694 0.7956730769230769 0.48317307692307704 0.8341346153846154 0.48317307692307704
0 0.8557692307692307 0.6730769230769231 0.8317307692307693 0.6730769230769231 0.8317307692307693 0.7379807692307693 0.8557692307692307 0.7379807692307693
0 0.8798076923076923 0.6730769230769231 0.8557692307692307 0.6730769230769231 0.8557692307692307 0.7548076923076923 0.8798076923076923 0.7548076923076923
0 0.90625 0.6418269230769231 0.8725961538461539 0.6418269230769231 0.8725961538461539 0.7211538461538461 0.90625 0.7211538461538461