2 0.8711842582047017 0.8837808139246663 0.844868902361099 0.06029639683203801 0.04093862252178196 0.0859868785804486 0.06725397836538463 0.9094712956730769
0 0.8115191219828061 0.11033505084769243 0.8015786089260015 0.02895863805658306 0.07250118646242631 0.11801888768965987 0.08244169951923076 0.19939530048076926
0 0.4581955713048927 0.21888362937264658 0.45324000240384615 0.15672070673076924 0.14958269360231297 0.18092797775535588 0.1545382625033594 0.24309090039723322
0 0.23901337054693458 0.28729537761323026 0.23271103259662643 0.23755069123436387 0.07934245291507644 0.25698152275574904 0.08564479086538462 0.30672620913461546
0 0.2434011098847266 0.3282295440079235 0.23775609487266916 0.2872137942837978 0.07980814182692307 0.30895223798076926 0.08545315683898053 0.3499679877048949
0 0.24282312882651957 0.37352796102793195 0.23829331511765878 0.33387384556548383 0.08030812740384616 0.3519209879807693 0.08483794111270694 0.39157510344321744
0 0.47555080486142387 0.38571117773903646 0.46793880058486487 0.331824119511513 0.0698353010119025 0.3880596172532458 0.07744730528846157 0.4419466754807692
0 0.5090176242659878 0.24432374753942254 0.5034009290506252 0.20582033532785887 0.36874969420771414 0.22546261903843634 0.3743663894230768 0.26396603125
0 0.5484763073330581 0.2739775565285905 0.5433354018035005 0.23873578443271526 0.3685070144230769 0.2642389350961538 0.3736479199526345 0.29948070719202907
0 0.5648897207390073 0.3168837612260503 0.5600260313957061 0.27746517001313176 0.3904004711538462 0.29839453365384616 0.39526416049714747 0.3378131248667647
0 0.7451923076923077 0.17067307692307698 0.6201923076923077 0.17067307692307698 0.6201923076923077 0.21875000000000006 0.7451923076923077 0.21875000000000006
0 0.7115384615384616 0.21875000000000006 0.6105769230769231 0.21875000000000006 0.6105769230769231 0.26682692307692313 0.7115384615384616 0.26682692307692313
0 0.71875 0.26201923076923084 0.6153846153846154 0.26201923076923084 0.6153846153846154 0.3052884615384616 0.71875 0.3052884615384616
0 0.7307692307692307 0.3052884615384616 0.5745192307692307 0.3052884615384616 0.5745192307692307 0.3701923076923078 0.7307692307692307 0.3701923076923078
0 0.25754675588063153 0.45504122318226864 0.25306946874999997 0.42008765625 0.08509784748475308 0.4416035484523468 0.08957513461538463 0.4765571153846154
0 0.25890238993779185 0.49323465690951357 0.24813848460909027 0.4433263797882469 0.08137797447899071 0.4792922445133488 0.09214187980769228 0.5292005216346154
0 0.6933025260865394 0.41047316310011417 0.6824955610594633 0.3487338955377806 0.3717596455498471 0.40312573243766636 0.38256661057692304 0.464865
0 0.4393057898867931 0.5086082445857186 0.4296215868660291 0.45902196541926743 0.12395056140231296 0.518719533333549 0.13363476442307695 0.5683058125000001
0 0.21394015625 0.5841073653846154 0.20462793037382793 0.544910949649446 0.07899271874999998 0.5747591754807693 0.0883049446261721 0.6139555912159387
0 0.23190463461538463 0.6164917740384616 0.22438735215954766 0.5805467090911164 0.08012882331339381 0.6107158605334241 0.08764610576923076 0.6466609254807693
0 0.2381958173076923 0.6533282451923079 0.22836267207303335 0.6130811586895304 0.08180945673076924 0.6488869567307695 0.09164260196542819 0.689134043233547
0 0.4885106582488386 0.6452370388248917 0.48072017550827517 0.6062832942884822 0.09636696197097508 0.6831513107520523 0.10415744471153851 0.7221050552884617
0 0.2684017596153846 0.7300887211538462 0.26258561305785577 0.6951301254606587 0.08269579567307694 0.7250588317307695 0.08851194223060577 0.760017427423957
0 0.2970412909612217 0.7638455297325405 0.29181653125 0.7270439783653847 0.08354129050250157 0.7566130602729942 0.08876605021372332 0.7934146116401501
0 0.27312616826923086 0.8002192860576923 0.26713631822484146 0.7689148324406249 0.08946423798076925 0.8029109254807694 0.09545408802515865 0.8342153790978368
0 0.27132726236708443 0.838336256185557 0.2645371898501657 0.8019114259268634 0.07813184134615386 0.8366598605769232 0.08492191386307255 0.8730846908356168
0 0.4185423894230769 0.7015997908653847 0.4076568773529434 0.6581085986082178 0.282952324468328 0.6893211923582178 0.29383783653846157 0.7328123846153846
0 0.4871063052884615 0.7159940264423077 0.48063200524425215 0.6866900502772656 0.29962903125 0.7266801033653846 0.3061033312942093 0.7559840795304267
0 0.4134102692307692 0.7643726947115386 0.40714246139118754 0.7350368224606882 0.2901822282181107 0.7600261686145344 0.2964500360576923 0.7893620408653848
0 0.3677884615384617 0.7884615384615384 0.27644230769230776 0.7884615384615384 0.27644230769230776 0.8341346153846154 0.3677884615384617 0.8341346153846154
0 0.6705168725961539 0.5237582908653846 0.6622498389423078 0.4850596658653846 0.4951088431770223 0.5207653333646558 0.5033758768308686 0.5594639583646558
0 0.6963620312499998 0.5616382043269231 0.6901577028167125 0.5245514296897906 0.5282755946436356 0.5516330450744059 0.534479923076923 0.5887198197115384
0 0.6108790649038462 0.6047033076923077 0.6034289945960385 0.5715651668616384 0.5032753774038462 0.5940815625 0.5107254477116538 0.6272197033306692
0 0.611838228365291 0.6378048851428043 0.6056076752347971 0.602659539394588 0.5133364495192307 0.6190173461538462 0.5195670026497248 0.6541626919020623
0 0.6295325068459461 0.6722365394511833 0.624319756125283 0.6387200674724771 0.5118151298076924 0.656217689903846 0.5170278805283556 0.6897341618825522
0 0.6392269877995993 0.6928919507150287 0.6306497448387207 0.6581874760552895 0.5118230935775829 0.6875555926479533 0.5204003365384615 0.7222600673076923
0 0.6434045043921758 0.7272119749816444 0.6371703692436311 0.7001541665227276 0.5145525547553015 0.7284053838487756 0.5207866899038461 0.7554631923076924
0 0.7337000408653847 0.7475007764423076 0.7247834401228567 0.7088261423334619 0.5123473487767026 0.7578041831988465 0.5212639495192306 0.7964788173076923