2 0.8598652085572838 0.8958120646089827 0.8431431852513984 0.07165520167605863 0.039918601694114625 0.08795251206707595 0.056640625 0.912109375
0 0.8082051991150443 0.14817201327433646 0.802016039823009 0.06616565265486743 0.07388896570796462 0.12111863938053097 0.080078125 0.203125
0 0.4532391447800753 0.24016592235827566 0.451171875 0.17773437499999997 0.1479292391351967 0.18777552188294047 0.14999650891527205 0.25020706924121616
0 0.2339269301470588 0.29886259191176473 0.23006663602941174 0.24867876838235298 0.07817095588235295 0.26036305147058825 0.08203125 0.310546875
0 0.2380731301229508 0.33950755635245905 0.2343109631147541 0.29812371926229514 0.076171875 0.31250000000000006 0.07993404200819672 0.35388383709016397
0 0.23701123943373933 0.384719468619342 0.23431286641065263 0.34478354787765864 0.076171875 0.35546875 0.07887024802308672 0.39540467074168334
0 0.4692354782027378 0.4077879865131741 0.46409449786259255 0.3534018260726902 0.06712464465985477 0.39092633955951617 0.072265625 0.4453125
0 0.5058593750000001 0.267578125 0.5019169860966737 0.22871743438149691 0.36715136109667357 0.24238930938149691 0.37109375 0.28125
0 0.544921875 0.29882812500000006 0.5412826976837061 0.26324505790734826 0.36523437500000006 0.28125 0.36887355231629393 0.31683306709265174
0 0.5605468750000001 0.33984375000000006 0.5567086037501798 0.3000216857831152 0.38671875 0.31640625 0.3905570212498202 0.35622831421688483
0 0.7427884615384616 0.20432692307692316 0.6201923076923077 0.20432692307692316 0.6201923076923077 0.2475961538461539 0.7427884615384616 0.2475961538461539
0 0.7091346153846154 0.2524038461538462 0.6081730769230769 0.2524038461538462 0.6081730769230769 0.295673076923077 0.7091346153846154 0.295673076923077
0 0.7139423076923077 0.295673076923077 0.6129807692307693 0.295673076923077 0.6129807692307693 0.3317307692307694 0.7139423076923077 0.3317307692307694
0 0.7283653846153846 0.3389423076923078 0.5721153846153846 0.3389423076923078 0.5721153846153846 0.39663461538461553 0.7283653846153846 0.39663461538461553
0 0.25195312499999994 0.466796875 0.2490846940060443 0.4315561513599731 0.08111594400604433 0.4452280263599731 0.083984375 0.48046875
0 0.2519137041284404 0.5052071387614678 0.24336902346506703 0.4545493891143261 0.07739281933662667 0.4825453753528582 0.0859375 0.533203125
0 0.6868140059023288 0.442696121038163 0.6788044247250972 0.3802213878557567 0.36894354382276845 0.4199471418175938 0.376953125 0.4824218750000001
0 0.4318204741335424 0.5289803691608292 0.42436337702105564 0.47872601905494017 0.11949602788751323 0.5239643998941109 0.126953125 0.5742187500000001
0 0.20703125 0.59375 0.19944098741794308 0.5539011214442013 0.07226562499999999 0.578125 0.0798558875820569 0.6179738785557987
0 0.22460937500000003 0.6269531250000001 0.21869578514234878 0.590485987544484 0.07416453514234875 0.6139234875444839 0.08007812500000003 0.6503906250000001
0 0.23046875 0.6640625 0.22239667868054228 0.6231255668798931 0.07421875 0.65234375 0.0822908213194577 0.6932806831201069
0 0.4796645688142232 0.6677928912529251 0.4736197969656119 0.6283003818419982 0.08965835315138874 0.6870699905890731 0.095703125 0.7265625
0 0.259765625 0.7421875 0.25553882134536987 0.7068360512521841 0.07421875000000001 0.728515625 0.07844555365463016 0.7638670737478159
0 0.287109375 0.7773437499999999 0.283203125 0.740234375 0.0751872859589041 0.762130779109589 0.07909353595890409 0.7992401541095889
0 0.263671875 0.8124999999999999 0.25909056982404155 0.7807832718587495 0.080078125 0.806640625 0.0846594301759584 0.8383573531412504
0 0.26036658653846156 0.8506610576923077 0.25521904011936336 0.8137703083554377 0.06835937500000001 0.8398437500000001 0.07350692141909815 0.8767344993368701
0 0.41015625 0.7207031250000001 0.40116683763188743 0.676447556418523 0.27616683763188743 0.701838181418523 0.28515625 0.74609375
0 0.478515625 0.73828125 0.4733407396788991 0.7085256594036697 0.29101562499999994 0.740234375 0.2961905103211009 0.7699899655963303
0 0.40429687499999994 0.783203125 0.3993348817567567 0.7534311655405405 0.28214738175675674 0.7729624155405405 0.287109375 0.802734375
0 0.35817307692307704 0.8028846153846154 0.26682692307692313 0.8028846153846154 0.2668269230769232 0.8485576923076923 0.35817307692307704 0.8485576923076923
0 0.6640625 0.5546875 0.6581150859220093 0.5153430684071382 0.4896134542300066 0.5408142452908129 0.49556086830799734 0.5801586768836747
0 0.689453125 0.59375 0.6849343052475318 0.5562437960545142 0.522221862033195 0.5758477048755186 0.526740681785663 0.6133539088210044
0 0.603515625 0.6328125 0.5975319007300144 0.5991540509813308 0.49609375 0.6171875 0.5020774742699856 0.6508459490186692
0 0.6035156249999999 0.666015625 0.5988760455390334 0.6304455157992565 0.505859375 0.642578125 0.5104989544609665 0.6781482342007435
0 0.62109375 0.69921875 0.6167795929570592 0.6653218018054652 0.50390625 0.6796875 0.5082204070429408 0.7135844481945348
0 0.6297191112716762 0.7279398482658959 0.6241871387283238 0.6919820267341039 0.5061867774566473 0.710135928468208 0.51171875 0.74609375
0 0.633756256718624 0.7569233321015857 0.6287157140217683 0.7294294628460091 0.505859375 0.751953125 0.5108999176968557 0.7794469942555765
0 0.724609375 0.78125 0.7173986684207312 0.7419516491429851 0.5045080434207312 0.7810141491429851 0.51171875 0.8203125