2 0.9123233517167032 0.08117322169263733 0.08756109855769233 0.06227291105769232 0.06876645357175841 0.8824241797496707 0.8935287067307693 0.9013244903846156
0 0.8937559639423077 0.8622619903846155 0.8784512602816714 0.12943079788209363 0.7964091201923077 0.1311441947115385 0.811713823852944 0.8639753872140604
0 0.8196407836538463 0.5038650504807692 0.7960114158653848 0.19950356971153851 0.7341949498188011 0.2043027447185269 0.7578243176072625 0.5086642254877577
0 0.744752923076923 0.2782806105769231 0.7394259087739976 0.12446619097243605 0.6889758822115386 0.12621341346153844 0.6943028965144641 0.28002783306602547
0 0.6998083221153848 0.27930813461538456 0.6870568461538463 0.12022887740384612 0.6458450208122343 0.12353233512288665 0.6585964967737727 0.2826115923344251
0 0.6529333221153847 0.27630425 0.6440880961538462 0.11747531490384616 0.6043272525151212 0.11968960694196257 0.6131724784766597 0.2785185420381164
0 0.6359674927884617 0.5057717043269231 0.6086081306830038 0.10411014895244228 0.5542670697115385 0.10781161538461538 0.5816264318169964 0.5094731707590963
0 0.7648434680020189 0.5503479874001673 0.7554408179735462 0.414465067272796 0.7165910408653846 0.41715334374999996 0.7259936908938572 0.5530362638773714
0 0.7288333347191257 0.5877215561319793 0.7166251274038462 0.4112939687499999 0.6812083052434239 0.41374469606424186 0.6934165125587034 0.5901722834462212
0 0.6920740600961539 0.6011982740384616 0.6813438870192309 0.4305254278846154 0.6417901720820016 0.433012163277363 0.6525203451589247 0.6036850094312093
0 0.7932692307692307 0.6682692307692307 0.7475961538461539 0.6682692307692307 0.7475961538461539 0.7932692307692307 0.7932692307692307 0.7932692307692307
0 0.7451923076923077 0.6538461538461539 0.6995192307692307 0.6538461538461539 0.6995192307692307 0.7572115384615384 0.7451923076923077 0.7572115384615384
0 0.7019230769230769 0.65625 0.6634615384615384 0.65625 0.6634615384615384 0.7596153846153846 0.7019230769230769 0.7596153846153846
0 0.6586538461538461 0.6105769230769232 0.5985576923076924 0.6105769230769232 0.5985576923076924 0.7692307692307693 0.6586538461538461 0.7692307692307693
0 0.56691628125 0.28446899759615385 0.5539848979506922 0.11461717963447779 0.518883505583343 0.11728956527325861 0.5318148888826509 0.28714138323493466
0 0.5278651442307691 0.2800126346153846 0.5171236081730769 0.11129291346153845 0.4662130550526931 0.11453413232036416 0.4769545911103854 0.28325385347421034
0 0.5936905817307693 0.7199401778846154 0.5779305288461539 0.40631372115384623 0.5153517770473532 0.4094583679673928 0.5311118299319687 0.723084824698162
0 0.5092416274038462 0.4585736778846154 0.47531528956226965 0.14873375868387548 0.4250426586538462 0.15423842788461542 0.4589689964954227 0.4640783470853553
0 0.4426785493303254 0.2268004340949506 0.42145456971153844 0.09930060336538457 0.38188628607115915 0.10588725089839225 0.4031102656899461 0.2333870816279583
0 0.39733898751591207 0.2465415383425617 0.3860122833741758 0.09963938935949222 0.3491434951923077 0.10248211057692308 0.3604701993340439 0.24938425955999255
0 0.3701286939618634 0.24657380076296836 0.3472244591346154 0.09649757451923076 0.3067028349400086 0.1026818771190804 0.32960706976725657 0.252758103362818
0 0.36247317788461536 0.49801465624999997 0.3123819280281578 0.10815052734927602 0.27288071634615385 0.11322579567307695 0.3229719662026114 0.5030899245738009
0 0.288868726306187 0.2730896879818796 0.27105258413461536 0.09161625961538461 0.23584749910358765 0.09507251657664263 0.2536636412751593 0.2765459449431376
0 0.25811799759615384 0.2998496634615385 0.22970196120191547 0.09059454366563797 0.1930384372620017 0.09557330849411041 0.22145447365624005 0.304828428290011
0 0.21725009134615386 0.27183063701923077 0.19289349519230775 0.09246915624999998 0.16139002276141545 0.09674720609744916 0.18574661891526156 0.27610868686667994
0 0.18015207932692306 0.2674994350961538 0.1597585456730769 0.07862265384615384 0.12327070616145798 0.08256234393464289 0.14366423981530416 0.27143912518464286
0 0.32114794899543436 0.41926133039812213 0.2959974417829415 0.29273105032353375 0.25176014903750715 0.30152412617541163 0.27691065625 0.42805440624999996
0 0.288448167355052 0.49038095413314253 0.2580725456730769 0.30766216346153846 0.2285592052411018 0.3125685338476267 0.2589348269230769 0.49528732451923074
0 0.24389792892782516 0.41286834290134483 0.2225793259372349 0.29487533720371506 0.19312614220171742 0.3001968452639087 0.2144447451923077 0.41818985096153843
0 0.1947115384615385 0.2764423076923077 0.15144230769230774 0.2764423076923077 0.15144230769230774 0.3701923076923077 0.19471153846153852 0.3701923076923077
0 0.4805570480769231 0.6872901610576924 0.45184345386844693 0.5171299489372438 0.4129471563744381 0.5236934839054805 0.44166075058291426 0.6938536960259292
0 0.4393937067307693 0.7100523846153848 0.4156109621869471 0.5474511765802942 0.37845613526387023 0.5528855996572173 0.40223887980769235 0.7154868076923079
0 0.3873377935450576 0.6253718695210713 0.3799263100961538 0.5206254903846154 0.3474848342906963 0.5229209345133039 0.35489631773960006 0.6276673136497598
0 0.36185266466781213 0.6224484783621609 0.3544788701923077 0.5287640096153846 0.31905900877884197 0.531551865296348 0.3264328032543464 0.6252363340431243
0 0.3263254016187124 0.6380737294281348 0.31738085817307693 0.5244328076923077 0.28372823097968813 0.5270815664439374 0.2926727744253236 0.6407224881797645
0 0.2990982307692308 0.6444001009615387 0.28724499215146293 0.5244025604567056 0.25092915624999995 0.5279898028846153 0.26278239486776783 0.6479873433894482
0 0.26587237980769235 0.646178596153846 0.24502872477611234 0.5213047454697433 0.21772603124999998 0.525862048076923 0.23856968628157998 0.6507358987610258
0 0.25067214028614654 0.7328762166290967 0.21630486114953845 0.5169322293916258 0.17671040624999998 0.5232336490384616 0.21107768538660804 0.7391776362759326