0 0.8376732445340707 0.7105311127750169 0.5513086706730769 0.6546351899038462 0.5234758155620832 0.7972277670326756 0.8098403894230769 0.8531236899038463
0 0.8655486225961538 0.46176440144230774 0.5392970985576924 0.44824009615384625 0.5324115173467564 0.6143433684509483 0.858663041385218 0.6278676737394098
0 0.8935706033653846 0.4504645625 0.8744886754807693 0.20575478605769232 0.5144420848299852 0.23383042397369375 0.5335240127146006 0.4785402004160014
0 0.8796447677545712 0.19936352805136512 0.8494733701923078 0.062159564903846116 0.48014602311081345 0.1433753108909426 0.510317420673077 0.2805792740384616
0 0.6610576923076923 7.050550682591132e-17 0.49038461538461536 6.005479495818751e-17 0.49038461538461536 0.10096153846153853 0.6610576923076923 0.10096153846153853
0 0.2716346153846155 0.5745192307692307 0.15144230769230776 0.5745192307692307 0.15144230769230776 0.6730769230769231 0.2716346153846155 0.6730769230769231
0 0.49814564918828036 0.6848737989339765 0.3036858125 0.6253241322115385 0.27979601186941194 0.7033364366429465 0.4742558485576923 0.7628861033653848
0 0.5242188400145683 0.5900083853815512 0.29249458653846155 0.5330278100961539 0.269298241716201 0.6273609343299873 0.5010224951923078 0.6843415096153846
0 0.24278846153846162 0.4230769230769231 0.1442307692307693 0.4230769230769231 0.1442307692307693 0.5072115384615384 0.24278846153846162 0.5072115384615384
0 0.3569978076923076 0.40577690384615384 0.34990074759615375 0.3338293581730769 0.12565188339982838 0.3559497467256932 0.13274894349598226 0.4278972923987701
0 0.4220504879664974 0.3311090558526329 0.4145413245192308 0.2714403389423076 0.11293492549504104 0.3093967734742902 0.12044408894230767 0.36906549038461545
0 0.3262133293269231 0.28979877644230767 0.30751675961538466 0.2060417932692308 0.11166990292314706 0.2497595141112718 0.13036647263468548 0.3335164972843487
0 0.29692233960290754 0.2102556459728618 0.27195129567307696 0.12378045192307693 0.09199702097401555 0.1757450198925228 0.11696806490384618 0.2622202139423077
0 0.2496512381564283 0.1348897168465188 0.2197227231446096 0.07189311361314207 0.08565830229587361 0.13558462753585404 0.11558681730769231 0.19858123076923073
0 0.05175893280702631 0.5472761364777361 6.405132834375903e-17 0.5454686754807693 -0.0027129231916415675 0.623156664003033 0.04904600961538468 0.6249641249999999
0 0.1335395878519592 0.5764337325504448 0.07119955528846161 0.5753286249999999 0.06987523426342554 0.650034671295709 0.13221526682692317 0.6511397788461538
0 0.11090499038461539 0.5734343725961538 0.10998773450039233 0.4967983979815896 0.06912004807692308 0.49728754326923086 0.07003730396114617 0.5739235178837951
0 0.04170094471153851 0.41019752644230767 5.0272036512468024e-17 0.41019752644230767 5.313330997839027e-17 0.45692566826923076 0.04170094471153851 0.45692566826923076
0 0.11943367735298174 0.40661311900839436 0.048271466346153896 0.4063609807692308 0.048034154377787575 0.4733387007031441 0.11919636538461544 0.4735908389423077
0 0.03667195432692308 0.39455154807692305 0.0309762688902444 0.35007807397084023 -0.005695685436678686 0.35477462445160945 -8.540177112501205e-18 0.39924809855769233
0 0.030575962561242547 0.2696254679940541 0.028460745192307693 0.21691868749999996 -0.0021152173689348566 0.21814575556363816 0 0.27085253605769233