0 0.85483965288195 0.33433109746985745 0.8347570240384615 0.19096014663461539 0.5407726860603576 0.23213988570321947 0.5608553149038461 0.37551083653846157
0 0.8628583870192308 0.41832520673076934 0.5351542579703534 0.41447875124985833 0.5332009110576924 0.5808968605769231 0.8609050401065697 0.5847433160578341
0 0.8881110408653847 0.5972771586538462 0.5310016905877929 0.5420281630998751 0.49336664010702375 0.7852873986767981 0.8504759903846156 0.8405363942307693
0 0.8521764344889395 0.8463638621000893 0.49148869711538473 0.7467287379807694 0.45386774820336834 0.8829198157845263 0.8145554855769231 0.9825549399038463
0 0.6225961538461539 0.9230769230769231 0.45432692307692324 0.9230769230769231 0.45432692307692324 1 0.6225961538461539 1
0 0.27644230769230776 0.33653846153846156 0.15865384615384623 0.33653846153846156 0.15865384615384623 0.43990384615384615 0.27644230769230776 0.43990384615384615
0 0.5113604891145762 0.3421783550401757 0.49189674759615387 0.2634128365384615 0.29122220559696227 0.3130015079405935 0.3106859471153846 0.3917670264423077
0 0.5307270276770197 0.43823920511898556 0.512751858173077 0.3432187692307692 0.2745166574191342 0.3882861073810145 0.29249182692307696 0.48330654326923084
0 0.2379807692307693 0.5024038461538461 0.13701923076923084 0.5024038461538461 0.13701923076923084 0.5889423076923077 0.2379807692307693 0.5889423076923077
0 0.3474456442307693 0.6137107980769231 0.1254801341193951 0.574707346401709 0.112926273542472 0.6461503584209396 0.3348917836538462 0.6851538100961538
0 0.4055638894355168 0.6914117478838807 0.10779974038461551 0.6379349471153847 0.09712993027602193 0.6973455117315042 0.3948940793269232 0.7508223125000002
0 0.30783933894230775 0.7278599855769232 0.11631126534678125 0.6697610483739946 0.09124842640447359 0.7523828224124561 0.2827765000000001 0.8104817596153848
0 0.2707216266236045 0.8051051948330754 0.0962294591346155 0.7444018221153846 0.06644354645331886 0.8300215864169245 0.24093571394230784 0.8907249591346154
0 0.2184929606347374 0.8779445135802022 0.09002803605769251 0.8078516033653848 0.05628125406272584 0.8697020500141941 0.18474617863977072 0.9397949602290117
0 0.05568235817307698 0.37875682932692306 4.7270399682643505e-17 0.37875682932692306 5.197990847871456e-17 0.45566894471153846 0.05568235817307698 0.45566894471153846
0 0.14094338942307696 0.3569958629807693 0.07945490301196159 0.35271160776571553 0.0741070913461539 0.42946446875000005 0.13559557775726924 0.4337487239650538
0 0.11372157692307702 0.4334399302884616 0.07319841044292444 0.4285454498794197 0.06372675504132921 0.5069646969914156 0.1042499215214818 0.5118591774004574
0 0.03560475721153854 0.546101545673077 6.405132834375903e-17 0.5443708677884616 -0.0022689359160664255 0.5910490585356898 0.033335821295472044 0.5927797364203051
0 0.11446437740384621 0.533535733173077 0.039307941644410344 0.5324258264502931 0.03835551682692315 0.596918502403846 0.11351195258635903 0.5980284091266299
0 0.02584653846153852 0.6080972668269231 6.832141690000964e-17 0.60339678125 -0.008052459638369314 0.6476748040940438 0.01779407882316914 0.6523752896709668
0 0.009739973557692396 0.7347104326923077 8.997607796968015e-17 0.7347104326923077 9.305379230207359e-17 0.7849733221153846 0.009739973557692402 0.7849733221153846