0 0.9399038461538461 0.5985576923076924 0.7451923076923077 0.5985576923076924 0.7451923076923077 0.8581730769230769 0.9399038461538461 0.8581730769230769
0 0.7561433389423076 0.8950367091346154 0.6767815992845082 0.5511713661189549 0.5199265645943904 0.5873724217936039 0.5992883042521897 0.9312377648092645
0 0.5851685017784765 0.5560626809928009 0.36832063476863414 0.5501265421943805 0.35852455288461554 0.9079785961538461 0.5753724198944579 0.9139147349522664
0 0.39383332778500263 0.5391627383560115 0.25930317227601485 0.5143100562509413 0.1991816322115385 0.8397542115384617 0.3337117877205263 0.864606893643532
0 0.21777200497522176 0.48296338721414894 0.08572626171871739 0.46921848716364917 0.0425211870319573 0.8842848884110386 0.17456693028846165 0.8980297884615384
0 0.7429795793269232 0.3190239206730769 0.7065745598833073 0.17303911292365085 0.6200610769230769 0.1946134471153846 0.6564660963666928 0.34059825486481066
0 0.8435094062500001 0.5075920745192308 0.7647842450882015 0.32952947266603494 0.6721579834841098 0.37048145975768126 0.7508831446459083 0.5485440616108772
0 0.7705642115384617 0.5340722115384613 0.6472992778365654 0.3072379759560949 0.5656407229771832 0.35161239027275326 0.6889056566790794 0.5784466258551196
0 0.5719660841346154 0.2936092019230769 0.5461236044507458 0.16066697638627014 0.4675361825215031 0.17594349102572052 0.49337866220537274 0.3088857165625273
0 0.4802655625 0.37843309615384607 0.4640892173578238 0.1608028857103492 0.3983745005465797 0.16568742787888713 0.4145508456887559 0.3833176383223841
0 0.42494667067307695 0.4480637956730768 0.40766808653846154 0.16090896634615384 0.34354536180789713 0.1647673374444036 0.36082394594251255 0.45192216677132657
0 0.3884290089660174 0.1470578841698746 0.3110876552901555 0.13634574674221334 0.28409928093952275 0.3312011077646465 0.3614406346153846 0.34191324519230776
0 0.3274615996338745 0.15319038332898943 0.23629235253025557 0.1296117655316943 0.19477908222330417 0.29012726441424336 0.28594832932692305 0.3137058822115385
0 0.25423271634615385 0.13569878605769234 0.16104771644418728 0.10070309057579044 0.10530296875000002 0.24913775480769232 0.1984879686519666 0.2841334502895942
0 0.6650685360576924 0.11315036298076929 0.625459836262157 0.001520464588796784 0.5621981016261004 0.02396709485397837 0.6018068014216358 0.13559699324595087
0 0.7001392019230768 0.1955452403846154 0.6787918558840402 0.10480086628388298 0.61249850673646 0.12039618090657361 0.6338458527754965 0.21114055500730608
0 0.6204195649038462 0.11848702403846159 0.5305235207196621 0.10704990305058268 0.5244917115384615 0.15446006730769238 0.6143877557226455 0.1658971882955713