2 1.0044117247828463 0.9879043044549447 0.9942158296964649 -0.01009722306351473 0.005872584134615384 -8.340016711426958e-21 0.016068479220996797 0.9980015275184595
0 0.07932692307692313 0.3798076923076923 0.02403846153846158 0.3798076923076923 0.0240384615384616 0.6153846153846154 0.07932692307692314 0.6153846153846154
0 0.1490384615384616 0.3918269230769231 0.07932692307692311 0.3918269230769231 0.07932692307692313 0.6802884615384616 0.14903846153846162 0.6802884615384616
0 0.10336538461538473 0.7163461538461539 0.03365384615384624 0.7163461538461539 0.033653846153846256 0.9975961538461539 0.10336538461538475 0.9975961538461539
0 0.18509615384615394 0.7764423076923077 0.10096153846153856 0.7764423076923077 0.10096153846153857 0.9903846153846154 0.185096153846154 0.9903846153846154
0 0.32211538461538475 0.6153846153846154 0.18269230769230776 0.6153846153846154 0.1826923076923078 0.9807692307692307 0.32211538461538475 0.9807692307692307
0 0.5576923076923077 0.05048076923076929 0.4807692307692308 0.05048076923076928 0.4807692307692308 0.19951923076923084 0.5576923076923077 0.19951923076923084
0 0.6201923076923077 0.09855769230769237 0.5528846153846154 0.09855769230769237 0.5528846153846154 0.16826923076923084 0.6201923076923077 0.16826923076923084
0 0.7091346153846154 0.05528846153846161 0.6225961538461539 0.055288461538461606 0.6225961538461539 0.24038461538461545 0.7091346153846154 0.24038461538461545
0 0.7788461538461539 0.03125000000000009 0.7067307692307693 0.03125000000000008 0.7067307692307693 0.20432692307692316 0.7788461538461539 0.20432692307692316
0 0.8485576923076923 0.03846153846153856 0.78125 0.03846153846153856 0.78125 0.1826923076923078 0.8485576923076923 0.18269230769230782
0 0.3076923076923077 0.2932692307692308 0.1418269230769231 0.2932692307692308 0.14182692307692313 0.5264423076923077 0.3076923076923077 0.5264423076923077
0 0.3846153846153847 0.36778846153846156 0.3028846153846155 0.36778846153846156 0.3028846153846155 0.5673076923076923 0.38461538461538475 0.5673076923076923
0 0.43990384615384615 0.3870192307692308 0.38221153846153844 0.3870192307692308 0.38221153846153844 0.5360576923076923 0.43990384615384615 0.5360576923076923
0 0.4447115384615386 0.8990384615384616 0.3750000000000001 0.8990384615384616 0.3750000000000001 0.9735576923076923 0.4447115384615386 0.9735576923076923
0 0.9565553076923077 0.1927020625000001 0.9048425836179258 0.15340726541042687 0.7756078221153846 0.32348274759615403 0.8273205461897665 0.3627775446857272
0 1.014884974808896 0.2477860031923062 0.9644246225961539 0.2019670408653847 0.761178667018027 0.425801496807694 0.8116390192307693 0.4716204591346155
1 1 0.5048076923076924 0.2860576923076924 0.5048076923076923 0.2860576923076924 0.9807692307692307 1 0.9807692307692307