2 0.9855769230769231 0.004807692307692369 5.8877249959007365e-19 0.004807692307692308 6.152672620716269e-17 1 0.9855769230769231 1
1 0.9759615384615384 0.01201923076923084 0.18509615384615385 0.01201923076923079 0.18509615384615388 0.5240384615384616 0.9759615384615384 0.5240384615384617
0 0.026442307692307758 0.4110576923076923 5.03400487149513e-17 0.4110576923076923 6.211549870675278e-17 0.6033653846153846 0.02644230769230777 0.6033653846153846
0 0.0913461538461539 0.3293269230769231 0.021634615384615426 0.3293269230769231 0.021634615384615443 0.6201923076923077 0.09134615384615391 0.6201923076923077
0 0.1105769230769231 0.016826923076923087 0.03125 0.01682692307692308 0.031250000000000014 0.24759615384615385 0.11057692307692311 0.24759615384615385
0 0.2259615384615385 0.014423076923076943 0.11057692307692307 0.014423076923076936 0.1105769230769231 0.39663461538461536 0.22596153846153852 0.39663461538461536
0 0.4807692307692309 0.7860576923076923 0.4014423076923078 0.7860576923076923 0.4014423076923078 0.9278846153846154 0.4807692307692309 0.9278846153846154
0 0.5528846153846155 0.8173076923076923 0.47836538461538475 0.8173076923076923 0.47836538461538475 0.8894230769230769 0.5528846153846155 0.8894230769230769
0 0.6274038461538461 0.7524038461538461 0.5408653846153848 0.7524038461538461 0.5408653846153848 0.9350961538461539 0.6274038461538461 0.9350961538461539
0 0.6947115384615384 0.7980769230769231 0.6225961538461539 0.7980769230769231 0.6225961538461539 0.9375 0.6947115384615384 0.9375
0 0.7644230769230769 0.8076923076923077 0.6947115384615384 0.8076923076923077 0.6947115384615384 0.96875 0.7644230769230769 0.96875
0 0.37019230769230776 0.4567307692307692 0.23076923076923084 0.4567307692307692 0.23076923076923084 0.6129807692307693 0.3701923076923078 0.6129807692307693
0 0.13942307692307698 0.5048076923076923 0.07451923076923084 0.5048076923076923 0.07451923076923085 0.6826923076923077 0.13942307692307698 0.6826923076923077
0 0.1754807692307693 0.5144230769230769 0.12740384615384623 0.5144230769230769 0.12740384615384623 0.6971153846153846 0.1754807692307693 0.6971153846153846
0 0.22596153846153852 0.5192307692307693 0.16826923076923084 0.5192307692307693 0.16826923076923084 0.7163461538461539 0.22596153846153852 0.7163461538461539
0 0.8599338932563769 0.7969093670454015 0.7240868609103914 0.637121779730361 0.6800992596153846 0.6745188341346153 0.8159462919613701 0.8343064214496558
0 0.9329055653865107 0.7543961426394937 0.7630937548076923 0.5293640456730767 0.6847518660339175 0.5884817366877255 0.8545636766127358 0.8135138336541426
0 0.3581730769230769 0.033653846153846194 0.27884615384615385 0.03365384615384619 0.27884615384615385 0.12980769230769235 0.3581730769230769 0.12980769230769235