2 1 6.211549870675277e-17 0.014423076923076924 1.766317498770221e-18 0.014423076923076985 0.9951923076923077 1 0.9951923076923077
1 0.8221153846153846 0.4903846153846155 0.03605769230769237 0.49038461538461536 0.036057692307692395 0.9903846153846154 0.8221153846153846 0.9903846153846154
0 1 0.39182692307692324 0.9663461538461539 0.39182692307692324 0.9663461538461539 0.5841346153846155 1 0.5841346153846155
0 0.9711538461538461 0.3774038461538463 0.9038461538461539 0.3774038461538463 0.9038461538461539 0.6658653846153846 0.9711538461538461 0.6658653846153846
0 0.9855769230769231 0.7475961538461539 0.9110576923076923 0.7475961538461539 0.9110576923076923 0.9783653846153846 0.9855769230769231 0.9783653846153846
0 0.8990384615384616 0.6009615384615385 0.7908653846153846 0.6009615384615385 0.7908653846153846 0.9831730769230769 0.8990384615384616 0.9831730769230769
0 0.5625 0.07932692307692314 0.4831730769230769 0.07932692307692314 0.4831730769230769 0.21875000000000006 0.5625 0.21875000000000006
0 0.4855769230769231 0.11778846153846159 0.41346153846153844 0.11778846153846158 0.41346153846153844 0.18990384615384623 0.4855769230769231 0.18990384615384623
0 0.4230769230769231 0.07211538461538466 0.34134615384615385 0.07211538461538465 0.34134615384615385 0.25721153846153855 0.4230769230769231 0.25721153846153855
0 0.34134615384615385 0.07211538461538465 0.27163461538461536 0.07211538461538465 0.27163461538461536 0.21153846153846156 0.34134615384615385 0.21153846153846162
0 0.2668269230769231 0.043269230769230796 0.20192307692307693 0.04326923076923079 0.20192307692307693 0.20432692307692307 0.2668269230769231 0.20432692307692307
0 0.7572115384615384 0.38942307692307704 0.6201923076923077 0.38942307692307704 0.6201923076923077 0.5456730769230771 0.7572115384615384 0.5456730769230771
0 0.9086538461538461 0.3149038461538463 0.8461538461538461 0.3149038461538463 0.8461538461538461 0.49038461538461553 0.9086538461538461 0.49038461538461553
0 0.8557692307692307 0.30048076923076933 0.8100961538461539 0.3004807692307693 0.8100961538461539 0.48557692307692324 0.8557692307692307 0.48557692307692324
0 0.8125 0.2836538461538462 0.7572115384615384 0.2836538461538462 0.7572115384615384 0.4807692307692309 0.8125 0.4807692307692309
0 0.2988941129807692 0.33620890865384623 0.1479201586538461 0.1827642548076923 0.10790796012153278 0.22213219420683133 0.2588819144484559 0.37557684805298525
0 0.2973747283653847 0.41826288461538463 0.09615189423076925 0.2162741802884616 0.028386535952932175 0.28378259613900314 0.22960937008754756 0.4857713004659262
0 0.7451923076923077 0.8725961538461539 0.6658653846153846 0.8725961538461539 0.6658653846153846 0.9663461538461539 0.7451923076923077 0.9663461538461539