2 1 6.846393980270711e-17 0.001998579326923077 7.353977534117375e-18 0.0019985793269231365 0.9706142259615385 1 0.9706142259615385
0 0.9831730769230769 0.3557692307692309 0.9278846153846154 0.3557692307692309 0.9278846153846154 0.5865384615384617 0.9831730769230769 0.5865384615384617
0 0.9302884615384616 0.2884615384615386 0.8605769230769231 0.2884615384615386 0.8605769230769231 0.574519230769231 0.9302884615384616 0.574519230769231
0 0.9735576923076923 1.1481063742006435e-16 0.9014423076923077 1.1039484367313881e-16 0.9014423076923077 0.2500000000000001 0.9735576923076923 0.2500000000000001
0 0.90625 1.0583185680131574e-16 0.8221153846153846 1.006800974299026e-16 0.8221153846153846 0.1875000000000001 0.90625 0.18750000000000014
0 0.8269230769230769 9.243728243564156e-17 0.6826923076923077 8.360569494179046e-17 0.6826923076923077 0.3437500000000001 0.8269230769230769 0.3437500000000001
0 0.528846153846154 0.7548076923076923 0.45432692307692324 0.7548076923076923 0.45432692307692324 0.9014423076923077 0.528846153846154 0.9014423076923077
0 0.4567307692307694 0.7836538461538461 0.38942307692307704 0.7836538461538461 0.38942307692307704 0.8509615384615384 0.4567307692307694 0.8509615384615384
0 0.3870192307692309 0.7091346153846154 0.3004807692307693 0.7091346153846154 0.30048076923076933 0.8918269230769231 0.3870192307692309 0.8918269230769231
0 0.3052884615384616 0.7403846153846154 0.23076923076923084 0.7403846153846154 0.23076923076923087 0.9110576923076923 0.3052884615384617 0.9110576923076923
0 0.22836538461538472 0.7596153846153846 0.16346153846153852 0.7596153846153846 0.16346153846153857 0.9014423076923077 0.22836538461538475 0.9014423076923077
0 0.8677884615384616 0.4399038461538463 0.7019230769230769 0.4399038461538463 0.7019230769230769 0.6658653846153846 0.8677884615384616 0.6658653846153846
0 0.7067307692307693 0.39182692307692324 0.6225961538461539 0.39182692307692324 0.6225961538461539 0.5889423076923078 0.7067307692307693 0.5889423076923078
0 0.6274038461538461 0.42067307692307704 0.5673076923076923 0.42067307692307704 0.5673076923076924 0.5673076923076924 0.6274038461538461 0.5673076923076924
0 0.6322115384615384 7.315498307406663e-17 0.5625 6.888638245203861e-17 0.5625 0.05769230769230777 0.6322115384615384 0.05769230769230778
0 0.23385775961538463 0.6203608293269232 0.18281327074967527 0.5782525602191614 0.04874208231525838 0.7407763454580933 0.09978657118096776 0.782884614565855
0 0.2452909255821899 0.5147549845369279 0.19393795497178762 0.4682649191150127 -0.005675641283479134 0.6887582879434695 0.04567732932692314 0.7352483533653847
1 0.7211538461538461 4.415793746925552e-17 0 0 2.63475693566558e-17 0.4302884615384616 0.7211538461538461 0.4302884615384617