2 1.0001023921480088 0.009916585515813568 7.172414371827183e-19 0.005859375 -0.004008642148008891 0.9939896644841865 0.99609375 0.998046875
0 0.6177884615384616 0.024038461538461602 0.38461538461538464 0.02403846153846159 0.38461538461538464 0.07692307692307697 0.6177884615384616 0.076923076923077
0 0.6850961538461539 0.07692307692307697 0.4014423076923077 0.07692307692307696 0.4014423076923077 0.14423076923076927 0.6850961538461539 0.1442307692307693
0 1 0.02884615384615395 0.7235576923076923 0.02884615384615393 0.7235576923076923 0.09855769230769243 1 0.09855769230769244
0 0.9975961538461539 0.09855769230769243 0.7884615384615384 0.09855769230769242 0.7884615384615384 0.17788461538461547 0.9975961538461539 0.17788461538461553
0 0.9927884615384616 0.17788461538461547 0.6346153846153846 0.17788461538461545 0.6346153846153846 0.31730769230769246 0.9927884615384616 0.31730769230769246
0 0.23076923076923084 0.4807692307692308 0.0865384615384616 0.4807692307692308 0.0865384615384616 0.5552884615384616 0.23076923076923084 0.5552884615384616
0 0.20432692307692316 0.5528846153846154 0.13942307692307698 0.5528846153846154 0.13942307692307698 0.6201923076923077 0.20432692307692316 0.6201923076923077
0 0.28125000000000006 0.6225961538461539 0.10096153846153853 0.6225961538461539 0.10096153846153855 0.7067307692307693 0.28125000000000006 0.7067307692307693
0 0.25000000000000006 0.7067307692307693 0.08173076923076933 0.7067307692307693 0.08173076923076933 0.7788461538461539 0.25000000000000006 0.7788461538461539
0 0.23317307692307704 0.78125 0.0937500000000001 0.78125 0.0937500000000001 0.8461538461538461 0.23317307692307707 0.8461538461538461
0 0.5360576923076923 0.14182692307692313 0.3125 0.1418269230769231 0.3125 0.3052884615384616 0.5360576923076923 0.3052884615384616
0 0.5889423076923077 0.3004807692307693 0.3942307692307692 0.3004807692307693 0.3942307692307692 0.38221153846153855 0.5889423076923077 0.3822115384615386
0 0.5600961538461539 0.3798076923076924 0.41586538461538464 0.3798076923076923 0.41586538461538464 0.43750000000000006 0.5600961538461539 0.4375000000000001
0 0.9975961538461539 0.3701923076923078 0.9278846153846154 0.3701923076923078 0.9278846153846154 0.4399038461538463 0.9975961538461539 0.4399038461538463
0 0.41492977211191345 0.8254738267148016 0.37304687500000006 0.7734375000000001 0.2120233528880867 0.9030417982851986 0.25390625000000006 0.9550781250000001
0 0.5234375000000001 0.8085937500000002 0.47458324129007845 0.7582439527581422 0.26367187500000006 0.9628906250000002 0.31252613370992177 1.0132404222418585
1 1 0.28365384615384626 0.5697115384615384 0.2836538461538462 0.5697115384615385 1 1 1