0 0.8362978397159224 0.2063513393170799 0.8254734901998566 0.10197828257637376 0.7042048884647035 0.11455483989390929 0.7150292379807693 0.21892789663461545
0 0.852985280196195 0.5270779670071785 0.8220912691264236 0.2632826386423943 0.6672682824442886 0.2814145104009371 0.69816229351406 0.5452098387657213
0 0.7980088842911435 0.05592700988185331 0.7702760419131214 -0.027757317353363568 0.6365767129104393 0.016550410745552437 0.6643095552884615 0.10023473798076932
0 0.7294431752883083 0.7847181368474795 0.6931295144230769 0.6425941298076924 0.6150671105340657 0.6625396106605977 0.6513807713992971 0.8046636177003849
0 0.6994937524038461 0.6372595072115383 0.6642350408653847 0.489777516826923 0.5761560720767254 0.5108346706192306 0.6114147836151869 0.658316661003846
0 0.6777792861999701 0.47300967249204223 0.6447846283641344 0.18003495705317157 0.5349723389423077 0.19240195913461539 0.5679669967781433 0.48537667457348604
0 0.6503978870192307 0.07024011538461547 0.5494276799005375 0.06759935410515792 0.5470382211538461 0.15896094230769242 0.6480084282725395 0.16160170358714995
0 0.5599888224049951 0.6932298195506538 0.5022867427884615 0.0773373269230769 0.3686828520065705 0.08985448281514755 0.42638493162310415 0.7057469754427245
0 0.6384872331730769 0.9492379639423079 0.5434775736693918 0.7047508011207324 0.410298060131727 0.7565054212326859 0.5053077196354121 1.0009925840542613
0 0.2131252801736805 0.5104708976431465 0.2105654951923077 0.07817809134615386 0.09212124865817838 0.07887944884965989 0.09468103363955113 0.5111722551466525
0 0.09272673399063613 0.514029565036791 0.08978983791898558 0.2360417168479573 0.016337992788461535 0.23681772355769226 0.019274888860112086 0.5148055717465259
0 0.08887731253796573 0.18422397457500464 0.07916952699487699 0.10019874287988251 0.0020992433030651314 0.10910299426641634 0.011807028846153849 0.19312822596153845
0 0.27749635817307694 0.9780725192307693 0.2559949690463985 0.8569959136182104 0.15997633176355192 0.8740473834144343 0.18147772089023032 0.9951239890269933
2 1.0614292120907876 0.927812302098377 0.9945279197854844 -0.028920773251960477 -0.0009029663276266664 0.04068653352709483 0.06599832597767628 0.9974196088774322