0 0.2683815456730769 0.17241481009615384 0.16265548076923078 0.17241481009615384 0.1626554807692308 0.29277986778846155 0.268381545673077 0.29277986778846155
0 0.5957744985769231 0.2977245931346154 0.5675375072692307 0.14242114094230765 0.3057402566346154 0.19002064105769234 0.33397724794230776 0.34532409325000013
0 0.14638993269230768 0.3399499567307692 0.09374732005760654 0.2040980479761273 0.007763757347307012 0.237416677255638 0.06040636998200814 0.3732685860102799
0 0.8492577163523158 0.37749580849468606 0.8350120151860079 0.3001620068895682 0.6896592427884615 0.3269375192307693 0.7039049439547695 0.40427132083588724
0 0.7047848155084965 0.4025580577933051 0.6835040780276554 0.31519502954341966 0.5351365336538462 0.35133584134615387 0.5564172711346872 0.4386988695960393
0 0.5246139462014272 0.3643947919143911 0.23059426912243766 0.36107253470532974 0.22934423076923086 0.47170089663461534 0.5233639078482204 0.4750231538436767
0 0.20875831030171976 0.36483349394825826 0.1154853918269231 0.35296239423076925 0.1035402137367418 0.44681735701328024 0.19681313221153846 0.45868845673076925
0 0.7335762211538464 0.5741738509615385 0.720533416442957 0.44127824229037466 0.10732225057757236 0.5014607687326824 0.12036505528846156 0.6343563774038461
0 1.026561620549643 0.5301711537146081 0.9918672259615383 0.39037315624999996 0.7424675957965106 0.4522679568623152 0.7771619903846153 0.5920659543269233
0 0.519803606021131 0.802026171548088 0.09271362500000009 0.7921321947115385 0.08997225340730591 0.9104680631734999 0.5170622344284368 0.9203620400100494
0 0.5172444302884616 0.959667341346154 0.5093936761212271 0.8885973549034261 0.22962624823661168 0.9195018957688107 0.23747700240384617 0.9905718822115386
0 0.19366573393033482 0.9961506097066567 0.1902063017607681 0.9200431249829334 0.10551974090735633 0.9238925152762766 0.10897917307692305 0.9999999999999999
0 1.0078216606160557 0.8476802982956528 0.995451548076923 0.7514683245192307 0.8708491542877905 0.767488634396655 0.8832192668269231 0.8637006081730771
2 1.062353083517699 0.9352962527654867 0.9959814021017699 -0.06027896847345134 0.00390625 0.005859375 0.07027793141592922 1.0014345962389382