2 0.9831730769230769 6.020198808308503e-17 0 0 6.064356745777758e-17 0.9903846153846154 0.9831730769230769 0.9903846153846154
1 0.8725961538461539 0.6370192307692307 7.801235619568476e-17 0.6370192307692307 9.964974555561997e-17 0.9903846153846154 0.8725961538461539 0.9903846153846154
0 0.9591346153846154 0.10336538461538472 0.875 0.10336538461538472 0.875 0.37980769230769246 0.9591346153846154 0.37980769230769246
0 0.9326923076923077 0.4687500000000001 0.8605769230769231 0.4687500000000001 0.8605769230769231 0.7932692307692307 0.9326923076923077 0.7932692307692307
0 0.8846153846153846 0.2235576923076924 0.7932692307692307 0.22355769230769237 0.7932692307692307 0.4326923076923078 0.8846153846153846 0.4326923076923078
0 0.8173076923076923 0.18990384615384623 0.7427884615384616 0.18990384615384623 0.7427884615384616 0.5384615384615385 0.8173076923076923 0.5384615384615385
0 0.7668269230769231 0.29326923076923084 0.6850961538461539 0.29326923076923084 0.6850961538461539 0.6322115384615384 0.7668269230769231 0.6322115384615384
0 0.6009615384615384 6.932796182673116e-17 0.53125 6.505936120470313e-17 0.53125 0.11538461538461545 0.6009615384615384 0.11538461538461545
0 0.6081730769230769 0.15625000000000006 0.5168269230769231 0.15625000000000006 0.5168269230769231 0.34375000000000006 0.6081730769230769 0.3437500000000001
0 0.5961538461538463 0.38701923076923084 0.49038461538461536 0.3870192307692308 0.4903846153846155 0.7620192307692307 0.5961538461538463 0.7620192307692307
0 0.483173076923077 0.5120192307692307 0.4206730769230769 0.5120192307692307 0.420673076923077 0.6971153846153846 0.48317307692307704 0.6971153846153846
0 0.4278846153846155 0.5216346153846154 0.3605769230769231 0.5216346153846154 0.36057692307692313 0.7403846153846154 0.42788461538461553 0.7403846153846154
0 0.3725961538461539 0.5120192307692307 0.27644230769230776 0.5120192307692307 0.27644230769230776 0.71875 0.37259615384615397 0.71875
0 0.29326923076923084 0.4879807692307692 0.23317307692307698 0.4879807692307692 0.23317307692307698 0.6538461538461539 0.29326923076923084 0.6538461538461539
0 0.2283653846153847 0.4879807692307692 0.15865384615384623 0.4879807692307692 0.15865384615384623 0.6899038461538461 0.2283653846153847 0.6899038461538461
0 0.14903846153846162 0.5120192307692307 0.076923076923077 0.5120192307692307 0.076923076923077 0.5913461538461539 0.14903846153846162 0.5913461538461539
0 0.5072115384615384 0.12740384615384623 0.4423076923076923 0.12740384615384623 0.4423076923076923 0.29807692307692313 0.5072115384615384 0.29807692307692313
0 0.44711538461538464 0.15144230769230774 0.4014423076923077 0.15144230769230774 0.4014423076923077 0.28125000000000006 0.44711538461538464 0.28125000000000006
0 0.4014423076923077 0.1418269230769231 0.34615384615384615 0.1418269230769231 0.34615384615384615 0.29807692307692313 0.4014423076923077 0.29807692307692313
0 0.6974888143994927 0.7856370580533792 0.6949590529089291 0.3095965566093082 0.6211588298555905 0.30998874374823643 0.623688591346154 0.7860292451923075