2 0.9951923076923077 6.167391933206021e-17 0.01201923076923077 1.4719312489751842e-18 0.012019230769230829 0.9903846153846154 0.9951923076923077 0.9903846153846154
1 0.9350961538461539 0.6538461538461539 0.02163461538461546 0.6538461538461539 0.02163461538461548 0.9903846153846154 0.9350961538461539 0.9903846153846154
0 0.9759615384615384 0.12019230769230779 0.9086538461538461 0.12019230769230779 0.9086538461538461 0.39663461538461553 0.9759615384615384 0.39663461538461553
0 0.9807692307692307 0.48557692307692324 0.9278846153846154 0.48557692307692324 0.9278846153846154 0.8076923076923077 0.9807692307692307 0.8076923076923077
0 0.9110576923076923 0.24038461538461547 0.8317307692307693 0.24038461538461545 0.8317307692307693 0.44711538461538475 0.9110576923076923 0.44711538461538475
0 0.8413461538461539 0.20432692307692318 0.7884615384615384 0.20432692307692316 0.7884615384615384 0.5528846153846155 0.8413461538461539 0.5528846153846155
0 0.7980769230769231 0.3052884615384616 0.7403846153846154 0.3052884615384616 0.7403846153846154 0.6442307692307693 0.7980769230769231 0.6442307692307693
0 0.6033653846153846 7.006392745121876e-17 0.5408653846153846 6.623690620388329e-17 0.5408653846153846 0.12259615384615391 0.6033653846153846 0.12259615384615391
0 0.6274038461538461 0.16826923076923084 0.5480769230769231 0.16826923076923084 0.5480769230769231 0.3533653846153847 0.6274038461538461 0.35336538461538475
0 0.6370192307692307 0.3990384615384616 0.5552884615384616 0.39903846153846156 0.5552884615384616 0.7716346153846154 0.6370192307692307 0.7716346153846154
0 0.5312500000000001 0.5216346153846154 0.4807692307692308 0.5216346153846154 0.48076923076923084 0.7067307692307693 0.5312500000000001 0.7067307692307693
0 0.4783653846153847 0.5288461538461539 0.4230769230769231 0.5288461538461539 0.42307692307692313 0.7475961538461539 0.47836538461538475 0.7475961538461539
0 0.42307692307692313 0.5192307692307693 0.3389423076923077 0.5192307692307693 0.33894230769230776 0.7235576923076923 0.42307692307692324 0.7235576923076923
0 0.33894230769230776 0.49278846153846156 0.28846153846153855 0.49278846153846156 0.28846153846153855 0.6586538461538461 0.3389423076923078 0.6586538461538461
0 0.2740384615384616 0.49278846153846156 0.21875000000000006 0.49278846153846156 0.21875000000000006 0.6947115384615384 0.2740384615384616 0.6947115384615384
0 0.19471153846153852 0.5144230769230769 0.12980769230769237 0.5144230769230769 0.12980769230769237 0.59375 0.19471153846153852 0.59375
0 0.5240384615384616 0.13701923076923084 0.46875 0.13701923076923084 0.46875 0.3076923076923077 0.5240384615384616 0.3076923076923077
0 0.46153846153846156 0.15865384615384623 0.42788461538461536 0.15865384615384623 0.42788461538461536 0.28846153846153855 0.46153846153846156 0.28846153846153855
0 0.4182692307692308 0.14903846153846156 0.3701923076923077 0.14903846153846156 0.3701923076923077 0.3052884615384616 0.4182692307692308 0.3052884615384616
0 0.7691733293269232 0.7980315384615385 0.7243609307288152 0.3157880006648838 0.6510107665389183 0.32260405217680754 0.6958231651370261 0.8048475899734622