2 0.9903846153846154 0.016826923076923135 0.007211538461538464 0.016826923076923076 0.0072115384615385235 0.9879807692307693 0.9903846153846154 0.9879807692307693
1 0.9903846153846154 0.07692307692307702 0.6802884615384616 0.076923076923077 0.6802884615384616 0.9879807692307693 0.9903846153846154 0.9879807692307693
0 0.4230769230769231 0.02884615384615388 0.14903846153846154 0.02884615384615386 0.14903846153846154 0.09375000000000006 0.4230769230769231 0.09375000000000007
0 0.8341346153846154 0.028846153846153928 0.5144230769230769 0.028846153846153907 0.5144230769230769 0.07692307692307701 0.8341346153846154 0.07692307692307702
0 0.4735576923076923 0.0961538461538462 0.2644230769230769 0.09615384615384619 0.2644230769230769 0.17067307692307696 0.4735576923076923 0.17067307692307698
0 0.5745192307692307 0.16586538461538464 0.23076923076923078 0.1658653846153846 0.23076923076923078 0.21394230769230774 0.5745192307692307 0.21394230769230776
0 0.6658653846153846 0.20913461538461545 0.3293269230769231 0.20913461538461545 0.3293269230769231 0.264423076923077 0.6658653846153846 0.264423076923077
0 0.13942307692307698 0.39903846153846156 4.8868117465976114e-17 0.39903846153846156 5.254794558841408e-17 0.45913461538461536 0.13942307692307698 0.45913461538461536
0 0.3701923076923077 0.37740384615384615 0.18750000000000006 0.37740384615384615 0.18750000000000006 0.4543269230769231 0.3701923076923077 0.4543269230769231
0 0.7884615384615384 0.3725961538461539 0.41586538461538464 0.37259615384615385 0.41586538461538464 0.44951923076923084 0.7884615384615384 0.4495192307692309
0 0.7211538461538461 0.47596153846153855 0.5360576923076923 0.47596153846153844 0.5360576923076923 0.5264423076923077 0.7211538461538461 0.5264423076923078
0 0.7596153846153846 0.528846153846154 0.5432692307692307 0.5288461538461539 0.5432692307692308 0.5841346153846154 0.7596153846153846 0.5841346153846155
0 0.7331730769230769 0.5865384615384616 0.5312500000000001 0.5865384615384616 0.5312500000000001 0.6682692307692307 0.7331730769230769 0.6682692307692307
0 0.6658653846153846 0.6682692307692307 0.5024038461538463 0.6682692307692307 0.5024038461538463 0.71875 0.6658653846153846 0.71875
0 0.7019230769230769 0.7331730769230769 0.5024038461538463 0.7331730769230769 0.5024038461538463 0.7884615384615384 0.7019230769230769 0.7884615384615384
0 0.5961538461538463 0.8125 0.5216346153846155 0.8125 0.5216346153846155 0.8774038461538461 0.5961538461538463 0.8774038461538461
0 0.32211538461538464 0.4807692307692308 0.15144230769230776 0.4807692307692308 0.15144230769230776 0.5336538461538461 0.32211538461538464 0.5336538461538461
0 0.3028846153846155 0.5408653846153846 0.17307692307692316 0.5408653846153846 0.17307692307692316 0.5745192307692307 0.3028846153846155 0.5745192307692307
0 0.3149038461538463 0.5865384615384616 0.16105769230769237 0.5865384615384616 0.16105769230769237 0.6322115384615384 0.3149038461538463 0.6322115384615384
0 0.824174498833983 0.31398897279748395 0.8201345192307691 0.2403698004807692 0.3365979026083247 0.26690470989482384 0.3406378822115385 0.34052388221153856