0 0.9134615384615384 0.05288461538461548 0.5649038461538461 0.052884615384615453 0.5649038461538461 0.1610576923076924 0.9134615384615384 0.16105769230769246
0 0.6923076923076923 0.16826923076923084 0.5384615384615384 0.16826923076923084 0.5384615384615384 0.23076923076923084 0.6923076923076923 0.23076923076923084
0 0.7331730769230769 0.23317307692307698 0.5240384615384616 0.23317307692307698 0.5240384615384616 0.2908653846153847 0.7331730769230769 0.2908653846153847
0 0.9158653846153846 0.3317307692307693 0.45913461538461536 0.3317307692307692 0.45913461538461536 0.42307692307692313 0.9158653846153846 0.42307692307692324
0 0.9783653846153846 0.18509615384615394 0.78125 0.1850961538461539 0.78125 0.26923076923076933 0.9783653846153846 0.2692307692307694
0 0.37259615384615385 0.17548076923076927 0.20192307692307693 0.17548076923076922 0.20192307692307696 0.3125 0.37259615384615385 0.3125
0 0.1274038461538462 0.21153846153846154 0.0024038461538461796 0.21153846153846154 0.0024038461538461848 0.3004807692307692 0.1274038461538462 0.3004807692307692
0 0.3629807692307693 0.4855769230769231 0.15625000000000006 0.4855769230769231 0.15625000000000006 0.5600961538461539 0.3629807692307694 0.5600961538461539
0 0.39182692307692324 0.5721153846153846 0.1658653846153847 0.5721153846153846 0.1658653846153847 0.6201923076923077 0.39182692307692324 0.6201923076923077
0 0.8605769230769231 0.4447115384615386 0.6322115384615384 0.4447115384615386 0.6322115384615384 0.5216346153846155 0.8605769230769231 0.5216346153846155
0 0.9399038461538461 0.5528846153846155 0.7956730769230769 0.5528846153846155 0.7956730769230769 0.6442307692307693 0.9399038461538461 0.6442307692307693
0 0.9326923076923077 0.6514423076923077 0.8221153846153846 0.6514423076923077 0.8221153846153846 0.71875 0.9326923076923077 0.71875
0 0.7307692307692307 0.6009615384615385 0.528846153846154 0.6009615384615384 0.528846153846154 0.6610576923076923 0.7307692307692307 0.6610576923076923
0 0.7788461538461539 0.6778846153846154 0.512019230769231 0.6778846153846154 0.512019230769231 0.7644230769230769 0.7788461538461539 0.7644230769230769
0 0.3509615384615386 0.75 0.19230769230769237 0.75 0.19230769230769237 0.8125 0.3509615384615386 0.8125
0 0.28846153846153855 0.8197115384615384 0.07211538461538472 0.8197115384615384 0.07211538461538472 0.9110576923076923 0.2884615384615386 0.9110576923076923
0 0.42067307692307704 0.9086538461538461 0.2692307692307694 0.9086538461538461 0.2692307692307694 0.9543269230769231 0.42067307692307704 0.9543269230769231
0 0.12019230769230779 0.7163461538461539 0.009615384615384704 0.7163461538461539 0.00961538461538471 0.8125 0.12019230769230779 0.8125
0 0.25721153846153855 0.6225961538461539 0.09134615384615391 0.6225961538461539 0.09134615384615394 0.7283653846153846 0.25721153846153855 0.7283653846153846
0 0.4375000000000001 0.6490384615384616 0.2860576923076924 0.6490384615384616 0.2860576923076924 0.71875 0.4375000000000001 0.71875
0 0.2821466023489933 0.10077862835570467 0.2685979446308725 0.009325188758389237 -0.013548657718120811 0.05112468540268457 0 0.142578125
0 0.2434845293754411 0.1440639886203246 0.2278865450776288 0.07674637217713479 0.04492187500000001 0.119140625 0.06051985929781229 0.18645824144318984
2 1 6.123233995736766e-17 0 0 6.123233995736766e-17 1 1 1