0 0.96875 0.06490384615384627 0.8798076923076923 0.06490384615384626 0.8798076923076923 0.4302884615384617 0.96875 0.4302884615384617
0 0.0913461538461539 0.4014423076923077 0.01923076923076928 0.4014423076923077 0.019230769230769294 0.5961538461538461 0.09134615384615391 0.5961538461538461
0 0.24038461538461547 0.47596153846153844 0.1346153846153847 0.47596153846153844 0.1346153846153847 0.9086538461538461 0.24038461538461553 0.9086538461538461
0 0.48557692307692313 0.5072115384615384 0.3389423076923077 0.5072115384615384 0.33894230769230776 0.75 0.48557692307692324 0.75
0 0.6057692307692307 0.06971153846153853 0.5168269230769231 0.06971153846153853 0.5168269230769231 0.29807692307692313 0.6057692307692307 0.29807692307692313
0 0.9553694471153847 0.7073412139423078 0.8126115168269231 0.658241735576923 0.714311414324893 0.944051679949506 0.8570693446133547 0.9931511583148909
0 0.8170882139423079 0.5859533846153848 0.7083581767804804 0.5492685741479438 0.5750893074545707 0.9442639122642907 0.6838193446163982 0.9809487227317315
0 0.8798076923076923 9.876658680623486e-17 0.7331730769230769 8.978780618748623e-17 0.7331730769230769 0.44711538461538475 0.8798076923076923 0.44711538461538475
0 0.7529513846153846 0.01857125721153861 0.6609170310280691 -0.002686251452396495 0.55401159375 0.46016068750000005 0.6460459473373155 0.4814181961639351
0 0.4423076923076923 0.16826923076923084 0.3605769230769231 0.16826923076923084 0.3605769230769231 0.3701923076923077 0.4423076923076923 0.3701923076923077
0 0.3581730769230769 0.11057692307692311 0.2764423076923077 0.11057692307692311 0.2764423076923077 0.37740384615384615 0.3581730769230769 0.37740384615384615
0 0.5120192307692307 5.784689808472474e-17 0.4326923076923077 5.298952496310663e-17 0.4326923076923077 0.12500000000000006 0.5120192307692307 0.12500000000000006
0 0.42788461538461536 4.769057246679597e-17 0.35096153846153844 4.2980392470075376e-17 0.35096153846153844 0.06250000000000006 0.42788461538461536 0.06250000000000006
0 0.14423076923076933 0.5456730769230769 0.052884615384615453 0.5456730769230769 0.05288461538461547 0.7716346153846154 0.14423076923076933 0.7716346153846154
2 1 6.137953308226517e-17 0.002403846153846154 2.9438624979503682e-19 0.002403846153846215 1 1 1