0 0.9807692307692307 0.024038461538461637 0.6009615384615384 0.024038461538461616 0.6009615384615384 0.11298076923076933 0.9807692307692307 0.11298076923076937
0 0.1899038461538462 0.21394230769230768 0.0432692307692308 0.21394230769230768 0.0432692307692308 0.3004807692307692 0.18990384615384623 0.3004807692307692
0 0.41346153846153844 0.1730769230769231 0.23798076923076922 0.17307692307692307 0.23798076923076922 0.27884615384615385 0.41346153846153844 0.2788461538461539
0 0.7475961538461539 0.14663461538461547 0.5913461538461539 0.14663461538461545 0.5913461538461539 0.20192307692307698 0.7475961538461539 0.20192307692307698
0 0.7836538461538461 0.20192307692307698 0.5576923076923077 0.20192307692307698 0.5576923076923077 0.264423076923077 0.7836538461538461 0.264423076923077
0 0.9927884615384616 0.14423076923076936 0.8389423076923077 0.14423076923076933 0.8389423076923077 0.22115384615384628 0.9927884615384616 0.22115384615384628
0 0.9759615384615384 0.3052884615384616 0.5432692307692307 0.3052884615384616 0.5432692307692307 0.40144230769230776 0.9759615384615384 0.4014423076923078
0 0.9447115384615384 0.4254807692307694 0.7259615384615384 0.4254807692307694 0.7259615384615384 0.49759615384615397 0.9447115384615384 0.49759615384615397
0 0.47836538461538464 0.47596153846153844 0.24278846153846162 0.47596153846153844 0.24278846153846162 0.5576923076923077 0.47836538461538464 0.5576923076923077
0 0.4951923076923078 0.5673076923076923 0.2163461538461539 0.5673076923076923 0.2163461538461539 0.625 0.4951923076923078 0.625
0 0.24038461538461545 0.7259615384615384 0.08173076923076933 0.7259615384615384 0.08173076923076933 0.8269230769230769 0.24038461538461545 0.8269230769230769
0 0.4375000000000001 0.8341346153846154 0.2163461538461539 0.8341346153846154 0.21634615384615394 0.9134615384615384 0.4375000000000001 0.9134615384615384
0 0.5817307692307694 0.9038461538461539 0.4086538461538463 0.9038461538461539 0.4086538461538463 0.9663461538461539 0.5817307692307694 0.9663461538461539
0 0.48557692307692324 0.7524038461538461 0.3052884615384616 0.7524038461538461 0.3052884615384616 0.8245192307692307 0.48557692307692324 0.8245192307692307
0 0.37980769230769246 0.6346153846153846 0.1971153846153847 0.6346153846153846 0.1971153846153847 0.7283653846153846 0.37980769230769246 0.7283653846153846
0 0.5649038461538463 0.6394230769230769 0.41105769230769246 0.6394230769230769 0.41105769230769246 0.7163461538461539 0.5649038461538463 0.7163461538461539
0 0.9519230769230769 0.6730769230769231 0.6370192307692307 0.6730769230769231 0.6370192307692307 0.7475961538461539 0.9519230769230769 0.7475961538461539
0 0.8509615384615384 0.591346153846154 0.6346153846153846 0.591346153846154 0.6346153846153846 0.6514423076923077 0.8509615384615384 0.6514423076923077
2 1 6.123233995736766e-17 0 0 6.123233995736766e-17 1 1 1
2 0.33226068773234196 0.050717355947955456 0.31164846654275097 -0.02329925650557613 0.0028252788104089358 0.06270213754646839 0.023437499999999997 0.13671874999999997
2 0.2638814898597582 0.12615895039049377 0.24159965989250926 0.06109600688612699 0.06640625 0.12109375 0.0886880799672489 0.18615669350436678
2 0.9951923076923077 0.5192307692307694 0.8990384615384616 0.5192307692307694 0.8990384615384616 0.5793269230769232 0.9951923076923077 0.5793269230769232