0 0.9423076923076923 0.08653846153846165 0.8245192307692307 0.08653846153846165 0.8245192307692307 0.4375000000000001 0.9423076923076923 0.4375000000000001
0 0.8221153846153846 0.31009615384615397 0.7524038461538461 0.31009615384615397 0.7524038461538461 0.4639423076923078 0.8221153846153846 0.4639423076923078
0 0.7572115384615384 0.2692307692307693 0.6923076923076923 0.2692307692307693 0.6923076923076923 0.47836538461538475 0.7572115384615384 0.47836538461538475
0 0.6658653846153846 0.08413461538461545 0.5600961538461539 0.08413461538461545 0.5600961538461539 0.5408653846153848 0.6658653846153846 0.5408653846153848
0 0.8149038461538461 0.021634615384615478 0.7235576923076923 0.02163461538461547 0.7235576923076923 0.21875000000000006 0.8149038461538461 0.21875000000000006
0 0.8028846153846154 0.6274038461538461 0.6586538461538461 0.6274038461538461 0.6586538461538461 0.8004807692307693 0.8028846153846154 0.8004807692307693
0 0.7596153846153846 0.8725961538461539 0.6634615384615384 0.8725961538461539 0.6634615384615384 0.9975961538461539 0.7596153846153846 0.9975961538461539
0 0.4927884615384617 0.6370192307692307 0.4086538461538463 0.6370192307692307 0.4086538461538463 0.84375 0.4927884615384617 0.84375
0 0.4062500000000001 0.6105769230769231 0.3509615384615386 0.6105769230769231 0.3509615384615386 0.8365384615384616 0.4062500000000001 0.8365384615384616
0 0.5504807692307693 0.14182692307692316 0.46634615384615385 0.14182692307692316 0.46634615384615385 0.3701923076923077 0.5504807692307693 0.3701923076923077
0 0.44471153846153844 0.06009615384615389 0.3485576923076923 0.06009615384615388 0.3485576923076923 0.20432692307692316 0.44471153846153844 0.20432692307692316
0 0.34615384615384615 0.06730769230769235 0.27403846153846156 0.06730769230769235 0.27403846153846156 0.17788461538461542 0.34615384615384615 0.17788461538461545
0 0.3918269230769231 0.2692307692307693 0.3245192307692308 0.2692307692307693 0.3245192307692308 0.47115384615384615 0.3918269230769231 0.47115384615384615
0 0.31490384615384615 0.2211538461538462 0.21875 0.22115384615384615 0.21875000000000003 0.49038461538461536 0.31490384615384615 0.49038461538461536
0 0.2283653846153847 0.6490384615384616 0.15865384615384623 0.6490384615384616 0.15865384615384623 0.8100961538461539 0.2283653846153847 0.8100961538461539
0 0.1562500000000001 0.7139423076923077 0.05769230769230778 0.7139423076923077 0.05769230769230779 0.9302884615384616 0.15625000000000014 0.9302884615384616
0 0.07211538461538469 0.5793269230769231 0.019230769230769298 0.5793269230769231 0.019230769230769308 0.7307692307692307 0.0721153846153847 0.7307692307692307
0 0.2524038461538463 0.8798076923076923 0.153846153846154 0.8798076923076923 0.153846153846154 0.9903846153846154 0.2524038461538463 0.9903846153846154
0 0.35336538461538475 0.7427884615384616 0.24038461538461545 0.7427884615384616 0.24038461538461547 0.9086538461538461 0.35336538461538475 0.9086538461538461
0 0.3317307692307694 0.5649038461538461 0.25721153846153855 0.5649038461538461 0.25721153846153855 0.7139423076923077 0.3317307692307694 0.7139423076923077
0 0.9588664687500003 0.7304687500000002 0.8676647409508725 0.7159669128928959 0.8225011057692311 1.0000000000000002 0.9137028335683587 1.0145018371071044
0 0.8852367524038462 0.7695312500000002 0.8183083757242109 0.7559219118432876 0.7805789358203646 0.9414687868432876 0.8475073125000002 0.9550781250000001
2 0.9650792307692307 1.1769532239408093e-16 5.126848701341742e-18 5.860126284982451e-17 6.63591886587094e-17 1 0.9650792307692307 1