0 1 0.5673076923076924 0.9254807692307693 0.5673076923076924 0.9254807692307693 0.9495192307692307 1 0.9495192307692307
0 0.8004807692307693 0.01682692307692317 0.7043269230769231 0.016826923076923163 0.7043269230769231 0.1658653846153847 0.8004807692307693 0.1658653846153847
0 0.8557692307692307 0.20913461538461547 0.7379807692307693 0.20913461538461545 0.7379807692307693 0.38942307692307704 0.8557692307692307 0.38942307692307704
0 0.9014423076923077 0.5625000000000001 0.8341346153846154 0.5625000000000001 0.8341346153846154 0.71875 0.9014423076923077 0.71875
0 0.8485576923076923 0.528846153846154 0.7716346153846154 0.528846153846154 0.7716346153846154 0.7572115384615384 0.8485576923076923 0.7572115384615384
0 0.9182692307692307 0.8076923076923077 0.8317307692307693 0.8076923076923077 0.8317307692307693 0.9639423076923077 0.9182692307692307 0.9639423076923077
0 0.7572115384615384 0.5192307692307694 0.6322115384615384 0.5192307692307694 0.6322115384615384 0.9543269230769231 0.7572115384615384 0.9543269230769231
0 0.6346153846153846 0.7043269230769231 0.5480769230769232 0.7043269230769231 0.5480769230769232 0.9254807692307693 0.6346153846153846 0.9254807692307693
0 0.5552884615384616 0.22355769230769237 0.4567307692307692 0.22355769230769237 0.4567307692307692 0.4639423076923077 0.5552884615384616 0.4639423076923077
0 0.4639423076923077 0.19951923076923084 0.3894230769230769 0.19951923076923084 0.3894230769230769 0.4807692307692308 0.4639423076923077 0.4807692307692308
0 0.28846153846153844 0.07211538461538464 0.1778846153846154 0.07211538461538464 0.1778846153846154 0.23317307692307696 0.28846153846153844 0.23317307692307698
0 0.1947115384615385 0.21153846153846154 0.09855769230769235 0.21153846153846154 0.09855769230769236 0.43509615384615385 0.19471153846153852 0.43509615384615385
0 0.13461538461538466 0.40625 0.060096153846153896 0.40625 0.0600961538461539 0.5817307692307693 0.1346153846153847 0.5817307692307693
0 0.2788461538461539 0.2956730769230769 0.19471153846153852 0.2956730769230769 0.19471153846153852 0.47836538461538464 0.2788461538461539 0.47836538461538464
0 0.3894230769230769 0.1850961538461539 0.28365384615384615 0.1850961538461539 0.2836538461538462 0.3701923076923077 0.3894230769230769 0.3701923076923077
0 0.39663461538461536 0.39903846153846156 0.31009615384615385 0.39903846153846156 0.31009615384615385 0.5552884615384616 0.39663461538461536 0.5552884615384616
0 0.38942307692307704 0.625 0.29326923076923084 0.625 0.2932692307692309 0.9423076923076923 0.38942307692307704 0.9423076923076923
0 0.4639423076923078 0.6201923076923077 0.38942307692307704 0.6201923076923077 0.38942307692307704 0.8389423076923077 0.4639423076923078 0.8389423076923077
2 1 6.123233995736766e-17 0 0 6.123233995736766e-17 1 1 1
2 1.0335083807241863 0.27915341699854646 0.9390461789376757 -0.02252657254438077 0.8671040048076922 0 0.9615662065942031 0.30167998954292724
2 0.9415516538461536 0.21376475721153848 0.883161754807692 0.03571416826923081 0.8202680659108168 0.056339520685419 0.8786579649492784 0.23439010962772666
2 0.5456730769230771 0.8798076923076923 0.47836538461538475 0.8798076923076923 0.47836538461538475 0.9783653846153846 0.5456730769230771 0.9783653846153846