0 0.9399038461538461 0.036057692307692416 0.8076923076923077 0.03605769230769241 0.8076923076923077 0.39182692307692324 0.9399038461538461 0.39182692307692324
0 0.8076923076923077 0.264423076923077 0.7331730769230769 0.264423076923077 0.7331730769230769 0.42307692307692324 0.8076923076923077 0.42307692307692324
0 0.7475961538461539 0.2283653846153847 0.6730769230769231 0.2283653846153847 0.6730769230769231 0.4399038461538463 0.7475961538461539 0.4399038461538463
0 0.6634615384615384 0.048076923076923156 0.5360576923076923 0.04807692307692314 0.5360576923076923 0.5096153846153847 0.6634615384615384 0.5096153846153848
0 0.8125 9.346763430992418e-17 0.7139423076923077 8.743271618912594e-17 0.7139423076923077 0.18028846153846162 0.8125 0.18028846153846162
0 0.7764423076923077 0.5841346153846155 0.6274038461538461 0.5841346153846155 0.6274038461538461 0.7644230769230769 0.7764423076923077 0.7644230769230769
0 0.7235576923076923 0.8317307692307693 0.6225961538461539 0.8317307692307693 0.6225961538461539 0.9615384615384616 0.7235576923076923 0.9615384615384616
0 0.46634615384615397 0.6105769230769231 0.3750000000000001 0.6105769230769231 0.3750000000000001 0.8197115384615384 0.46634615384615397 0.8197115384615384
0 0.3822115384615386 0.5865384615384616 0.31730769230769246 0.5865384615384616 0.31730769230769246 0.8149038461538461 0.3822115384615386 0.8149038461538461
0 0.5456730769230769 0.11057692307692314 0.4495192307692308 0.11057692307692314 0.4495192307692308 0.34375 0.5456730769230769 0.34375
0 0.4423076923076923 0.03605769230769235 0.34134615384615385 0.03605769230769235 0.34134615384615385 0.1850961538461539 0.4423076923076923 0.1850961538461539
0 0.34375 0.048076923076923114 0.2668269230769231 0.048076923076923114 0.2668269230769231 0.1634615384615385 0.34375 0.16346153846153852
0 0.3798076923076923 0.2475961538461539 0.30528846153846156 0.2475961538461539 0.30528846153846156 0.4543269230769231 0.3798076923076923 0.4543269230769231
0 0.30528846153846156 0.20192307692307696 0.19951923076923078 0.20192307692307693 0.1995192307692308 0.47596153846153844 0.3052884615384616 0.47596153846153844
0 0.20192307692307698 0.6370192307692307 0.12740384615384623 0.6370192307692307 0.12740384615384623 0.7980769230769231 0.20192307692307698 0.7980769230769231
0 0.12740384615384626 0.7043269230769231 0.019230769230769315 0.7043269230769231 0.01923076923076933 0.9254807692307693 0.12740384615384626 0.9254807692307693
0 0.048076923076923156 0.5745192307692307 7.035831370101381e-17 0.5745192307692307 7.977867369445499e-17 0.7283653846153846 0.04807692307692316 0.7283653846153846
0 0.216346153846154 0.8653846153846154 0.11298076923076933 0.8653846153846154 0.11298076923076936 0.9807692307692307 0.216346153846154 0.9807692307692307
0 0.32211538461538475 0.7235576923076923 0.20432692307692316 0.7235576923076923 0.20432692307692318 0.8942307692307693 0.32211538461538475 0.8942307692307693
0 0.30769230769230776 0.5456730769230769 0.2283653846153847 0.5456730769230769 0.2283653846153847 0.6971153846153846 0.3076923076923078 0.6971153846153846
0 0.9290233870192307 0.678879841346154 0.839999140966727 0.6612021446988332 0.7816464062499999 0.9550644230769232 0.8706706523025036 0.972742119724244
0 0.8537977836538462 0.721729622596154 0.7887949227951772 0.7059950325760339 0.7434850213528695 0.8931796503644953 0.8084878822115387 0.9089142403846154
2 0.9553820865384615 9.504446067865384e-17 5.088301912986703e-18 3.654417996655152e-17 6.607747455942303e-17 0.9960287764423076 0.9553820865384615 0.9960287764423076