0 0.9254807692307693 0.026442307692307782 0.5600961538461539 0.02644230769230776 0.5600961538461539 0.10576923076923085 0.9254807692307693 0.10576923076923087
0 0.5985576923076924 0.8942307692307693 0.40384615384615397 0.8942307692307693 0.40384615384615397 0.9591346153846154 0.5985576923076924 0.9591346153846154
0 0.5216346153846155 0.7427884615384616 0.09134615384615395 0.7427884615384616 0.09134615384615395 0.8341346153846154 0.5216346153846155 0.8341346153846154
0 0.4879807692307693 0.4951923076923077 0.2475961538461539 0.4951923076923077 0.2475961538461539 0.6370192307692307 0.4879807692307694 0.6370192307692307
0 0.9254807692307693 0.39182692307692324 0.6971153846153846 0.39182692307692324 0.6971153846153846 0.47355769230769246 0.9254807692307693 0.47355769230769246
0 0.33203125000000006 0.16406250000000006 0.29312099786552837 0.016403081643543222 0.004058497865528297 0.09257495664354319 0.04296875 0.240234375
0 0.4349459134615384 0.2744891826923077 0.40429687499999994 0.162109375 0.01427283653846153 0.2684795673076923 0.04492187499999999 0.380859375
0 1 0.12259615384615395 0.5432692307692307 0.12259615384615391 0.5432692307692307 0.25240384615384626 1 0.2524038461538463
0 0.9910565036035661 0.33932170159140146 0.9725879020163306 0.24574745354940847 0.5147345234127646 0.33611325195800706 0.533203125 0.4296875
0 0.8269230769230769 0.5504807692307694 0.625 0.5504807692307694 0.625 0.6274038461538461 0.8269230769230769 0.6274038461538461
0 0.8846153846153846 0.6394230769230769 0.6201923076923077 0.6394230769230769 0.6201923076923077 0.7115384615384616 0.8846153846153846 0.7115384615384616
0 1 0.4879807692307694 0.8677884615384616 0.4879807692307694 0.8677884615384616 0.5649038461538463 1 0.5649038461538463
0 1 0.5721153846153848 0.9326923076923077 0.5721153846153848 0.9326923076923077 0.6466346153846154 1 0.6466346153846154
0 0.45432692307692324 0.8389423076923077 0.22836538461538475 0.8389423076923077 0.22836538461538475 0.9206730769230769 0.45432692307692324 0.9206730769230769
2 1 6.123233995736766e-17 0 0 5.887724995900737e-17 0.9615384615384616 1 0.9615384615384616