0 0.8570115697115385 0.9813784206730769 0.8538240432692308 0.9031509374999998 0.4380527626191558 0.9200923230242162 0.4412402890614635 0.9983198061972932
0 0.6980978175683223 0.9047153502145483 0.6954838100178796 0.8717249749736709 0.5682203365384616 0.8818087548076924 0.5708343440889043 0.9147991300485697
0 1.0123825451376116 0.8162908016232475 0.802040375 0.7762112860576924 0.78944201415038 0.8423290153738423 0.9997841842879917 0.8824085309393974
0 0.8207089527398548 0.7891278709772238 0.776516360288273 0.7351853369397298 0.6780092812499998 0.8158875745192307 0.7222018737015816 0.8698301085567247
0 0.3276477482964022 0.7533497536976377 0.1630615841346155 0.6369746802884617 0.12497992958821334 0.6908325491869778 0.2895660937500001 0.8072076225961538
2 1 0.026540317307692376 0.06805415865384622 0.02654031730769232 0.06805415865384627 1 1 1
0 0.8197115384615384 0.5528846153846155 0.7475961538461539 0.5528846153846155 0.7475961538461539 0.6081730769230771 0.8197115384615384 0.6081730769230771
0 0.6009615384615384 0.10576923076923082 0.2980769230769231 0.10576923076923081 0.2980769230769231 0.19471153846153852 0.6009615384615384 0.19471153846153852
0 0.5072115384615384 0.19471153846153852 0.39903846153846156 0.19471153846153852 0.39903846153846156 0.2548076923076924 0.5072115384615384 0.2548076923076924
0 0.25961538461538464 0.22115384615384615 0.10817307692307696 0.22115384615384615 0.10817307692307696 0.30288461538461536 0.2596153846153847 0.30288461538461536
0 0.4230769230769231 0.3076923076923077 0.21394230769230776 0.3076923076923077 0.21394230769230776 0.39663461538461536 0.4230769230769231 0.39663461538461536
0 0.5456730769230769 0.24278846153846162 0.3004807692307692 0.24278846153846162 0.3004807692307693 0.3269230769230769 0.5456730769230769 0.3269230769230769
0 0.7211538461538461 0.6682692307692307 0.5889423076923078 0.6682692307692307 0.5889423076923078 0.7403846153846154 0.7211538461538461 0.7403846153846154
0 0.9519230769230769 0.4615384615384617 0.7836538461538461 0.4615384615384617 0.7836538461538461 0.5697115384615385 0.9519230769230769 0.5697115384615385
0 0.5384615384615384 0.44471153846153844 0.40625 0.44471153846153844 0.40625 0.5240384615384616 0.5384615384615384 0.5240384615384616
0 0.7151532778123655 0.8183329887462893 0.7119995395464602 0.7409346742033176 0.43194890384615375 0.752345858173077 0.4351026421120591 0.8297441727160487
0 0.6105769230769231 0.3677884615384616 0.44471153846153844 0.36778846153846156 0.44471153846153844 0.44471153846153855 0.6105769230769231 0.4447115384615386
0 0.45913461538461553 0.5745192307692307 0.3629807692307694 0.5745192307692307 0.3629807692307694 0.6370192307692307 0.45913461538461553 0.6370192307692307
0 0.31971153846153844 0.40384615384615385 0.2067307692307693 0.40384615384615385 0.2067307692307693 0.45913461538461536 0.31971153846153844 0.45913461538461536
0 0.5697115384615385 0.6682692307692307 0.48557692307692324 0.6682692307692307 0.48557692307692324 0.7379807692307693 0.5697115384615385 0.7379807692307693
0 0.9903846153846154 0.6298076923076923 0.8221153846153846 0.6298076923076923 0.8221153846153846 0.6754807692307693 0.9903846153846154 0.6754807692307693
0 0.7908653846153846 0.3701923076923078 0.6538461538461539 0.3701923076923078 0.6538461538461539 0.42788461538461553 0.7908653846153846 0.42788461538461553
0 0.7548076923076923 0.42067307692307704 0.6514423076923077 0.42067307692307704 0.6514423076923077 0.4759615384615386 0.7548076923076923 0.4759615384615386
0 0.6826923076923077 0.23317307692307698 0.5480769230769231 0.23317307692307698 0.5480769230769231 0.3052884615384616 0.6826923076923077 0.3052884615384616
0 0.4391976706730769 0.8346274326923079 0.4315224115019065 0.7871596149830944 0.22444804611729108 0.8206422880600174 0.23212330528846153 0.8681101057692309
0 0.4479387937532779 0.7421852638888674 0.43431298749007835 0.686667938053459 0.3097409807692308 0.7172420697115385 0.3233667870324304 0.7727593955469468
0 0.39165617788461543 0.6718427812500001 0.3681715573871452 0.6213366544926876 0.2600849911309975 0.6715953488803501 0.2835696116284678 0.7221014756376625
0 0.6080186658653846 0.6272671682692308 0.5665686538461537 0.5661701802884616 0.4701899724914883 0.6315563414165015 0.5116399845107191 0.6926533293972708
0 0.7976097057966202 0.4929301259493211 0.5336780340523967 0.486157221047835 0.5320711431596228 0.5487757585600525 0.7960028149038462 0.5555486634615385