0 0.5990401898112351 0.09948467022914444 0.5898445041471931 0.022353509660425683 0.1716418720282657 0.07221221683512744 0.1808375576923077 0.1493433774038462
0 0.46688600245940165 0.15230992651068379 0.4622533100961538 0.11988107692307687 0.333675773982906 0.13824929464316235 0.33830846634615386 0.17067814423076924
0 0.23582961601192964 0.20523607662962712 0.026414475961538477 0.17982161778846156 0.01815572052653199 0.24787376231268066 0.22757086057692313 0.2732882211538462
0 0.35354758653846147 0.2255389783653846 0.3125789652324016 0.17579136644973722 0.20895294840547857 0.26113043856512186 0.24992156971153842 0.3108780504807692
0 0.8995764706222824 0.3187173062716916 0.7426531177884612 0.20928391586538472 0.7031710469249047 0.26589971579380156 0.860094399758726 0.3753331062001084
2 0.970703125 0.048828125000000104 0.02988469566663761 -0.032038867877710556 -0.050193429333362544 0.8996017571222894 0.8906249999999999 0.98046875
0 0.2740384615384616 0.44471153846153844 0.20432692307692316 0.44471153846153844 0.20432692307692316 0.4951923076923077 0.2740384615384616 0.4951923076923077
0 0.7067307692307693 0.84375 0.4062500000000001 0.84375 0.4062500000000001 0.9134615384615384 0.7067307692307693 0.9134615384615384
0 0.6081730769230771 0.7788461538461539 0.5000000000000001 0.7788461538461539 0.5000000000000001 0.8317307692307693 0.6081730769230771 0.8317307692307693
0 0.9014423076923077 0.7139423076923077 0.7524038461538461 0.7139423076923077 0.7524038461538461 0.7860576923076923 0.9014423076923077 0.7860576923076923
0 0.7980769230769231 0.6298076923076923 0.591346153846154 0.6298076923076923 0.591346153846154 0.7043269230769231 0.7980769230769231 0.7043269230769231
0 0.7091346153846154 0.7067307692307693 0.46634615384615397 0.7067307692307693 0.46634615384615397 0.7764423076923077 0.7091346153846154 0.7764423076923077
0 0.4375 0.3028846153846155 0.3076923076923077 0.3028846153846155 0.3076923076923077 0.36778846153846156 0.4375 0.36778846153846156
0 0.23317307692307698 0.49038461538461536 0.06971153846153853 0.49038461538461536 0.06971153846153853 0.5865384615384616 0.23317307692307698 0.5865384615384616
0 0.6105769230769231 0.5096153846153847 0.4831730769230769 0.5096153846153846 0.483173076923077 0.5793269230769231 0.6105769230769232 0.5793269230769232
0 0.5976562499999999 0.2734375 0.5907404777565175 0.1968320228414255 0.30949047775651756 0.2222226478414255 0.31640624999999994 0.298828125
0 0.5697115384615385 0.5937500000000001 0.4062500000000001 0.59375 0.4062500000000001 0.6586538461538461 0.5697115384615385 0.6586538461538461
0 0.6586538461538461 0.38942307692307704 0.5649038461538461 0.38942307692307704 0.5649038461538461 0.4495192307692309 0.6586538461538461 0.4495192307692309
0 0.8100961538461539 0.560096153846154 0.6971153846153846 0.560096153846154 0.6971153846153846 0.6105769230769232 0.8100961538461539 0.6105769230769232
0 0.5384615384615384 0.29807692307692313 0.45913461538461536 0.29807692307692313 0.45913461538461536 0.3629807692307692 0.5384615384615384 0.3629807692307692
0 0.20192307692307698 0.3870192307692308 0.03365384615384621 0.3870192307692308 0.03365384615384621 0.4206730769230769 0.20192307692307698 0.4206730769230769
0 0.36057692307692324 0.6225961538461539 0.22596153846153852 0.6225961538461539 0.22596153846153852 0.6706730769230769 0.36057692307692324 0.6706730769230769
0 0.3629807692307694 0.5697115384615384 0.264423076923077 0.5697115384615384 0.264423076923077 0.6201923076923077 0.3629807692307694 0.6201923076923077
0 0.4615384615384617 0.7379807692307693 0.32932692307692324 0.7379807692307693 0.32932692307692324 0.8004807692307693 0.4615384615384617 0.8004807692307693
0 0.8127820397111913 0.1907505076714801 0.802734375 0.14453125000000003 0.5934503328068591 0.19002778091155237 0.6034979975180504 0.23624703858303245
0 0.71875 0.30078125 0.7079428522099447 0.24591419198895023 0.5790366022099447 0.2713048169889502 0.5898437499999999 0.326171875
0 0.76171875 0.33203125 0.731120637999675 0.28662759993500175 0.634765625 0.3515625 0.665363737000325 0.39696615006499836
0 0.5488281249999999 0.388671875 0.5034136802070263 0.335503744510665 0.40966368020702626 0.415581869510665 0.45507812499999994 0.46875
0 0.48828125 0.494140625 0.22460937500000006 0.494140625 0.22460937500000006 0.556640625 0.48828125 0.556640625