0 0.5511995072115385 0.8760552451923078 0.13625653365384627 0.8432880576923079 0.13009194759046858 0.9213524833281745 0.5450349211481608 0.9541196708281745
0 0.42189577884615387 0.8286078341346155 0.2948455504807693 0.815536841346154 0.29145865891107003 0.8484574736457104 0.4185088872764546 0.8615284664341719
0 0.20023605542152415 0.7841787292345566 0.18948550961538457 0.7174389759615383 -0.01075054580613957 0.7496933188423665 0 0.8164330721153846
0 0.31295980528846157 0.7600550625 0.21380621875 0.6789384254807692 0.17113624577516762 0.7310964169042896 0.2702898323136292 0.8122130539235204
0 0.865524787731363 0.643450796098622 0.8272481299123958 0.5896982527087743 0.6629367868925713 0.706702745071691 0.7012134447115386 0.7604552884615388
2 0.9212647000815347 0.923809235609865 0.890027723955187 -0.004095180943281942 -0.031236976126347668 0.02691827575454538 0 0.9548226923076922
0 0.24519230769230776 0.4951923076923077 0.17307692307692316 0.4951923076923077 0.17307692307692316 0.5480769230769231 0.24519230769230776 0.5480769230769231
0 0.7019230769230769 0.06009615384615392 0.39663461538461536 0.060096153846153896 0.39663461538461536 0.14182692307692316 0.7019230769230769 0.14182692307692318
0 0.5985576923076923 0.1442307692307693 0.49038461538461536 0.1442307692307693 0.49038461538461536 0.20192307692307698 0.5985576923076923 0.20192307692307698
0 0.8894230769230769 0.17788461538461547 0.7379807692307693 0.17788461538461545 0.7379807692307693 0.25721153846153855 0.8894230769230769 0.2572115384615386
0 0.7836538461538461 0.26201923076923084 0.5721153846153846 0.26201923076923084 0.5721153846153846 0.3461538461538463 0.7836538461538461 0.3461538461538463
0 0.6971153846153846 0.19471153846153852 0.4519230769230769 0.19471153846153852 0.4519230769230769 0.2740384615384616 0.6971153846153846 0.2740384615384616
0 0.40384615384615397 0.6153846153846154 0.2716346153846155 0.6153846153846154 0.2716346153846155 0.6850961538461539 0.40384615384615397 0.6850961538461539
0 0.21153846153846162 0.40384615384615385 0.043269230769230824 0.40384615384615385 0.04326923076923083 0.5072115384615384 0.21153846153846162 0.5072115384615384
0 0.5889423076923077 0.3966346153846155 0.4567307692307692 0.39663461538461536 0.4567307692307692 0.4711538461538462 0.5889423076923077 0.4711538461538463
0 0.5595787235576924 0.702209875 0.27948441602130614 0.6882705999024081 0.2756404648573591 0.7655105447296287 0.5557347723937454 0.7794498198272204
0 0.5528846153846154 0.3173076923076923 0.38461538461538464 0.3173076923076923 0.38461538461538464 0.3894230769230769 0.5528846153846154 0.3894230769230769
0 0.6298076923076923 0.5240384615384616 0.5336538461538461 0.5240384615384616 0.5336538461538463 0.5865384615384616 0.6298076923076923 0.5865384615384617
0 0.7884615384615384 0.35817307692307704 0.6730769230769231 0.35817307692307704 0.6730769230769231 0.41105769230769246 0.7884615384615384 0.41105769230769246
0 0.5072115384615385 0.6153846153846154 0.42067307692307704 0.6153846153846154 0.42067307692307704 0.6850961538461539 0.5072115384615385 0.6850961538461539
0 0.17067307692307698 0.5721153846153846 0.0024038461538462242 0.5721153846153846 0.0024038461538462264 0.6105769230769231 0.17067307692307698 0.6105769230769231
0 0.34134615384615385 0.31490384615384615 0.20432692307692316 0.31490384615384615 0.20432692307692316 0.36778846153846156 0.34134615384615385 0.36778846153846156
0 0.34375 0.36538461538461536 0.24038461538461545 0.36538461538461536 0.24038461538461545 0.4182692307692308 0.34375 0.4182692307692308
0 0.4495192307692308 0.18028846153846162 0.31490384615384615 0.18028846153846162 0.31490384615384615 0.2475961538461539 0.4495192307692308 0.2475961538461539
0 0.7663608089367189 0.7754146066607398 0.5595807408698517 0.7384671202198815 0.5511210905869791 0.7858123452899108 0.7579011586538461 0.8227598317307692
0 0.6821054975961539 0.6699319326923079 0.5578884069745645 0.6370907942155116 0.5433036064937953 0.6922557966193577 0.6675206971153848 0.7250969350961539
0 0.7267119903846153 0.6369310889423077 0.6321115180299414 0.5748403325150933 0.6007824567307692 0.6225727836538462 0.6953829290854432 0.6846635400810606
0 0.5167897764423077 0.58896509375 0.42723649278846143 0.5127069879807691 0.37981839099341996 0.5683921728872594 0.46937167464726615 0.6446502786564903
0 0.4618791898336081 0.49097479487284024 0.46052071499448927 0.4284640822969487 0.19673993381472735 0.43419653261641616 0.19809840865384618 0.4967072451923077