0 0.8509615384615384 0.25240384615384626 0.7884615384615384 0.2524038461538462 0.7884615384615384 0.3870192307692309 0.8509615384615384 0.3870192307692309
0 0.7980769230769231 0.25000000000000006 0.7331730769230769 0.25000000000000006 0.7331730769230769 0.41105769230769246 0.7980769230769231 0.41105769230769246
0 0.7932692307692307 0.5841346153846155 0.71875 0.5841346153846155 0.71875 0.7139423076923077 0.7932692307692307 0.7139423076923077
0 1 0.6538461538461539 0.9423076923076923 0.6538461538461539 0.9423076923076923 0.8822115384615384 1 0.8822115384615384
0 0.9350961538461539 0.6033653846153848 0.875 0.6033653846153848 0.875 0.7139423076923077 0.9350961538461539 0.7139423076923077
0 0.9471153846153846 0.7307692307692307 0.875 0.7307692307692307 0.875 0.9495192307692307 0.9471153846153846 0.9495192307692307
0 0.9855769230769231 0.14423076923076936 0.9014423076923077 0.14423076923076933 0.9014423076923077 0.591346153846154 0.9855769230769231 0.591346153846154
0 0.65625 0.17788461538461545 0.6033653846153846 0.17788461538461545 0.6033653846153846 0.25721153846153855 0.65625 0.25721153846153855
0 0.6129807692307693 0.1850961538461539 0.5673076923076923 0.1850961538461539 0.5673076923076923 0.4399038461538463 0.6129807692307693 0.4399038461538463
0 0.5625000000000001 0.2524038461538462 0.4831730769230769 0.2524038461538462 0.483173076923077 0.6706730769230769 0.5625000000000001 0.6706730769230769
0 0.2283653846153846 0.15384615384615385 0.18269230769230768 0.15384615384615385 0.18269230769230768 0.24759615384615385 0.2283653846153846 0.24759615384615385
0 0.8028846153846154 9.464517930910433e-17 0.7427884615384616 9.096535118666638e-17 0.7427884615384616 0.0673076923076924 0.8028846153846154 0.06730769230769242
0 0.7355769230769231 8.507762619076564e-17 0.6538461538461539 8.007305994425001e-17 0.6538461538461539 0.05769230769230778 0.7355769230769231 0.05769230769230778
2 1 6.404379119998834e-17 0.00009096875000000012 2.8170214720461804e-18 0.00009096875000005783 0.9426369158653846 1 0.9426369158653846