0 0.42788461538461536 0.16826923076923084 0.2956730769230769 0.16826923076923084 0.2956730769230769 0.22596153846153852 0.42788461538461536 0.22596153846153852
0 0.4495192307692308 0.22355769230769237 0.28846153846153844 0.22355769230769237 0.2884615384615385 0.28125000000000006 0.4495192307692308 0.28125000000000006
0 0.75 0.24278846153846162 0.625 0.24278846153846162 0.625 0.31009615384615397 0.75 0.31009615384615397
0 0.9302884615384616 0.04086538461538472 0.7043269230769231 0.0408653846153847 0.7043269230769231 0.09134615384615395 0.9302884615384616 0.09134615384615395
0 0.7572115384615384 0.10096153846153855 0.6514423076923077 0.10096153846153853 0.6514423076923077 0.15625000000000006 0.7572115384615384 0.15625000000000006
0 0.9951923076923077 0.10096153846153857 0.7788461538461539 0.10096153846153856 0.7788461538461539 0.16346153846153857 0.9951923076923077 0.1634615384615386
0 0.6370192307692307 0.045673076923076976 0.19471153846153846 0.04567307692307694 0.19471153846153846 0.10817307692307697 0.6370192307692307 0.108173076923077
0 0.2860576923076924 0.3581730769230769 0.21153846153846162 0.3581730769230769 0.21153846153846162 0.40625 0.2860576923076924 0.40625
0 0.46875 0.40865384615384615 0.2163461538461539 0.40865384615384615 0.2163461538461539 0.4423076923076923 0.46875 0.4423076923076923
0 0.6947115384615384 0.46875000000000006 0.28125000000000006 0.46875 0.28125000000000006 0.528846153846154 0.6947115384615384 0.528846153846154
0 0.25721153846153855 0.78125 0.1658653846153847 0.78125 0.1658653846153847 0.8269230769230769 0.25721153846153855 0.8269230769230769
0 0.10576923076923081 0.20432692307692307 0.0024038461538461783 0.20432692307692307 0.002403846153846182 0.25961538461538464 0.10576923076923081 0.25961538461538464
0 0.09134615384615388 0.2692307692307692 3.2971259977044127e-17 0.2692307692307692 3.7681439973764714e-17 0.34615384615384615 0.09134615384615388 0.34615384615384615
2 0.99609375 6.17107176132846e-17 0.001953125000000061 8.371608978546398e-19 0.0019531250000001223 1 0.99609375 1