2 0.9951923076923077 6.093795370757262e-17 0 0 6.123233995736766e-17 1 0.9951923076923077 1
0 0.9326923076923077 0.05769230769230779 0.71875 0.05769230769230778 0.71875 0.10817307692307702 0.9326923076923077 0.10817307692307702
0 0.7692307692307693 0.24519230769230776 0.6610576923076923 0.24519230769230776 0.6610576923076923 0.3052884615384616 0.7692307692307693 0.3052884615384616
0 0.6658653846153846 0.07211538461538468 0.2548076923076923 0.07211538461538465 0.2548076923076923 0.11778846153846159 0.6658653846153846 0.1177884615384616
0 0.35336538461538475 0.7524038461538461 0.25721153846153855 0.7524038461538461 0.25721153846153855 0.8004807692307693 0.35336538461538475 0.8004807692307693
0 0.0480769230769231 0.125 0.007211538461538477 0.125 0.007211538461538483 0.21875 0.048076923076923114 0.21875
0 0.35336538461538464 0.3605769230769231 0.2740384615384616 0.3605769230769231 0.2740384615384616 0.40625 0.35336538461538464 0.40625
0 0.49278846153846156 0.4014423076923077 0.29807692307692313 0.4014423076923077 0.29807692307692313 0.44471153846153844 0.49278846153846156 0.44471153846153844
0 0.9927884615384616 0.10817307692307704 0.7956730769230769 0.10817307692307702 0.7956730769230769 0.16826923076923087 0.9927884615384616 0.1682692307692309
0 0.7716346153846154 0.11538461538461547 0.6730769230769231 0.11538461538461545 0.6730769230769231 0.15865384615384623 0.7716346153846154 0.15865384615384623
0 0.46153846153846156 0.17788461538461545 0.34375 0.17788461538461545 0.34375 0.22355769230769237 0.46153846153846156 0.22355769230769237
0 0.5024038461538461 0.2283653846153847 0.34615384615384615 0.2283653846153847 0.34615384615384615 0.28846153846153855 0.5024038461538461 0.28846153846153855
0 0.6421261381937562 0.13176818787165512 0.6324882696357779 0.0998890841798811 0.458984375 0.15234375000000003 0.46862224355797816 0.18422285369177407
0 0.609375 0.15820312500000006 0.59375 0.126953125 0.5 0.173828125 0.515625 0.20507812500000006
0 0.7548076923076923 0.4567307692307693 0.46875 0.4567307692307692 0.46875 0.5240384615384616 0.7548076923076923 0.5240384615384617
0 0.43990384615384615 0.4831730769230769 0.3485576923076923 0.4831730769230769 0.3485576923076923 0.5576923076923077 0.43990384615384615 0.5576923076923077
0 0.18509615384615385 0.22355769230769232 0.05288461538461542 0.22355769230769232 0.05288461538461542 0.2668269230769231 0.18509615384615385 0.2668269230769231
0 0.17067307692307698 0.29086538461538464 0.026442307692307727 0.29086538461538464 0.02644230769230773 0.34134615384615385 0.17067307692307698 0.34134615384615385
0 0.17067307692307698 0.40625 0.03605769230769236 0.40625 0.03605769230769236 0.46634615384615385 0.17067307692307698 0.46634615384615385
0 0.0865384615384616 0.5264423076923077 6.447058870511307e-17 0.5264423076923077 6.903357557693613e-17 0.6009615384615384 0.0865384615384616 0.6009615384615384