0 0.42307692307692324 0.7932692307692307 0.2908653846153847 0.7932692307692307 0.2908653846153847 0.8581730769230769 0.42307692307692324 0.8581730769230769
0 0.4447115384615386 0.7379807692307693 0.2860576923076924 0.7379807692307693 0.2860576923076924 0.8052884615384616 0.4447115384615386 0.8052884615384616
0 0.7451923076923077 0.7307692307692307 0.6201923076923077 0.7307692307692307 0.6201923076923077 0.8052884615384616 0.7451923076923077 0.8052884615384616
0 0.9230769230769231 0.9543269230769231 0.6971153846153846 0.9543269230769231 0.6971153846153846 1 0.9230769230769231 1
0 0.7524038461538461 0.8846153846153846 0.6466346153846154 0.8846153846153846 0.6466346153846154 0.9471153846153846 0.7524038461538461 0.9471153846153846
0 0.9879807692307693 0.8870192307692307 0.7716346153846154 0.8870192307692307 0.7716346153846154 0.9639423076923077 0.9879807692307693 0.9639423076923077
0 0.6322115384615384 0.90625 0.18990384615384628 0.90625 0.18990384615384628 0.9951923076923077 0.6322115384615384 0.9951923076923077
0 0.2836538461538462 0.6081730769230769 0.2067307692307693 0.6081730769230769 0.2067307692307693 0.6610576923076923 0.2836538461538462 0.6610576923076923
0 0.46634615384615397 0.5721153846153846 0.21394230769230776 0.5721153846153846 0.21394230769230776 0.6201923076923077 0.46634615384615397 0.6201923076923077
0 0.6923076923076923 0.4879807692307693 0.2788461538461539 0.4879807692307692 0.2788461538461539 0.576923076923077 0.6923076923076923 0.5769230769230771
0 0.25721153846153844 0.18509615384615385 0.16346153846153846 0.18509615384615385 0.16346153846153846 0.23317307692307693 0.25721153846153844 0.23317307692307693
0 0.10096153846153856 0.7427884615384616 9.096535118666638e-17 0.7427884615384616 9.464517930910433e-17 0.8028846153846154 0.10096153846153856 0.8028846153846154
0 0.08653846153846162 0.6538461538461539 8.007305994425001e-17 0.6538461538461539 8.507762619076564e-17 0.7355769230769231 0.08653846153846165 0.7355769230769231
2 0.9858747163461538 0.00012516105769236818 0.001953125 0.00012516105769230792 0.001953125000000061 1 0.9858747163461538 1