2 0.9713371632743214 0.0633887074958665 0.05498144711538463 0.05508531250000001 0.046483202283121985 0.9929444933818873 0.9628389184420587 1.0012478883777538
0 0.9663461538461539 0.09855769230769239 0.6442307692307693 0.09855769230769237 0.6442307692307693 0.15865384615384626 0.9663461538461539 0.15865384615384628
0 0.9663461538461539 0.13221153846153855 0.6490384615384616 0.13221153846153852 0.6490384615384616 0.19951923076923087 0.9663461538461539 0.1995192307692309
0 0.96875 0.1826923076923078 0.7451923076923077 0.18269230769230776 0.7451923076923077 0.24038461538461547 0.96875 0.24038461538461553
0 0.9663461538461539 0.23798076923076933 0.7524038461538461 0.2379807692307693 0.7524038461538461 0.2908653846153847 0.9663461538461539 0.29086538461538475
0 0.9495192307692307 0.2932692307692309 0.9110576923076923 0.2932692307692309 0.9110576923076923 0.3437500000000001 0.9495192307692307 0.3437500000000001
0 0.9423076923076923 0.35336538461538475 0.6682692307692307 0.35336538461538475 0.6682692307692307 0.45192307692307704 0.9423076923076923 0.45192307692307704
0 0.3389423076923077 0.06250000000000003 0.09134615384615384 0.06250000000000001 0.09134615384615384 0.13701923076923078 0.3389423076923077 0.1370192307692308
0 0.5985576923076923 0.20192307692307698 0.5120192307692307 0.20192307692307698 0.5120192307692307 0.24278846153846162 0.5985576923076923 0.24278846153846162
0 0.9590399822341873 0.46771633728574424 0.7200141706730767 0.4334384423076924 0.7116019360350433 0.49209843915656354 0.9506277475961539 0.5263763341346154
0 0.9644613646337136 0.5439370409445006 0.7342973846153846 0.48334926201923084 0.7197637986991536 0.5385601979167814 0.9499277787174827 0.5991479768420511
0 0.937263408653846 0.5791816562500002 0.8525785216346153 0.5679220024038463 0.848058355050051 0.6019185889554556 0.9327432420692817 0.6131782428016094
0 0.9374160697115383 0.6200210336538462 0.8397564158653844 0.5974308798076925 0.8336141080928423 0.6239847339765576 0.9312737619389962 0.6465748878227113
0 0.9573751492346454 0.7072260348404357 0.8369468245192309 0.6707440985576925 0.8274682498038164 0.7020332512172567 0.9478965745192309 0.7385151875000001
0 0.9606440440931577 0.746733000367956 0.6945739254807692 0.6732860264423078 0.6794792973286061 0.7279680546892664 0.9455494159409946 0.8014150286149145
0 0.9414397448954764 0.8055519634890514 0.7412262764423078 0.7544351466346154 0.7318508425204887 0.7911566848533632 0.9320643109736574 0.8422735017077991
0 0.9433755216677902 0.849835262650469 0.7337764350961538 0.7901210913461539 0.7265532866896453 0.8154746259445009 0.9361523732612815 0.875188797248816
0 0.9406678490499493 0.8849307107594317 0.8131061586538463 0.8418671610576924 0.8053609562385126 0.8648097916444146 0.9329226466346155 0.9078733413461539
0 0.9387162598060281 0.9145393239859002 0.7171887379807692 0.8392201730769232 0.7020808012841319 0.8836554028413105 0.9236083231093909 0.9589745537502876
0 0.6177884615384616 0.2379807692307693 0.47115384615384615 0.2379807692307693 0.47115384615384615 0.28125000000000006 0.6177884615384616 0.28125000000000006
0 0.6274038461538461 0.27644230769230776 0.5480769230769231 0.27644230769230776 0.5480769230769231 0.30769230769230776 0.6274038461538461 0.3076923076923078
0 0.632869468803398 0.31659779984926095 0.4713452475961538 0.2889163125000001 0.4658241754946805 0.3211323152085154 0.6273483967019248 0.3488138025577762
0 0.6402640865745032 0.39409326214054186 0.5434730192307693 0.376470264423077 0.5356321417908816 0.41953483882099685 0.6324232091346155 0.4371578365384617
0 0.6613538703177851 0.45817845948791497 0.49903483413461547 0.4177927307692308 0.49291147102836885 0.4424038602236236 0.6552305072115385 0.4827895889423078
0 0.6594027548076924 0.4866626899038463 0.4821914759615384 0.44555919951923095 0.4766982000796307 0.46924260049025796 0.6539094789257847 0.5103460908748734
0 0.6659511352704891 0.5152702267303421 0.5139298605769231 0.47373463221153855 0.5069756964602802 0.4991870400965812 0.6589969711538461 0.5407226346153847
0 0.6724188369715323 0.5457802616874691 0.5488845336538463 0.5102290649038462 0.5406459851438525 0.5388566061009926 0.6641802884615385 0.5744078028846155
0 0.6740801737951936 0.5797069072444471 0.6015260408653847 0.5559698149038462 0.5934884391855758 0.5805373235247837 0.6660425721153848 0.6042744158653848
0 0.665514455512665 0.6027870666259405 0.5603747259615384 0.5659527740384616 0.5507475312540872 0.593432618953999 0.6558872608052136 0.6302669115414781
0 0.6578055683887553 0.6344883014950569 0.5825612692307692 0.6016289903846155 0.5734102176689372 0.6225839172549433 0.6486545168269232 0.6554432283653847
0 0.6577763382138263 0.656978797836898 0.495696079326923 0.5978652788461538 0.4871772763095584 0.6212225382689461 0.6492575351964618 0.6803360572596904
0 0.6600057908653846 0.6805093269230771 0.5991587115384617 0.6576799855769232 0.5904489803303747 0.6808940458381898 0.6512960596572976 0.7037233871843436
0 0.6742853937377694 0.710661251456043 0.5655844759615385 0.6717542355769232 0.5559434980891537 0.6986898182554955 0.6646444158653846 0.7375968341346154
0 0.6794103962116969 0.80931664531646 0.5552629663461539 0.7855747355769233 0.5481975100383033 0.8225202993950789 0.6723449399038463 0.8462622091346155
0 0.31971153846153844 0.16586538461538464 0.24519230769230768 0.1658653846153846 0.24519230769230768 0.1995192307692308 0.31971153846153844 0.19951923076923084
0 0.31971153846153844 0.1995192307692308 0.2644230769230769 0.19951923076923078 0.2644230769230769 0.2307692307692308 0.31971153846153844 0.23076923076923084
0 0.32211538461538464 0.22355769230769235 0.24519230769230768 0.22355769230769232 0.24519230769230768 0.2620192307692308 0.32211538461538464 0.26201923076923084
0 0.3317307692307692 0.25000000000000006 0.21394230769230768 0.25 0.21394230769230774 0.29086538461538464 0.3317307692307692 0.2908653846153847
0 0.31971153846153844 0.2836538461538462 0.2163461538461539 0.28365384615384615 0.2163461538461539 0.32211538461538464 0.31971153846153844 0.32211538461538464
0 0.32211538461538464 0.3125 0.28125000000000006 0.3125 0.28125000000000006 0.3485576923076923 0.32211538461538464 0.3485576923076923
0 0.3245192307692308 0.3317307692307692 0.21394230769230776 0.3317307692307692 0.21394230769230776 0.3798076923076923 0.3245192307692308 0.3798076923076923
0 0.3245192307692308 0.375 0.24278846153846162 0.375 0.24278846153846162 0.40625 0.3245192307692308 0.40625
0 0.3245192307692308 0.39663461538461536 0.2067307692307693 0.39663461538461536 0.2067307692307693 0.4423076923076923 0.3245192307692308 0.4423076923076923
0 0.32211538461538464 0.4326923076923077 0.2163461538461539 0.4326923076923077 0.2163461538461539 0.47836538461538464 0.32211538461538464 0.47836538461538464
0 0.18509615384615385 0.19471153846153846 0.10096153846153849 0.19471153846153846 0.10096153846153849 0.23317307692307693 0.18509615384615385 0.23317307692307693
0 0.6153846153846154 0.10576923076923084 0.5336538461538461 0.10576923076923084 0.5336538461538461 0.12980769230769237 0.6153846153846154 0.12980769230769237
0 0.6225961538461539 0.12500000000000006 0.5384615384615384 0.12500000000000006 0.5384615384615384 0.15144230769230776 0.6225961538461539 0.15144230769230776
0 0.625 0.14903846153846162 0.5432692307692307 0.14903846153846162 0.5432692307692307 0.18750000000000006 0.625 0.18750000000000006
0 0.3581730769230769 0.47596153846153844 0.20913461538461545 0.47596153846153844 0.20913461538461545 0.5336538461538461 0.3581730769230769 0.5336538461538461
0 0.326923076923077 0.5240384615384616 0.19230769230769237 0.5240384615384616 0.19230769230769237 0.5769230769230769 0.32692307692307704 0.5769230769230769
0 0.32932692307692324 0.5600961538461539 0.22596153846153852 0.5600961538461539 0.22596153846153852 0.6081730769230769 0.32932692307692324 0.6081730769230769
0 0.32692307692307704 0.5985576923076923 0.23076923076923084 0.5985576923076923 0.23076923076923084 0.6394230769230769 0.32692307692307704 0.6394230769230769
0 0.3365384615384617 0.6346153846153846 0.2163461538461539 0.6346153846153846 0.2163461538461539 0.6706730769230769 0.3365384615384617 0.6706730769230769
0 0.33413461538461553 0.6706730769230769 0.2379807692307693 0.6706730769230769 0.2379807692307693 0.7043269230769231 0.33413461538461553 0.7043269230769231
0 0.32932692307692324 0.6995192307692307 0.21394230769230776 0.6995192307692307 0.21394230769230776 0.7403846153846154 0.32932692307692324 0.7403846153846154
0 0.3365384615384617 0.7355769230769231 0.24278846153846162 0.7355769230769231 0.24278846153846162 0.7860576923076923 0.3365384615384617 0.7860576923076923
0 0.6706730769230769 0.8533653846153846 0.6201923076923077 0.8533653846153846 0.6201923076923077 0.8870192307692307 0.6706730769230769 0.8870192307692307
0 0.17788461538461545 0.39663461538461536 0.09375000000000003 0.39663461538461536 0.09375000000000006 0.5528846153846154 0.17788461538461545 0.5528846153846154
0 0.34944389137422693 0.7912446900272523 0.17230284375000002 0.7574278052884615 0.1646625702793133 0.7974494115714484 0.3418036179035403 0.8312662963102392
0 0.35084158287505507 0.8332782729778975 0.23758678365384625 0.8093873173076922 0.22847822481725283 0.8525663351951793 0.3417330240384616 0.8764572908653846
0 0.3565143216844219 0.8792359369754682 0.18767198317307696 0.8296258750000001 0.17653598367325168 0.8675260130433959 0.3453783221845966 0.9171360750188641
0 0.43990384615384615 0.08413461538461543 0.33653846153846156 0.08413461538461542 0.33653846153846156 0.15144230769230774 0.43990384615384615 0.15144230769230776