2 0.9669658474240054 0.04285131687643261 0.04969367067307694 0.02459234855769231 0.03064628959522567 0.9814718610081831 0.9479184663461541 0.9997308293269233
0 0.12259615384615387 0.05528846153846155 0.06009615384615385 0.055288461538461536 0.06009615384615387 0.38461538461538464 0.12259615384615388 0.38461538461538464
0 0.1514423076923077 0.048076923076923093 0.10817307692307693 0.048076923076923093 0.10817307692307694 0.3918269230769231 0.15144230769230774 0.3918269230769231
0 0.18750000000000003 0.03846153846153848 0.13701923076923078 0.03846153846153848 0.13701923076923078 0.2980769230769231 0.18750000000000006 0.2980769230769231
0 0.23798076923076927 0.03605769230769233 0.18509615384615385 0.03605769230769233 0.18509615384615388 0.2980769230769231 0.2379807692307693 0.2980769230769231
0 0.27163461538461536 0.10096153846153849 0.23076923076923078 0.10096153846153849 0.23076923076923078 0.15144230769230774 0.27163461538461536 0.15144230769230774
0 0.3918269230769231 0.12259615384615388 0.3076923076923077 0.12259615384615388 0.3076923076923077 0.40625 0.3918269230769231 0.40625
0 0.44471153846153844 0.12019230769230774 0.38461538461538464 0.12019230769230772 0.38461538461538464 0.36778846153846156 0.44471153846153844 0.36778846153846156
0 0.5048076923076923 0.13221153846153852 0.43990384615384615 0.13221153846153852 0.43990384615384615 0.35096153846153844 0.5048076923076923 0.35096153846153844
0 0.5264423076923077 0.16105769230769237 0.49759615384615385 0.16105769230769237 0.49759615384615385 0.25721153846153855 0.5264423076923077 0.25721153846153855
0 0.5625 0.17067307692307698 0.5288461538461539 0.17067307692307698 0.5288461538461539 0.27644230769230776 0.5625 0.27644230769230776
0 0.59375 0.18028846153846162 0.5625 0.18028846153846162 0.5625 0.24038461538461545 0.59375 0.24038461538461545
0 0.11057692307692313 0.41346153846153844 0.08173076923076926 0.41346153846153844 0.08173076923076929 0.5096153846153846 0.11057692307692314 0.5096153846153846
0 0.13221153846153852 0.40625 0.10576923076923081 0.40625 0.10576923076923082 0.49278846153846156 0.13221153846153852 0.49278846153846156
0 0.15144230769230774 0.41346153846153844 0.12500000000000003 0.41346153846153844 0.12500000000000006 0.4951923076923077 0.15144230769230776 0.4951923076923077
0 0.18990384615384623 0.41586538461538464 0.14903846153846156 0.41586538461538464 0.1490384615384616 0.5048076923076923 0.18990384615384623 0.5048076923076923
0 0.12259615384615391 0.6033653846153846 0.09615384615384623 0.6033653846153846 0.09615384615384623 0.6682692307692307 0.12259615384615391 0.6682692307692307
0 0.14663461538461545 0.5985576923076923 0.12019230769230776 0.5985576923076923 0.12019230769230776 0.6802884615384616 0.14663461538461545 0.6802884615384616
0 0.16346153846153852 0.5913461538461539 0.13701923076923084 0.5913461538461539 0.13701923076923084 0.6923076923076923 0.16346153846153852 0.6923076923076923
0 0.18028846153846162 0.6057692307692307 0.15625000000000006 0.6057692307692307 0.15625000000000006 0.6730769230769231 0.18028846153846162 0.6730769230769231
0 0.1875000000000001 0.6875 0.108173076923077 0.6875 0.10817307692307701 0.9350961538461539 0.18750000000000014 0.9350961538461539
0 0.2379807692307693 0.4495192307692308 0.2067307692307693 0.4495192307692308 0.2067307692307693 0.5408653846153846 0.2379807692307693 0.5408653846153846
0 0.2740384615384616 0.4326923076923077 0.24519230769230776 0.4326923076923077 0.24519230769230776 0.5865384615384616 0.2740384615384616 0.5865384615384616
0 0.3004807692307693 0.4423076923076923 0.2692307692307693 0.4423076923076923 0.2692307692307693 0.5240384615384616 0.3004807692307693 0.5240384615384616
0 0.32932692307692313 0.4326923076923077 0.295673076923077 0.4326923076923077 0.295673076923077 0.5865384615384616 0.32932692307692324 0.5865384615384616
0 0.40625 0.4423076923076923 0.36778846153846156 0.4423076923076923 0.36778846153846156 0.5432692307692307 0.40625 0.5432692307692307
0 0.22836538461538472 0.6658653846153846 0.17788461538461545 0.6658653846153846 0.17788461538461547 0.9519230769230769 0.22836538461538475 0.9519230769230769
0 0.2475961538461539 0.71875 0.22115384615384623 0.71875 0.22115384615384623 0.8028846153846154 0.2475961538461539 0.8028846153846154
0 0.2740384615384616 0.7211538461538461 0.2475961538461539 0.7211538461538461 0.2475961538461539 0.7956730769230769 0.2740384615384616 0.7956730769230769
0 0.31009615384615397 0.7235576923076923 0.2716346153846155 0.7235576923076923 0.2716346153846155 0.8004807692307693 0.31009615384615397 0.8004807692307693
0 0.3317307692307694 0.7355769230769231 0.3052884615384616 0.7355769230769231 0.3052884615384616 0.8341346153846154 0.3317307692307694 0.8341346153846154
0 0.36538461538461553 0.7403846153846154 0.33413461538461553 0.7403846153846154 0.33413461538461553 0.8485576923076923 0.36538461538461553 0.8485576923076923
0 0.38461538461538475 0.7379807692307693 0.36057692307692324 0.7379807692307693 0.36057692307692324 0.78125 0.38461538461538475 0.78125
0 0.4182692307692309 0.7427884615384616 0.3870192307692309 0.7427884615384616 0.3870192307692309 0.8557692307692307 0.4182692307692309 0.8557692307692307
0 0.44230769230769246 0.7403846153846154 0.41586538461538475 0.7403846153846154 0.41586538461538475 0.8245192307692307 0.44230769230769246 0.8245192307692307
0 0.4759615384615386 0.7548076923076923 0.4375000000000001 0.7548076923076923 0.4375000000000001 0.8725961538461539 0.4759615384615386 0.8725961538461539
0 0.5048076923076924 0.7524038461538461 0.4639423076923078 0.7524038461538461 0.4639423076923078 0.875 0.5048076923076924 0.875
0 0.560096153846154 0.7283653846153846 0.512019230769231 0.7283653846153846 0.512019230769231 0.8798076923076923 0.560096153846154 0.8798076923076923
0 0.6394230769230769 0.15625000000000006 0.6033653846153846 0.15625000000000006 0.6033653846153846 0.28125000000000006 0.6394230769230769 0.28125000000000006
0 0.9350961538461539 0.1250000000000001 0.8629807692307693 0.1250000000000001 0.8629807692307693 0.23317307692307707 0.9350961538461539 0.23317307692307707
0 0.9158653846153846 0.8052884615384616 0.8774038461538461 0.8052884615384616 0.8774038461538461 0.96875 0.9158653846153846 0.96875
0 0.8798076923076923 0.8004807692307693 0.8365384615384616 0.8004807692307693 0.8365384615384616 0.9086538461538461 0.8798076923076923 0.9086538461538461
0 0.84375 0.7980769230769231 0.7956730769230769 0.7980769230769231 0.7956730769230769 0.9567307692307693 0.84375 0.9567307692307693
0 0.8052884615384616 0.7884615384615384 0.7596153846153846 0.7884615384615384 0.7596153846153846 0.8918269230769231 0.8052884615384616 0.8918269230769231
0 0.7572115384615384 0.7860576923076923 0.7283653846153846 0.7860576923076923 0.7283653846153846 0.9158653846153846 0.7572115384615384 0.9158653846153846
0 0.7283653846153846 0.7764423076923077 0.6971153846153846 0.7764423076923077 0.6971153846153846 0.8846153846153846 0.7283653846153846 0.8846153846153846
0 0.6995192307692307 0.7836538461538461 0.6610576923076923 0.7836538461538461 0.6610576923076923 0.9038461538461539 0.6995192307692307 0.9038461538461539
0 0.6634615384615384 0.7764423076923077 0.625 0.7764423076923077 0.625 0.8894230769230769 0.6634615384615384 0.8894230769230769
0 0.6298076923076923 0.7692307692307693 0.5937500000000001 0.7692307692307693 0.5937500000000001 0.8774038461538461 0.6298076923076923 0.8774038461538461
0 0.6033653846153848 0.7716346153846154 0.5576923076923078 0.7716346153846154 0.5576923076923078 0.8990384615384616 0.6033653846153848 0.8990384615384616
0 0.49759615384615397 0.8966346153846154 0.4615384615384617 0.8966346153846154 0.4615384615384617 0.9471153846153846 0.49759615384615397 0.9471153846153846
0 0.5264423076923078 0.8990384615384616 0.5000000000000001 0.8990384615384616 0.5000000000000001 0.9711538461538461 0.5264423076923078 0.9711538461538461
0 0.5456730769230771 0.8990384615384616 0.528846153846154 0.8990384615384616 0.528846153846154 0.9759615384615384 0.5456730769230771 0.9759615384615384
0 0.6009615384615385 0.9038461538461539 0.5456730769230771 0.9038461538461539 0.5456730769230771 0.9807692307692307 0.6009615384615385 0.9807692307692307
0 0.7946251370192309 0.45489080048076935 0.7617930010462474 0.45149199339953705 0.7482496234913479 0.5823196640464692 0.7810817594643313 0.5857184711277015
0 0.7624654449114734 0.46060148497527287 0.7286660156115423 0.45781649514468226 0.7061959326923077 0.7305198173076926 0.7399953619922387 0.733304807138283
0 0.7339818027943197 0.4650198895969551 0.7155559621793827 0.4622141971747601 0.6939660488081402 0.6040017643085743 0.7123918894230771 0.6068074567307693
0 0.7138458287322369 0.4668654671635086 0.6863303149038462 0.4621259519230769 0.6579244143358027 0.6270379545726781 0.6854399281641934 0.6317774698131097
0 0.693938946878078 0.4579004413932202 0.6656658605769229 0.4511384687500001 0.6427158849341306 0.5470966567217689 0.6709889712352857 0.553858629364989
0 0.6668304975961538 0.46526792788461546 0.6377115649300369 0.4579904464840136 0.6235373367141134 0.5147049022543181 0.6526562693802304 0.52198238365492
0 0.6382633828967439 0.4613756760426056 0.6149313207684094 0.45701425326223316 0.6002986875 0.5352936418269232 0.6236307496283346 0.5396550646072955
0 0.6160649423076924 0.45563020673076937 0.5932835627716639 0.4502151372707924 0.5771405971911105 0.5181291369795228 0.5999219767271391 0.5235442064394997
0 0.5933756947115386 0.4527443990384616 0.5646485963185868 0.44586150033215033 0.5429664717768351 0.5363560073206087 0.571693570169787 0.54323890602692
0 0.5699297028146287 0.443375911823372 0.5393126923076924 0.4333663966346155 0.5204576052595591 0.49104015878748675 0.5510746157664954 0.5010496739762432
0 0.5358445256689768 0.4389858433185579 0.503200014423077 0.4352831129807693 0.49084199168291665 0.5442355819740103 0.5234865029288164 0.547938312311799
0 0.5025641428939258 0.4354685195116796 0.47564415865384624 0.4343329447115385 0.4697807369137666 0.5733314684690897 0.49670072115384617 0.5744670432692308
0 0.47866872115384634 0.42606252644230774 0.4557638198957743 0.4249707678516956 0.4476537742226973 0.595118085159388 0.4705586754807693 0.5962098437500001
0 0.4539444639423077 0.42920085817307696 0.4272753365287392 0.4282750834813885 0.42194644229796996 0.5817864729044654 0.4486155697115385 0.5827122475961539
0 0.6727228070778273 0.1524102876083394 0.6500582155609768 0.1507122110384261 0.6299656778846153 0.4188916129807694 0.652630269401466 0.42058968955068277
0 0.7002791382534475 0.18508553994753837 0.6727297403846154 0.18288521875000013 0.6559344122273217 0.3931732340909235 0.6834838100961539 0.3953735552884617
0 0.7513445682271402 0.13379486905280685 0.715512179618366 0.1306013132840747 0.6934357788461537 0.3783033197115385 0.7292681674549281 0.38149687548027067
0 0.777781940083686 0.18579403922189522 0.7491441586538461 0.18317978125000003 0.7304570599163139 0.38788683577810484 0.7590948413461539 0.3905010937500001
0 0.8101157115384615 0.1913834326923078 0.7806290528846156 0.1879536346153847 0.76500439780088 0.3222819130461382 0.794491056454726 0.32571171112306124