2 0.9733647241757255 0.9543043512009262 0.9630235390424033 0.038407884128905466 0.023166024038461543 0.049019608173076934 0.033507209171783695 0.9649160752450977
0 0.38221153846153844 0.06009615384615387 0.052884615384615384 0.06009615384615385 0.05288461538461539 0.11298076923076925 0.38221153846153844 0.11298076923076926
0 0.3870192307692308 0.10576923076923078 0.04567307692307694 0.10576923076923077 0.04567307692307694 0.1418269230769231 0.3870192307692308 0.1418269230769231
0 0.2932692307692308 0.13701923076923078 0.03365384615384617 0.13701923076923078 0.03365384615384617 0.17788461538461542 0.2932692307692308 0.17788461538461545
0 0.29086538461538464 0.18509615384615388 0.03125000000000003 0.18509615384615385 0.03125000000000003 0.22836538461538464 0.29086538461538464 0.2283653846153847
0 0.1418269230769231 0.2283653846153846 0.09615384615384619 0.2283653846153846 0.09615384615384619 0.2668269230769231 0.1418269230769231 0.2668269230769231
0 0.3942307692307692 0.30528846153846156 0.11298076923076926 0.30528846153846156 0.11298076923076926 0.38221153846153844 0.3942307692307692 0.38221153846153844
0 0.35336538461538464 0.3798076923076923 0.11057692307692311 0.3798076923076923 0.11057692307692313 0.43509615384615385 0.35336538461538464 0.43509615384615385
0 0.3389423076923077 0.4375 0.12019230769230776 0.4375 0.12019230769230776 0.4951923076923077 0.3389423076923077 0.4951923076923077
0 0.24278846153846162 0.49278846153846156 0.14663461538461545 0.49278846153846156 0.14663461538461545 0.5192307692307693 0.24278846153846162 0.5192307692307693
0 0.2596153846153847 0.5264423076923077 0.15625000000000006 0.5264423076923077 0.15625000000000006 0.5528846153846154 0.2596153846153847 0.5528846153846154
0 0.22115384615384623 0.5576923076923077 0.1658653846153847 0.5576923076923077 0.1658653846153847 0.5889423076923077 0.22115384615384623 0.5889423076923077
0 0.5072115384615384 0.07211538461538468 0.4110576923076923 0.07211538461538466 0.4110576923076923 0.09375000000000006 0.5072115384615384 0.09375000000000007
0 0.49038461538461536 0.09375000000000006 0.40384615384615385 0.09375000000000003 0.40384615384615385 0.11778846153846159 0.49038461538461536 0.1177884615384616
0 0.49278846153846156 0.11298076923076929 0.40865384615384615 0.11298076923076926 0.40865384615384615 0.13942307692307698 0.49278846153846156 0.13942307692307698
0 0.49759615384615385 0.13942307692307698 0.41346153846153844 0.13942307692307696 0.41346153846153844 0.1754807692307693 0.49759615384615385 0.1754807692307693
0 0.6634615384615384 0.07932692307692314 0.6033653846153846 0.07932692307692314 0.6033653846153846 0.10336538461538468 0.6634615384615384 0.10336538461538468
0 0.6754807692307693 0.10336538461538468 0.5961538461538461 0.10336538461538468 0.5961538461538461 0.12740384615384623 0.6754807692307693 0.12740384615384623
0 0.6875 0.12019230769230776 0.5889423076923077 0.12019230769230776 0.5889423076923077 0.1442307692307693 0.6875 0.1442307692307693
0 0.6682692307692307 0.13942307692307698 0.6033653846153846 0.13942307692307698 0.6033653846153846 0.16105769230769237 0.6682692307692307 0.16105769230769237
0 0.9302884615384616 0.08894230769230778 0.6850961538461539 0.08894230769230776 0.6850961538461539 0.15865384615384626 0.9302884615384616 0.15865384615384628
0 0.5336538461538461 0.19230769230769237 0.44471153846153844 0.19230769230769237 0.44471153846153844 0.22355769230769237 0.5336538461538461 0.22355769230769237
0 0.5793269230769231 0.23317307692307698 0.42788461538461536 0.23317307692307698 0.42788461538461536 0.2596153846153847 0.5793269230769231 0.2596153846153847
0 0.5168269230769231 0.25721153846153855 0.43509615384615385 0.25721153846153855 0.43509615384615385 0.2836538461538462 0.5168269230769231 0.2836538461538462
0 0.5793269230769231 0.2836538461538462 0.4230769230769231 0.2836538461538462 0.4230769230769231 0.31250000000000006 0.5793269230769231 0.3125000000000001
0 0.5336538461538461 0.3557692307692308 0.43028846153846156 0.3557692307692308 0.43028846153846156 0.3918269230769231 0.5336538461538461 0.3918269230769231
0 0.9471153846153846 0.15865384615384626 0.6610576923076923 0.15865384615384623 0.6610576923076923 0.20192307692307704 0.9471153846153846 0.20192307692307707
0 0.7980769230769231 0.20192307692307698 0.7139423076923077 0.20192307692307698 0.7139423076923077 0.22355769230769237 0.7980769230769231 0.22355769230769237
0 0.7860576923076923 0.22596153846153852 0.7163461538461539 0.22596153846153852 0.7163461538461539 0.25000000000000006 0.7860576923076923 0.25000000000000006
0 0.7932692307692307 0.2524038461538462 0.7139423076923077 0.2524038461538462 0.7139423076923077 0.28846153846153855 0.7932692307692307 0.28846153846153855
0 0.8269230769230769 0.2860576923076924 0.7283653846153846 0.2860576923076924 0.7283653846153846 0.31009615384615397 0.8269230769230769 0.31009615384615397
0 0.8389423076923077 0.3125000000000001 0.7307692307692307 0.3125000000000001 0.7307692307692307 0.34134615384615397 0.8389423076923077 0.34134615384615397
0 0.7716346153846154 0.3389423076923078 0.7259615384615384 0.3389423076923078 0.7259615384615384 0.3629807692307694 0.7716346153846154 0.3629807692307694
0 0.84375 0.36538461538461553 0.7331730769230769 0.36538461538461553 0.7331730769230769 0.3942307692307694 0.84375 0.3942307692307694
0 0.8125 0.3942307692307694 0.7283653846153846 0.3942307692307694 0.7283653846153846 0.42067307692307704 0.8125 0.42067307692307704
0 0.8605769230769231 0.4182692307692309 0.7427884615384616 0.4182692307692309 0.7427884615384616 0.4495192307692309 0.8605769230769231 0.4495192307692309
0 0.8629807692307693 0.44230769230769246 0.7403846153846154 0.44230769230769246 0.7403846153846154 0.4807692307692309 0.8629807692307693 0.4807692307692309
0 0.8653846153846154 0.49038461538461553 0.7139423076923077 0.49038461538461553 0.7139423076923077 0.5360576923076924 0.8653846153846154 0.5360576923076924
0 0.264423076923077 0.5985576923076923 0.13701923076923084 0.5985576923076923 0.13701923076923084 0.6322115384615384 0.264423076923077 0.6322115384615384
0 0.2043269230769232 0.8605769230769231 0.10096153846153856 0.8605769230769231 0.10096153846153856 0.9302884615384616 0.2043269230769232 0.9302884615384616
0 0.9447115384615384 0.8533653846153846 0.7788461538461539 0.8533653846153846 0.7788461538461539 0.8894230769230769 0.9447115384615384 0.8894230769230769
0 0.8846153846153846 0.8149038461538461 0.7764423076923077 0.8149038461538461 0.7764423076923077 0.8533653846153846 0.8846153846153846 0.8533653846153846
0 0.9350961538461539 0.7740384615384616 0.7764423076923077 0.7740384615384616 0.7764423076923077 0.8173076923076923 0.9350961538461539 0.8173076923076923
0 0.8701923076923077 0.7379807692307693 0.7668269230769231 0.7379807692307693 0.7668269230769231 0.7788461538461539 0.8701923076923077 0.7788461538461539
0 0.8942307692307693 0.7067307692307693 0.7644230769230769 0.7067307692307693 0.7644230769230769 0.7331730769230769 0.8942307692307693 0.7331730769230769
0 0.8629807692307693 0.6754807692307693 0.7572115384615384 0.6754807692307693 0.7572115384615384 0.7043269230769231 0.8629807692307693 0.7043269230769231
0 0.8822115384615384 0.6394230769230769 0.7668269230769231 0.6394230769230769 0.7668269230769231 0.6730769230769231 0.8822115384615384 0.6730769230769231
0 0.8701923076923077 0.6033653846153848 0.7596153846153846 0.6033653846153848 0.7596153846153846 0.6394230769230769 0.8701923076923077 0.6394230769230769
0 0.8581730769230769 0.5721153846153848 0.7548076923076923 0.5721153846153848 0.7548076923076923 0.605769230769231 0.8581730769230769 0.605769230769231
0 0.8846153846153846 0.5360576923076924 0.7572115384615384 0.5360576923076924 0.7572115384615384 0.5769230769230771 0.8846153846153846 0.5769230769230771
0 0.9326923076923077 0.43509615384615397 0.8846153846153846 0.43509615384615397 0.8846153846153846 0.4711538461538463 0.9326923076923077 0.4711538461538463
0 0.9567307692307693 0.47355769230769246 0.8846153846153846 0.47355769230769246 0.8846153846153846 0.5000000000000001 0.9567307692307693 0.5000000000000001
0 0.9615384615384616 0.5024038461538463 0.8846153846153846 0.5024038461538463 0.8846153846153846 0.5168269230769232 0.9615384615384616 0.5168269230769232
0 0.9639423076923077 0.5192307692307694 0.8894230769230769 0.5192307692307694 0.8894230769230769 0.5721153846153848 0.9639423076923077 0.5721153846153848
0 0.5650887688812114 0.7644722550011985 0.5607895339687802 0.7319563683657541 0.42783619777987647 0.7495353946145554 0.4321354326923077 0.78205128125
0 0.7143029790348525 0.7190530256556313 0.7105732115384615 0.6855203629807693 0.43661205642060325 0.7159924856851286 0.44034182391699417 0.7495251483599906
0 0.5865755865384615 0.6953242836538462 0.5832933856247056 0.6771470375616789 0.44175863743406624 0.7027034654982364 0.4450408383478222 0.7208807115904037
0 0.613672746109214 0.6673576425384063 0.608242927209623 0.6402548626394117 0.4422981282157937 0.6735005374086978 0.44772794711538466 0.7006033173076924
0 0.5359118501773026 0.6551287333937966 0.5285278865342852 0.6274121399373006 0.4314339738569825 0.6532788801011964 0.4388179375 0.6809954735576924
0 0.5046028802916929 0.6376801423224816 0.4967011481156561 0.6091545804610831 0.43834121493934775 0.6253205919847555 0.44624294711538465 0.6538461538461539
0 0.5231979689436109 0.6081756386629298 0.518265516826923 0.5852187019230767 0.4390829925948505 0.6022315993178393 0.4440154447115384 0.6251885360576923
0 0.5076374005289293 0.5848869975684059 0.5017194363996716 0.5625518250947059 0.4321574733707424 0.5809830775263 0.4380754375000001 0.60331825
0 0.5282759764099163 0.5560309794932521 0.5207617334052416 0.5278701151272925 0.42833369209147915 0.5525329505378866 0.4358479350961539 0.5806938149038463
0 0.4865415134058274 0.5365567625594789 0.47601201265940646 0.5067001389445986 0.4171509271381944 0.5274586095581969 0.42768042788461536 0.5573152331730771
0 0.5346684161520261 0.5077586060920125 0.5300795225031987 0.4754547448889796 0.4201215318319419 0.4910747205277364 0.4247104254807693 0.5233785817307692
0 0.5608289349387421 0.48036795954900663 0.558921034690995 0.4535689634150536 0.42084942067307696 0.4633986923076923 0.422757320920824 0.4901976884416453
0 0.5841151580564141 0.45351017655673365 0.5823680841346153 0.43071895432692303 0.4107368395397396 0.4438754436355741 0.41248391346153845 0.4666666658653847
0 0.5701624182272144 0.43236495340481346 0.5685269522173819 0.4057869995311795 0.4147094498555522 0.41525211103021226 0.41634491586538463 0.4418300649038462
0 0.40323622258181574 0.6408005001977453 0.4009009014423076 0.6183006538461537 0.13189852648358513 0.6462211526354508 0.1342338476230932 0.6687209989870423
0 0.37580437740384615 0.6725490192307694 0.3728324183184467 0.6452112579242476 0.16240770677998517 0.6680870752319398 0.16537966586538463 0.6954248365384615
0 0.3626193672023399 0.7185361185215038 0.35842985817307693 0.6830065360576923 0.10972032077561135 0.7123333893538659 0.11390982980487434 0.7478629718176774
0 0.36951487381585607 0.7482712823014037 0.3661061447822138 0.7198806191790043 0.16151866105769225 0.7444444447115385 0.1649273900913345 0.7728351078339379
0 0.3033704562892661 0.7885630678820376 0.299766363695447 0.7592780762602849 0.16434957567541167 0.775943767993632 0.16795366826923072 0.8052287596153846