2 0.9438202235576925 0.051485149038461624 0.026954018738835947 0.03958922416057179 0.01498127403846166 0.9623762379807693 0.9318474788573181 0.9742721628586591
0 0.35336538461538464 0.057692307692307716 0.03125000000000001 0.057692307692307696 0.03125000000000001 0.09615384615384617 0.35336538461538464 0.09615384615384619
0 0.3485576923076923 0.09134615384615387 0.03125000000000001 0.09134615384615384 0.031250000000000014 0.13701923076923078 0.3485576923076923 0.1370192307692308
0 0.25 0.13461538461538464 0.02884615384615386 0.1346153846153846 0.02884615384615387 0.1778846153846154 0.25 0.1778846153846154
0 0.24278846153846154 0.18990384615384615 0.03125000000000003 0.18990384615384615 0.03125000000000003 0.2283653846153846 0.24278846153846154 0.2283653846153846
0 0.08413461538461542 0.23557692307692307 0.0432692307692308 0.23557692307692307 0.0432692307692308 0.28125 0.08413461538461542 0.28125
0 0.3245192307692308 0.31009615384615385 0.05048076923076927 0.31009615384615385 0.050480769230769273 0.3918269230769231 0.3245192307692308 0.3918269230769231
0 0.9038461538461539 0.057692307692307786 0.6610576923076923 0.05769230769230778 0.6610576923076923 0.11538461538461547 0.9038461538461539 0.11538461538461549
0 0.4855769230769231 0.17067307692307698 0.39663461538461536 0.17067307692307698 0.39663461538461536 0.20432692307692316 0.4855769230769231 0.20432692307692316
0 0.27734690337565754 0.4238823662678204 0.26737197825513825 0.3656183852847649 0.02857982247563455 0.40650014161309844 0.03855474759615385 0.4647641225961539
0 0.2630576019728443 0.49319558843977734 0.2555628990384615 0.43564356490384615 0.02665378745023267 0.4654532168486843 0.034148490384615385 0.5230052403846155
0 0.1377983329991916 0.546867954034927 0.13549239903846153 0.5125218389423076 0.050663303840058974 0.5182171058145145 0.052969237800789035 0.552563220907134
0 0.1523608358156421 0.5675198471502698 0.1471384098730992 0.5403563846676304 0.049570389423076934 0.559114735576923 0.054792815365619855 0.5862781980595625
0 0.15634144457632712 0.6477605762852061 0.14858957316123747 0.6156879329110858 0.028599748777218083 0.6446891498951105 0.036351620192307706 0.6767617932692308
0 0.3018460530245041 0.6841339072056211 0.29081295432692306 0.6278392548076922 0.024603471026800265 0.6800132247741606 0.03563656972438133 0.7363078771720895
0 0.24839760131619168 0.7441235174681359 0.24234412980769232 0.7058823533653847 0.04241535541457757 0.7375305306087875 0.04846882692307693 0.7757716947115386
0 0.2542552652673517 0.7682070155229668 0.24895351201923077 0.7419918461538462 0.03876081646341755 0.7845011960154947 0.04406256971153847 0.8107163653846153
0 0.17514871153846154 0.8107163653846154 0.16850304784747028 0.7871992119342651 0.040721598328239544 0.8233087071265728 0.0473672620192308 0.8468258605769231
0 0.2736099922670763 0.8397368461969861 0.2643754134615385 0.7920792067307694 0.0414373755213853 0.8352777138991679 0.050671954326923105 0.8829353533653846
0 0.5240384615384616 0.20913461538461545 0.37740384615384615 0.20913461538461545 0.37740384615384615 0.24278846153846162 0.5240384615384616 0.24278846153846162
0 0.44471153846153844 0.24278846153846162 0.36778846153846156 0.24278846153846162 0.36778846153846156 0.2692307692307693 0.44471153846153844 0.2692307692307693
0 0.5256896429726701 0.2911084808552601 0.5226421514423077 0.25832583173076923 0.36212104693117614 0.27324795424089376 0.36516853846153846 0.3060306033653846
0 0.45589089517520265 0.375012513426204 0.44672906504663096 0.33251629214227363 0.34919703765988974 0.3535433820814543 0.35835886778846154 0.39603960336538463
0 0.49653243393081925 0.4083157779087828 0.491606944976266 0.38324477858457856 0.3295995374877544 0.41507301509887273 0.3345250264423077 0.440144014423077
0 0.5121937265161163 0.43784516301795706 0.5081129144805764 0.41369407085119536 0.3302689807692308 0.443744375 0.3343497928047706 0.4678954671667617
0 0.48118423386422243 0.4649026285660534 0.4755634035097387 0.4389322280361887 0.32379694368397777 0.471779373508597 0.32941777403846145 0.49774977403846166
0 0.4462462580490744 0.4959089646448685 0.4380858225662293 0.467397954979185 0.3152988770171549 0.5025420961035474 0.32345931250000004 0.5310531057692308
0 0.3925988499794322 0.5319673947918993 0.38309989306432396 0.5083119062184699 0.31140672818104564 0.5371005859458016 0.32090568509615386 0.5607560745192308
0 0.43446335077377163 0.5580792573998695 0.4273067764423076 0.5292529254807693 0.3222611997069975 0.5553320839462846 0.32941777403846156 0.5841584158653848
0 0.4122025368181681 0.5836449155242904 0.4037943148526887 0.5620986588531124 0.32867042947682823 0.591415041405745 0.3370786514423077 0.612961298076923
0 0.4977433027402623 0.5898004073973728 0.49114742788461546 0.5652565240384617 0.3279291515866608 0.6091194820257041 0.3345250264423077 0.6336633653846152
0 0.3930854596306425 0.6426824304281313 0.3864487572115385 0.6183618365384616 0.3246086722944073 0.6352370100243132 0.33124537471351145 0.6595576039139831
0 0.42737204867137185 0.6574445458860207 0.4181304708609208 0.6300755027937464 0.30996168901647203 0.6666003535423409 0.31920326682692307 0.6939693966346153
0 0.4329874678640746 0.7746243489680725 0.4249159827307789 0.7380378872366606 0.30091727928978124 0.7653937353839727 0.3089887644230768 0.8019801971153846
0 0.75 0.14903846153846162 0.6778846153846154 0.14903846153846162 0.6778846153846154 0.17788461538461545 0.75 0.17788461538461545
0 0.7307692307692307 0.18269230769230776 0.6754807692307693 0.18269230769230776 0.6754807692307693 0.20913461538461545 0.7307692307692307 0.20913461538461545
0 0.75 0.2067307692307693 0.6730769230769231 0.2067307692307693 0.6730769230769231 0.24038461538461545 0.75 0.24038461538461545
0 0.7788461538461539 0.2379807692307693 0.6634615384615384 0.2379807692307693 0.6634615384615384 0.2692307692307693 0.7788461538461539 0.2692307692307693
0 0.7764423076923077 0.2692307692307693 0.6730769230769231 0.2692307692307693 0.6730769230769231 0.3004807692307693 0.7764423076923077 0.3004807692307693
0 0.7115384615384616 0.29326923076923084 0.6706730769230769 0.29326923076923084 0.6706730769230769 0.32692307692307704 0.7115384615384616 0.32692307692307704
0 0.7788461538461539 0.31730769230769246 0.6682692307692307 0.31730769230769246 0.6682692307692307 0.35817307692307704 0.7788461538461539 0.35817307692307704
0 0.7475961538461539 0.36057692307692324 0.6682692307692307 0.36057692307692324 0.6682692307692307 0.3870192307692309 0.7475961538461539 0.3870192307692309
0 0.78125 0.3822115384615386 0.6682692307692307 0.3822115384615386 0.6682692307692307 0.42067307692307704 0.78125 0.42067307692307704
0 0.7740384615384616 0.4182692307692309 0.6658653846153846 0.4182692307692309 0.6658653846153846 0.4567307692307694 0.7740384615384616 0.4567307692307694
0 0.8942307692307693 0.18990384615384626 0.8100961538461539 0.18990384615384623 0.8100961538461539 0.22115384615384626 0.8942307692307693 0.22115384615384628
0 0.46634615384615385 0.07211538461538466 0.38461538461538464 0.07211538461538466 0.38461538461538464 0.0913461538461539 0.46634615384615385 0.09134615384615391
0 0.45913461538461536 0.0913461538461539 0.375 0.09134615384615388 0.375 0.11057692307692313 0.45913461538461536 0.11057692307692314
0 0.4543269230769231 0.11538461538461543 0.3701923076923077 0.11538461538461542 0.3701923076923077 0.1490384615384616 0.4543269230769231 0.14903846153846162
0 0.78125 0.4615384615384617 0.6298076923076923 0.4615384615384617 0.6298076923076923 0.5096153846153848 0.78125 0.5096153846153848
0 0.7956730769230769 0.512019230769231 0.6610576923076923 0.512019230769231 0.6610576923076923 0.5552884615384617 0.7956730769230769 0.5552884615384617
0 0.7620192307692307 0.5456730769230771 0.6586538461538461 0.5456730769230771 0.6586538461538461 0.5865384615384617 0.7620192307692307 0.5865384615384617
0 0.7548076923076923 0.5841346153846155 0.6586538461538461 0.5841346153846155 0.6586538461538461 0.6177884615384616 0.7548076923076923 0.6177884615384616
0 0.7692307692307693 0.6201923076923077 0.6466346153846154 0.6201923076923077 0.6466346153846154 0.6490384615384616 0.7692307692307693 0.6490384615384616
0 0.7475961538461539 0.65625 0.6490384615384616 0.65625 0.6490384615384616 0.6826923076923077 0.7475961538461539 0.6826923076923077
0 0.7716346153846154 0.6850961538461539 0.6538461538461539 0.6850961538461539 0.6538461538461539 0.71875 0.7716346153846154 0.71875
0 0.7403846153846154 0.71875 0.6490384615384616 0.71875 0.6490384615384616 0.7644230769230769 0.7403846153846154 0.7644230769230769
0 0.36057692307692324 0.8125 0.31009615384615397 0.8125 0.31009615384615397 0.84375 0.36057692307692324 0.84375
0 0.8942307692307693 0.38942307692307704 0.8125 0.38942307692307704 0.8125 0.5408653846153848 0.8942307692307693 0.5408653846153848
0 0.8152998342842582 0.7859733232019219 0.8103506995192306 0.7452745264423076 0.6343086104272799 0.766681941221155 0.6392577451923077 0.8073807379807693
0 0.7513231085052835 0.8319290720396116 0.7431346303416734 0.7886342729709429 0.6302180602979284 0.8099905302582544 0.6384065384615384 0.8532853293269232
0 0.7994364777765426 0.8562095347628703 0.7933265240384616 0.8163816370192308 0.624635704915765 0.8422603089871299 0.6307456586538461 0.8820882067307694
0 0.6610576923076923 0.06250000000000008 0.5576923076923077 0.06250000000000007 0.5576923076923077 0.12500000000000006 0.6610576923076923 0.12500000000000006