2 1 0.056778860576923135 0.05442940625 0.05677886057692308 0.05442940625000006 0.9958555024038461 1 0.9958555024038461
0 0.14663461538461547 0.6466346153846154 0.09134615384615391 0.6466346153846154 0.09134615384615394 0.96875 0.14663461538461547 0.96875
0 0.1875000000000001 0.6514423076923077 0.12500000000000006 0.6514423076923077 0.12500000000000008 0.9711538461538461 0.18750000000000014 0.9711538461538461
0 0.22836538461538472 0.7524038461538461 0.17307692307692316 0.7524038461538461 0.17307692307692318 0.9735576923076923 0.22836538461538475 0.9735576923076923
0 0.27884615384615397 0.7596153846153846 0.23076923076923084 0.7596153846153846 0.23076923076923087 0.9735576923076923 0.27884615384615397 0.9735576923076923
0 0.3317307692307694 0.9206730769230769 0.2812500000000001 0.9206730769230769 0.2812500000000001 0.9591346153846154 0.3317307692307694 0.9591346153846154
0 0.44230769230769246 0.6802884615384616 0.3461538461538463 0.6802884615384616 0.3461538461538463 0.9543269230769231 0.44230769230769246 0.9543269230769231
0 0.1322115384615385 0.09615384615384616 0.06250000000000001 0.09615384615384616 0.06250000000000003 0.34134615384615385 0.1322115384615385 0.34134615384615385
0 0.23557692307692316 0.5168269230769231 0.1971153846153847 0.5168269230769231 0.1971153846153847 0.6033653846153846 0.23557692307692316 0.6033653846153846
0 0.5151513341346153 0.9668532716346154 0.4612684121165496 0.7254049806761891 0.40429011249905294 0.7381205698519278 0.4581730345171187 0.979568860810354
0 0.5736233725961538 0.9719372259615385 0.5311820442491635 0.7391987312274306 0.4746578605769231 0.7495062716346154 0.5170991889239135 0.9822447663687233
0 0.6019389826383843 0.9513171712081054 0.5917970493672325 0.8664137327694768 0.5578287620192307 0.8704713317307693 0.5679706952903825 0.955374770169398
0 0.6354324201457918 0.9504643979211702 0.6115952095946108 0.852819285027947 0.585087431275742 0.8592903871067767 0.6089246418269231 0.9569355
0 0.7272644639423077 0.9715232163461539 0.6914675512265107 0.8494661951244062 0.6603165488279499 0.8586021686448888 0.6961134615437469 0.9806591898666365
0 0.78667040625 0.9722144663461538 0.7199216865609872 0.7028828519100639 0.665006173076923 0.7164926177884615 0.7317548927659357 0.9858242322245514
0 0.8256393293269231 0.9605580937500002 0.7830364813127969 0.7579937770477361 0.7455894158653847 0.7658695552884617 0.7881922638795108 0.9684338719907258
0 0.8608149230769231 0.9653709687499998 0.8069097572327084 0.7531875329943036 0.7813525240384613 0.7596803437499999 0.835257689882676 0.9718637795056961
0 0.8967512259615383 0.9624864495192309 0.8536679608159056 0.8334551431226438 0.8309088513674667 0.8410543589581544 0.8739921165130995 0.9700856653547414
0 0.9326875288461539 0.9596019278846154 0.8771319531850749 0.7334197156240776 0.8306316586538462 0.744841262019231 0.8861872343149252 0.9710234742797688
0 0.2740384615384616 0.47836538461538464 0.23317307692307698 0.47836538461538464 0.23317307692307698 0.625 0.2740384615384616 0.625
0 0.3004807692307693 0.5576923076923077 0.2716346153846155 0.5576923076923077 0.2716346153846155 0.6346153846153846 0.3004807692307693 0.6346153846153846
0 0.33930071153846153 0.6383924495192309 0.31567148402228506 0.4756692981101256 0.2833430961538461 0.4803637427884616 0.30697232367002264 0.6430868941975668
0 0.42966659134615387 0.6462494711538463 0.4030179251251902 0.5465644902702027 0.3616417588498328 0.557625531109064 0.3882904250707965 0.6573105119927077
0 0.47502007932692314 0.6705965120192309 0.4343725892975948 0.5068945350707021 0.40991693630827986 0.512966916904896 0.45056442633760824 0.6766688938534249
0 0.5024670476084138 0.6696749813184889 0.4631008472012023 0.4915017989298774 0.439477289977404 0.4967212695344655 0.47884349038461543 0.674894451923077
0 0.5328935 0.6763740697115386 0.49171894918999265 0.5228319928907694 0.4664350750181978 0.5296122330914775 0.5076096258282051 0.6831543099122466
0 0.5665091009615385 0.6827200504807694 0.5245519899417922 0.5584042446091505 0.4969684544553754 0.5677138046655433 0.5389255654751217 0.6920296105371622
0 0.5963458990384616 0.6856193028846154 0.5634986600063507 0.6129243795449552 0.54080632541716 0.6231779227664682 0.5736535644492708 0.6958728461061283
0 0.619302141826923 0.6773795240384616 0.5872477346140396 0.5704626742045605 0.5592665048076924 0.5788516394230768 0.5913209120205758 0.685768489256978
0 0.6477035336538463 0.6700537980769231 0.6140550189513443 0.5936922482711073 0.5933710425830525 0.6028065876828207 0.6270195572855545 0.6791681374886367
0 0.6685394302884615 0.6728483149038461 0.6157053888363427 0.5078165571206229 0.5919243581730769 0.5154299278846154 0.6447583996251957 0.6804616856678387
0 0.6942236898356389 0.6752516494720674 0.6740729005490226 0.6131081464222367 0.6505166947115384 0.6207465336538461 0.6706674839981547 0.6828900367036769
0 0.7296484423076923 0.6888717980769231 0.6870249167933472 0.5791718691117558 0.6606542903359173 0.5894180842209236 0.7032778158502624 0.6991180131860908
0 0.8381945625 0.7003431201923078 0.8039472517061564 0.5745830943831851 0.7683421457896406 0.5842791732470793 0.8025894565834842 0.710039199056202
0 0.1947115384615385 0.25240384615384615 0.16105769230769232 0.25240384615384615 0.16105769230769235 0.3245192307692308 0.19471153846153852 0.3245192307692308
0 0.2259615384615385 0.27163461538461536 0.1971153846153846 0.27163461538461536 0.19711538461538464 0.3269230769230769 0.22596153846153852 0.3269230769230769
0 0.2572115384615385 0.25240384615384615 0.21875 0.25240384615384615 0.21875000000000003 0.3293269230769231 0.25721153846153855 0.3293269230769231
0 0.2884615384615385 0.22355769230769235 0.24759615384615385 0.22355769230769232 0.24759615384615388 0.3389423076923077 0.28846153846153855 0.3389423076923077
0 0.3173076923076923 0.22596153846153852 0.28125 0.22596153846153852 0.28125000000000006 0.3293269230769231 0.3173076923076923 0.3293269230769231
0 0.34375 0.29326923076923084 0.3076923076923077 0.29326923076923084 0.3076923076923077 0.3317307692307692 0.34375 0.3317307692307692
0 0.375 0.22596153846153852 0.3293269230769231 0.22596153846153852 0.3293269230769231 0.33653846153846156 0.375 0.33653846153846156
0 0.40384615384615385 0.25721153846153855 0.37259615384615385 0.25721153846153855 0.37259615384615385 0.33653846153846156 0.40384615384615385 0.33653846153846156
0 0.4375 0.22115384615384623 0.3942307692307692 0.22115384615384623 0.3942307692307692 0.3389423076923077 0.4375 0.3389423076923077
0 0.4735576923076923 0.23317307692307698 0.43028846153846156 0.23317307692307698 0.43028846153846156 0.3389423076923077 0.4735576923076923 0.3389423076923077
0 0.23076923076923078 0.10817307692307696 0.19471153846153846 0.10817307692307696 0.19471153846153846 0.19230769230769232 0.23076923076923078 0.19230769230769232
0 0.12259615384615391 0.5360576923076923 0.09855769230769237 0.5360576923076923 0.09855769230769237 0.6177884615384616 0.12259615384615391 0.6177884615384616
0 0.1442307692307693 0.5408653846153846 0.12019230769230776 0.5408653846153846 0.12019230769230776 0.6274038461538461 0.1442307692307693 0.6274038461538461
0 0.18028846153846162 0.5480769230769231 0.14182692307692316 0.5480769230769231 0.14182692307692316 0.6298076923076923 0.18028846153846162 0.6298076923076923
0 0.5288461538461539 0.22596153846153852 0.4735576923076923 0.22596153846153852 0.4735576923076923 0.375 0.5288461538461539 0.375
0 0.5721153846153846 0.20913461538461545 0.5216346153846154 0.20913461538461545 0.5216346153846154 0.3461538461538462 0.5721153846153846 0.3461538461538463
0 0.6033653846153846 0.24519230769230776 0.5576923076923077 0.24519230769230776 0.5576923076923077 0.3485576923076924 0.6033653846153846 0.34855769230769246
0 0.6346153846153846 0.2524038461538462 0.5961538461538461 0.2524038461538462 0.5961538461538461 0.34855769230769246 0.6346153846153846 0.34855769230769246
0 0.6682692307692307 0.24038461538461545 0.6322115384615384 0.24038461538461545 0.6322115384615384 0.36057692307692324 0.6682692307692307 0.36057692307692324
0 0.6995192307692307 0.26201923076923084 0.6682692307692307 0.26201923076923084 0.6682692307692307 0.35817307692307704 0.6995192307692307 0.35817307692307704
0 0.7379807692307693 0.2379807692307693 0.6971153846153846 0.2379807692307693 0.6971153846153846 0.35336538461538475 0.7379807692307693 0.35336538461538475
0 0.78125 0.2692307692307693 0.7331730769230769 0.2692307692307693 0.7331730769230769 0.36057692307692324 0.78125 0.36057692307692324
0 0.8798076923076923 0.6490384615384616 0.8461538461538461 0.6490384615384616 0.8461538461538461 0.6995192307692307 0.8798076923076923 0.6995192307692307
0 0.5504807692307693 0.11057692307692313 0.3942307692307692 0.11057692307692311 0.3942307692307692 0.19471153846153852 0.5504807692307693 0.19471153846153852
0 0.8262864375000001 0.37013698076923074 0.7952226925641036 0.19136914609354133 0.7552136249999999 0.19832135576923068 0.7862773699358964 0.37708919044492006
0 0.8722356394230771 0.3715223341346153 0.8444193816157706 0.2561071746677152 0.8021565113592888 0.2662929674193874 0.8299727691665952 0.38170812688628747
0 0.9014400072115384 0.37951836778846154 0.8662336472745432 0.2081561346558899 0.8272129350961539 0.21617293750000005 0.8624192950331491 0.38753517063257176
0 0.14663461538461545 0.34134615384615385 0.07932692307692311 0.34134615384615385 0.07932692307692313 0.4423076923076923 0.14663461538461545 0.4423076923076923