1 0.9975961538461539 7.801235619568476e-17 0.2764423076923077 3.3854418726429234e-17 0.2764423076923077 0.13701923076923087 0.9975961538461539 0.1370192307692309
0 0.605769230769231 0.6514423076923077 0.49038461538461553 0.6514423076923077 0.49038461538461553 0.8677884615384616 0.605769230769231 0.8677884615384616
0 0.7475961538461539 0.6418269230769231 0.6105769230769232 0.6418269230769231 0.6105769230769232 0.8629807692307693 0.7475961538461539 0.8629807692307693
0 0.9591346153846154 0.5697115384615385 0.7524038461538461 0.5697115384615385 0.7524038461538461 0.84375 0.9591346153846154 0.84375
0 0.5456730769230769 0.44471153846153844 0.46875 0.44471153846153844 0.46875 0.5528846153846154 0.5456730769230769 0.5528846153846154
0 0.6659461201884095 0.516919226443106 0.6296006923076922 0.4039003894230768 0.5510705576962057 0.42915468701843235 0.587415985576923 0.5421735240384614
0 0.7865324687499999 0.5083333149038463 0.7478136474102932 0.37642531506100246 0.6452484182692307 0.4065311826923077 0.6839672396089375 0.5384391825351514
0 0.5168269230769231 0.33413461538461536 0.4495192307692308 0.33413461538461536 0.4495192307692308 0.39663461538461536 0.5168269230769231 0.39663461538461536
0 0.6298076923076923 0.30769230769230776 0.5408653846153846 0.3076923076923077 0.5408653846153846 0.3774038461538462 0.6298076923076923 0.3774038461538463
0 0.7475961538461539 0.26682692307692313 0.6225961538461539 0.26682692307692313 0.6225961538461539 0.35817307692307704 0.7475961538461539 0.35817307692307704
2 1.1283270318595928 0.8010983218370114 0.9997995672879404 0.06776978022142964 0.0002576988898859925 0.24295535501903343 0.12878516346153845 0.9762838966346152