1 1 0.8605769230769231 0.3052884615384617 0.8605769230769231 0.3052884615384617 1 1 1
0 0.6105769230769231 0.12740384615384623 0.49038461538461536 0.12740384615384623 0.49038461538461536 0.3413461538461539 0.6105769230769231 0.34134615384615397
0 0.7524038461538461 0.1298076923076924 0.6105769230769231 0.12980769230769237 0.6105769230769231 0.3509615384615386 0.7524038461538461 0.3509615384615386
0 0.9663461538461539 0.14903846153846165 0.75 0.14903846153846165 0.75 0.42067307692307704 0.9663461538461539 0.42067307692307704
0 0.5600961538461539 0.4423076923076924 0.47836538461538464 0.4423076923076923 0.47836538461538464 0.5480769230769231 0.5600961538461539 0.5480769230769232
0 0.6781811829228283 0.4732588063347261 0.5983073461538462 0.45099241586538474 0.566108379577172 0.5664963186652741 0.6459822163461539 0.5887627091346155
0 0.7981399375 0.48250127163461565 0.6958271875000003 0.4539149567307695 0.6591201879443498 0.5852922987008626 0.7614329379443496 0.6138786136047087
0 0.5360576923076924 0.5985576923076923 0.46634615384615397 0.5985576923076923 0.46634615384615397 0.6586538461538461 0.5360576923076924 0.6586538461538461
0 0.6490384615384616 0.6177884615384616 0.560096153846154 0.6177884615384616 0.560096153846154 0.6850961538461539 0.6490384615384616 0.6850961538461539
0 0.7692307692307693 0.6346153846153846 0.6418269230769231 0.6346153846153846 0.6418269230769231 0.7259615384615384 0.7692307692307693 0.7259615384615384
2 1.1189876727433463 0.1844727506327716 0.1235243076923077 0.02227615144230771 0.004357600334654838 0.7536484003080288 0.9998209653856935 0.9158449994984927