1 0.15865384615384623 0.2764423076923077 3.3854418726429234e-17 0.2764423076923077 7.801235619568476e-17 0.9975961538461539 0.15865384615384628 0.9975961538461539
0 0.90625 0.4879807692307694 0.7019230769230769 0.4879807692307694 0.7019230769230769 0.6009615384615385 0.90625 0.6009615384615385
0 0.9134615384615384 0.6081730769230771 0.7019230769230769 0.6081730769230771 0.7019230769230769 0.7427884615384616 0.9134615384615384 0.7427884615384616
0 0.9038461538461539 0.7475961538461539 0.6466346153846154 0.7475961538461539 0.6466346153846154 0.9543269230769231 0.9038461538461539 0.9543269230769231
0 0.5889423076923077 0.46394230769230776 0.49038461538461536 0.4639423076923077 0.49038461538461536 0.5432692307692308 0.5889423076923077 0.543269230769231
0 0.5898437500000001 0.5839843750000001 0.4697980182926831 0.5582602896341465 0.4531345274390245 0.6360232469512196 0.5731802591463416 0.6617473323170733
0 0.6010875587337726 0.6837674536184848 0.4589843750000001 0.642578125 0.4301624412662276 0.7420137963815153 0.5722656250000001 0.783203125
0 0.43509615384615385 0.44711538461538464 0.375 0.44711538461538464 0.375 0.5144230769230769 0.43509615384615385 0.5144230769230769
0 0.420673076923077 0.5408653846153846 0.3581730769230769 0.5408653846153846 0.358173076923077 0.625 0.42067307692307704 0.625
0 0.4086538461538463 0.6225961538461539 0.32692307692307704 0.6225961538461539 0.32692307692307704 0.7451923076923077 0.4086538461538463 0.7451923076923077
2 0.9863281250000001 0.12304687500000014 0.23779269263393404 0.05302797041341918 0.14922201537260582 0.9998906868499986 0.8977574477386719 1.0699095914365797