2 1 0.0024038461538462156 0.004807692307692308 0.002403846153846155 0.004807692307692369 0.9903846153846154 1 0.9903846153846154
0 0.22596153846153846 0.01923076923076925 0.057692307692307696 0.01923076923076924 0.0576923076923077 0.1466346153846154 0.22596153846153846 0.14663461538461542
0 0.53125 0.03605769230769236 0.3557692307692308 0.03605769230769235 0.3557692307692308 0.1225961538461539 0.53125 0.12259615384615391
0 0.5673076923076923 0.12019230769230774 0.3557692307692308 0.12019230769230772 0.3557692307692308 0.25721153846153855 0.5673076923076923 0.25721153846153855
0 0.31971153846153844 0.28125000000000006 0.004807692307692342 0.28125 0.004807692307692351 0.4423076923076923 0.31971153846153844 0.4423076923076923
0 0.3100961538461539 0.4326923076923077 0.009615384615384666 0.4326923076923077 0.009615384615384675 0.5745192307692307 0.31009615384615397 0.5745192307692307
0 0.26201923076923084 0.5913461538461539 0.052884615384615453 0.5913461538461539 0.05288461538461546 0.7427884615384616 0.26201923076923084 0.7427884615384616
0 0.13461538461538472 0.7307692307692307 0.04326923076923085 0.7307692307692307 0.043269230769230865 0.8004807692307693 0.13461538461538472 0.8004807692307693
0 0.3701923076923078 0.6610576923076923 0.26682692307692313 0.6610576923076923 0.26682692307692313 0.7331730769230769 0.3701923076923078 0.7331730769230769
0 0.43509615384615397 0.7283653846153846 0.264423076923077 0.7283653846153846 0.264423076923077 0.8197115384615384 0.43509615384615397 0.8197115384615384
0 0.6850961538461539 0.05528846153846161 0.6274038461538461 0.055288461538461606 0.6274038461538461 0.14903846153846162 0.6850961538461539 0.14903846153846162
0 0.7860576923076923 0.12740384615384623 0.6009615384615384 0.12740384615384623 0.6009615384615384 0.21875000000000006 0.7860576923076923 0.21875000000000006
0 0.7764423076923077 0.20913461538461545 0.59375 0.20913461538461545 0.59375 0.3004807692307693 0.7764423076923077 0.3004807692307693
0 0.7884615384615384 0.3004807692307693 0.5889423076923077 0.3004807692307693 0.5889423076923077 0.41105769230769246 0.7884615384615384 0.41105769230769246
0 0.8269230769230769 0.40384615384615397 0.5769230769230769 0.40384615384615397 0.5769230769230769 0.5096153846153848 0.8269230769230769 0.5096153846153848
0 0.8677884615384616 0.5048076923076924 0.5793269230769231 0.5048076923076924 0.5793269230769231 0.6009615384615385 0.8677884615384616 0.6009615384615385
0 0.9903846153846154 0.5817307692307694 0.5961538461538463 0.5817307692307694 0.5961538461538463 0.71875 0.9903846153846154 0.71875