2 0.9975961538461539 6.108514683247014e-17 0 0 6.123233995736766e-17 1 0.9975961538461539 1
0 0.9302884615384616 0.7980769230769231 0.7932692307692307 0.7980769230769231 0.7932692307692307 0.9711538461538461 0.9302884615384616 0.9711538461538461
0 0.9326923076923077 0.4951923076923078 0.8365384615384616 0.4951923076923078 0.8365384615384616 0.6730769230769231 0.9326923076923077 0.6730769230769231
0 0.8533653846153846 0.45432692307692324 0.6995192307692307 0.45432692307692324 0.6995192307692307 0.6706730769230769 0.8533653846153846 0.6706730769230769
0 0.6754807692307693 0.6971153846153846 0.4927884615384617 0.6971153846153846 0.4927884615384617 1 0.6754807692307693 1
0 0.5240384615384617 0.7043269230769231 0.3629807692307694 0.7043269230769231 0.3629807692307694 1 0.5240384615384617 1
0 0.36057692307692324 0.7475961538461539 0.1971153846153847 0.7475961538461539 0.19711538461538472 0.9567307692307693 0.36057692307692324 0.9567307692307693
0 0.21394230769230782 0.8701923076923077 0.13701923076923087 0.8701923076923077 0.13701923076923087 0.9639423076923077 0.21394230769230782 0.9639423076923077
0 0.29807692307692313 0.6394230769230769 0.21875000000000006 0.6394230769230769 0.21875000000000006 0.7451923076923077 0.29807692307692313 0.7451923076923077
0 0.23557692307692316 0.5697115384615384 0.1346153846153847 0.5697115384615384 0.1346153846153847 0.7427884615384616 0.23557692307692316 0.7427884615384616
0 0.9254807692307693 0.34134615384615397 0.8293269230769231 0.34134615384615397 0.8293269230769231 0.4014423076923078 0.9254807692307693 0.4014423076923078
0 0.8581730769230769 0.23798076923076933 0.7548076923076923 0.2379807692307693 0.7548076923076923 0.42307692307692324 0.8581730769230769 0.42307692307692324
0 0.7764423076923077 0.24519230769230776 0.6730769230769231 0.24519230769230776 0.6730769230769231 0.4302884615384617 0.7764423076923077 0.4302884615384617
0 0.6850961538461539 0.23076923076923084 0.5625 0.23076923076923084 0.5625 0.4326923076923078 0.6850961538461539 0.4326923076923078
0 0.5865384615384616 0.18750000000000006 0.4639423076923077 0.18750000000000006 0.4639423076923077 0.4399038461538462 0.5865384615384616 0.4399038461538463
0 0.4855769230769231 0.14423076923076927 0.37259615384615385 0.14423076923076927 0.37259615384615385 0.43509615384615385 0.4855769230769231 0.43509615384615385
0 0.4182692307692308 0.016826923076923118 0.2548076923076923 0.016826923076923107 0.25480769230769235 0.41586538461538464 0.4182692307692308 0.41586538461538464