2 0.9942315312500002 0.07151992548076931 0.0006590745192307762 0.05664062500000001 -0.013438564968973915 0.9980172924383438 0.9801338917617954 1.012896592919113
0 0.47355769230769246 0.8894230769230769 0.40384615384615397 0.8894230769230769 0.40384615384615397 0.9903846153846154 0.47355769230769246 0.9903846153846154
0 0.38942307692307704 0.8798076923076923 0.3245192307692309 0.8798076923076923 0.3245192307692309 0.9783653846153846 0.38942307692307704 0.9783653846153846
0 0.3149038461538463 0.8918269230769231 0.247596153846154 0.8918269230769231 0.247596153846154 0.9879807692307693 0.3149038461538463 0.9879807692307693
0 0.9201388228170083 0.3885363573852519 0.8827470576923075 0.38640099759615393 0.8662969632406837 0.6744545945378252 0.9036887283653845 0.676589954326923
0 0.8810550241906719 0.39603552298604566 0.841991501305318 0.3935483504388868 0.8319661525954152 0.5510064404336105 0.8710296754807693 0.5534936129807694
0 0.53125 0.4110576923076923 0.4807692307692308 0.4110576923076923 0.4807692307692308 0.49278846153846156 0.53125 0.49278846153846156
0 0.4735576923076923 0.42788461538461536 0.42788461538461536 0.42788461538461536 0.42788461538461536 0.4807692307692308 0.4735576923076923 0.4807692307692308
0 0.4086538461538462 0.4206730769230769 0.33653846153846156 0.4206730769230769 0.3365384615384616 0.5913461538461539 0.4086538461538463 0.5913461538461539
0 0.5264423076923077 0.5216346153846154 0.46153846153846156 0.5216346153846154 0.4615384615384616 0.6923076923076923 0.5264423076923078 0.6923076923076923
0 0.3870192307692309 0.6225961538461539 0.34134615384615397 0.6225961538461539 0.34134615384615397 0.6802884615384616 0.3870192307692309 0.6802884615384616
0 0.3173076923076924 0.4110576923076923 0.19471153846153852 0.4110576923076923 0.19471153846153852 0.6802884615384616 0.31730769230769246 0.6802884615384616