0 0.6778846153846154 0.12019230769230774 0.4110576923076923 0.12019230769230772 0.4110576923076923 0.1754807692307693 0.6778846153846154 0.1754807692307693
0 0.7331730769230769 0.17067307692307698 0.5144230769230769 0.17067307692307698 0.5144230769230769 0.21875000000000006 0.7331730769230769 0.21875000000000006
0 0.6586538461538461 0.5024038461538463 0.5817307692307693 0.5024038461538463 0.5817307692307693 0.5528846153846155 0.6586538461538461 0.5528846153846155
0 0.5504807692307693 0.49278846153846156 0.3894230769230769 0.49278846153846156 0.3894230769230769 0.5480769230769231 0.5504807692307693 0.5480769230769231
0 0.6466346153846154 0.5625000000000001 0.5697115384615385 0.5625000000000001 0.5697115384615385 0.6153846153846154 0.6466346153846154 0.6153846153846154
0 0.6418269230769231 0.608173076923077 0.48317307692307704 0.6081730769230769 0.48317307692307704 0.6850961538461539 0.6418269230769231 0.6850961538461539
0 0.6418269230769231 0.6899038461538461 0.4014423076923078 0.6899038461538461 0.4014423076923078 0.7884615384615384 0.6418269230769231 0.7884615384615384
0 0.19230769230769237 0.4831730769230769 0.1177884615384616 0.4831730769230769 0.1177884615384616 0.5480769230769231 0.19230769230769237 0.5480769230769231
0 0.19471153846153852 0.5600961538461539 0.1177884615384616 0.5600961538461539 0.1177884615384616 0.6322115384615384 0.19471153846153852 0.6322115384615384
0 0.18750000000000006 0.6322115384615384 0.11057692307692314 0.6322115384615384 0.11057692307692316 0.7019230769230769 0.18750000000000006 0.7019230769230769
2 0.9998180624999999 0.050481997596153974 3.135846283496536e-18 0.009784139423076876 -0.039648536498787634 0.9838236767027682 0.9601695260012123 1.0245215348758452