0 0.5841346153846154 0.10096153846153852 0.3173076923076923 0.10096153846153849 0.3173076923076923 0.14423076923076927 0.5841346153846154 0.1442307692307693
0 0.47596153846153844 0.14663461538461545 0.2620192307692308 0.14663461538461542 0.2620192307692308 0.18269230769230774 0.47596153846153844 0.18269230769230776
0 0.3942307692307692 0.4735576923076923 0.31971153846153844 0.4735576923076923 0.31971153846153844 0.5216346153846154 0.3942307692307692 0.5216346153846154
0 0.5865384615384616 0.4735576923076924 0.4254807692307692 0.4735576923076923 0.4254807692307692 0.5216346153846154 0.5865384615384616 0.5216346153846155
0 0.4038461538461539 0.5336538461538461 0.3293269230769231 0.5336538461538461 0.32932692307692313 0.5841346153846154 0.40384615384615397 0.5841346153846154
0 0.4879807692307694 0.5841346153846154 0.3317307692307694 0.5841346153846154 0.3317307692307694 0.6538461538461539 0.4879807692307694 0.6538461538461539
0 0.5649038461538463 0.6706730769230769 0.32692307692307704 0.6706730769230769 0.32692307692307704 0.7572115384615384 0.5649038461538463 0.7572115384615384
0 0.8581730769230769 0.4759615384615386 0.7860576923076923 0.4759615384615386 0.7860576923076923 0.5384615384615385 0.8581730769230769 0.5384615384615385
0 0.8533653846153846 0.5552884615384617 0.7788461538461539 0.5552884615384617 0.7788461538461539 0.6201923076923077 0.8533653846153846 0.6201923076923077
0 0.8581730769230769 0.625 0.7836538461538461 0.625 0.7836538461538461 0.6923076923076923 0.8581730769230769 0.6923076923076923
2 1 0.003906250000000062 4.783776559169348e-19 0.00390625 6.135193437134691e-17 0.998046875 1 0.998046875