2 1.0067462813741006 0.8837791731065392 0.9504602618496928 -0.029058073698870392 0.01657513221153846 0.028525769230769233 0.0728611517359464 0.9413630160361788
0 0.9412660549359774 0.12768950071417887 0.9405284278846153 0.014456324519230769 0.34471056414873796 0.018337619637365358 0.34544819120010006 0.13157079583231346
0 0.8960983052884616 0.24163613942307693 0.8921710690625387 0.12419428969609554 0.3651256875 0.14181860096153842 0.36905292372592274 0.2592604506885198
0 0.8844320062566781 0.2563611204906216 0.6309799311723114 0.25624358994629787 0.6309494417425564 0.321993385321061 0.884401516826923 0.32211091586538476
0 0.9696733321024131 0.3167861137479763 0.6315632191649286 0.31300336441172133 0.6307372115817464 0.38683366412528375 0.9688473245192308 0.3906164134615387
0 0.9691095356445489 0.3990910051490907 0.6355652475961541 0.3840845504807693 0.6330741398362206 0.4394537087932172 0.9666184278846155 0.4544601634615386
0 0.9748467857182933 0.47086230135775736 0.6416221057692308 0.4457254495192308 0.6377414763009376 0.49716870585378126 0.97096615625 0.5223055576923078
0 0.9830726302218047 0.5228014074132505 0.6400483389423078 0.4869173341346155 0.6338669731435803 0.5460064627790574 0.9768912644230772 0.5818905360576925
0 0.72964606946215 0.583041138329389 0.4738097740384616 0.5556821033653847 0.46903265180950177 0.6003533154695843 0.7248689472331903 0.6277123504335885
0 0.6646791132669101 0.618658038035811 0.4749991322115385 0.6071168629807693 0.472928601969265 0.6411461654786514 0.6626085830246365 0.6526873405336929
0 0.8581533511226411 0.6539684240274327 0.48197462500000005 0.6502177427884617 0.4815643820504358 0.6913635134725674 0.8577431081730769 0.6951141947115385
0 0.5841346153846154 0.27644230769230776 0.38461538461538464 0.27644230769230776 0.38461538461538464 0.3966346153846155 0.5841346153846154 0.39663461538461553
0 0.8659546129807695 0.7011455264423078 0.49095334766973475 0.6769914965461864 0.4880629615849142 0.7218659313178004 0.8630642268959489 0.7460199612139219
0 0.8495781940088908 0.7439063742462761 0.4924284543269231 0.7147222067307694 0.4896483997411094 0.7487439334460319 0.8467981394230771 0.7779281009615386
0 0.8560917888437639 0.7825330685251921 0.4994970192307694 0.749882608173077 0.495619785675467 0.7922281430132695 0.8522145552884616 0.8248786033653845
0 0.6345115092325262 0.7971965651801622 0.49918044639947595 0.7879438683108962 0.49630084101310357 0.8300613247653494 0.6316319038461539 0.8393140216346153
0 0.3740093639500033 0.4066279962224569 0.35610367383337577 0.3088558373985736 0.08556738701923075 0.3584010144230768 0.10347307713585828 0.45617317324696016
0 0.361933326923077 0.5005927980769231 0.3446778589375935 0.41051838487696113 0.15333101718459846 0.44717451378964523 0.17058648517008196 0.5372489269896072
0 0.5080403197115385 0.526269516826923 0.4937608271635883 0.4660597566712904 0.11151812980769231 0.5567133605769231 0.12579762235564243 0.6169231207325557