2 0.9997512014206278 0.8873740765819688 0.9487065685141582 -0.023553285811789663 0.014730639423076921 0.028782894230769237 0.06577527232954643 0.9397102566245277
0 0.9385521874999999 0.030838814903846195 0.34301346875 0.026726973557692345 0.3422322841005316 0.13986988596280497 0.9377710028505315 0.1439817273089588
0 0.881753123860705 0.15948404768962987 0.35563973076923067 0.14802631490384618 0.35309281378222285 0.2649750309377534 0.8792062068736972 0.27643276372353703
0 0.8639115016859527 0.2714363113552214 0.6112146771901259 0.2671427791597853 0.6100977884849426 0.33287752068917936 0.8627946129807692 0.33717105288461546
0 0.9432242781502987 0.3330884712444153 0.6102693605769232 0.33100328846153854 0.6098060247343168 0.40498718500558495 0.9427609423076924 0.4070723677884617
0 0.9399188423008071 0.41538164172096487 0.6102693605769232 0.3947368413461539 0.6067983307761161 0.4501611202982661 0.9364478125000001 0.4708059206730771
0 0.9427609423076924 0.48725328846153854 0.6135525546646488 0.4468171972566657 0.6072394248569565 0.49821522369897325 0.9364478125000001 0.5386513149038462
0 0.9458326966421057 0.539028802089446 0.6081649831730771 0.49753289423076935 0.6008844740309716 0.5567771185836312 0.9385521875000001 0.5982730264423078
0 0.6895002828750184 0.5948598118410786 0.4377104375000001 0.5633223677884616 0.4321002102058379 0.6081135138483336 0.6838900555808561 0.6396509579009506
0 0.6230269667729017 0.6294530038404503 0.4356060600961539 0.6147203942307693 0.4329272559140159 0.6487988040934634 0.6203481625907636 0.6635314137031444
0 0.8143939399038463 0.668174341346154 0.44026864259063053 0.6490271851814567 0.4381642651867845 0.6901456058545334 0.8122895625000003 0.7092927620192307
0 0.5576923076923077 0.2860576923076924 0.36778846153846156 0.2860576923076924 0.36778846153846156 0.40384615384615385 0.5576923076923077 0.40384615384615385
0 0.8201058197115384 0.7154605264423075 0.44543861207055147 0.6846610439407377 0.44174402299099363 0.7296047008267998 0.8164112306319805 0.7604041833283696
0 0.7996633004807694 0.7577537596153849 0.4461279471153847 0.7225093990384617 0.4427294362260486 0.7565997819680997 0.7962647895914332 0.7918441425450229
0 0.8044733052884615 0.7965225552884614 0.45093795192307695 0.7577537596153845 0.446283729065156 0.8001959426687778 0.7998190824305406 0.8389647383418547
0 0.580837251997131 0.8072020399723818 0.44663524167867136 0.795633346871024 0.44299856660461717 0.8378204030524883 0.5772005769230769 0.8493890961538462
0 0.34895236468944024 0.4244047193957164 0.3373780598591167 0.32687499418642807 0.0625300625 0.35949248076923074 0.07410436733032362 0.45702220597851906
0 0.3294853293269231 0.5063439855769231 0.3140744539913083 0.4167471273535137 0.12435523256107232 0.4493792902240123 0.1397661078966871 0.5389761484474216
0 0.4737854735576922 0.5345394735576924 0.460834690722644 0.4746980106836191 0.07575757692307693 0.5580357139423078 0.08870835975812515 0.617877176816381