2 0.9807692307692307 6.005479495818751e-17 0 0 6.079076058267511e-17 0.9927884615384616 0.9807692307692307 0.9927884615384616
1 0.8653846153846154 0.30769230769230776 0.12259615384615388 0.3076923076923077 0.12259615384615394 0.9903846153846154 0.8653846153846154 0.9903846153846154
0 0.8605769230769231 0.01682692307692317 0.65625 0.01682692307692316 0.65625 0.0721153846153847 0.8605769230769231 0.07211538461538472
0 0.8870192307692307 0.0673076923076924 0.7139423076923077 0.06730769230769239 0.7139423076923077 0.11778846153846165 0.8870192307692307 0.11778846153846165
0 0.8485576923076923 0.10817307692307701 0.6346153846153846 0.108173076923077 0.6346153846153846 0.16346153846153857 0.8485576923076923 0.1634615384615386
0 0.8725961538461539 0.15384615384615394 0.6346153846153846 0.1538461538461539 0.6346153846153846 0.2187500000000001 0.8725961538461539 0.21875000000000014
0 0.9759615384615384 0.5528846153846155 0.6995192307692307 0.5528846153846155 0.6995192307692307 0.6322115384615384 0.9759615384615384 0.6322115384615384
0 0.37980769230769246 0.5769230769230769 0.23317307692307698 0.5769230769230769 0.23317307692307698 0.6875 0.37980769230769246 0.6875
0 0.47836538461538464 4.754337934189845e-17 0.2980769230769231 3.650389497458457e-17 0.2980769230769231 0.08894230769230774 0.47836538461538464 0.08894230769230776
0 0.3125 0.13942307692307693 0.11057692307692307 0.13942307692307693 0.1105769230769231 0.24278846153846156 0.3125 0.24278846153846162
0 0.9254807692307693 0.31009615384615397 0.6971153846153846 0.31009615384615397 0.6971153846153846 0.4326923076923078 0.9254807692307693 0.4326923076923078