2 0.9807692307692307 6.005479495818751e-17 0 0 6.123233995736766e-17 1 0.9807692307692307 1
1 0.8629807692307693 6.005479495818751e-17 0.11778846153846154 1.4424926239956805e-17 0.11778846153846158 0.6875 0.8629807692307693 0.6875
0 0.8557692307692307 0.8990384615384616 0.6490384615384616 0.8990384615384616 0.6490384615384616 0.9615384615384616 0.8557692307692307 0.9615384615384616
0 0.8822115384615384 0.8533653846153846 0.7091346153846154 0.8533653846153846 0.7091346153846154 0.90625 0.8822115384615384 0.90625
0 0.8413461538461539 0.8052884615384616 0.6298076923076923 0.8052884615384616 0.6298076923076923 0.8701923076923077 0.8413461538461539 0.8701923076923077
0 0.8677884615384616 0.75 0.6274038461538461 0.75 0.6274038461538461 0.8245192307692307 0.8677884615384616 0.8245192307692307
0 0.9759615384615384 0.3317307692307694 0.6947115384615384 0.3317307692307694 0.6947115384615384 0.42307692307692324 0.9759615384615384 0.42307692307692324
0 0.37740384615384615 0.29807692307692313 0.2283653846153847 0.2980769230769231 0.2283653846153847 0.41586538461538464 0.37740384615384615 0.41586538461538464
0 0.47355769230769246 0.8966346153846154 0.29086538461538475 0.8966346153846154 0.29086538461538475 0.9879807692307693 0.47355769230769246 0.9879807692307693
0 0.3076923076923078 0.7475961538461539 0.10576923076923087 0.7475961538461539 0.10576923076923087 0.8581730769230769 0.3076923076923078 0.8581730769230769
0 0.9230769230769231 0.5360576923076924 0.6923076923076923 0.5360576923076924 0.6923076923076923 0.6658653846153846 0.9230769230769231 0.6658653846153846