2 0.9927884615384616 0.01923076923076929 2.3550899983602946e-18 0.019230769230769232 6.24098849565478e-17 1 0.9927884615384616 1
1 0.9855769230769231 0.13701923076923087 0.27163461538461536 0.1370192307692308 0.2716346153846155 0.8798076923076923 0.9855769230769231 0.8798076923076923
0 0.06490384615384617 0.13942307692307693 0.002403846153846171 0.13942307692307693 0.002403846153846184 0.34615384615384615 0.06490384615384619 0.34615384615384615
0 0.11298076923076925 0.11298076923076923 0.05769230769230771 0.11298076923076923 0.057692307692307716 0.2860576923076923 0.11298076923076926 0.2860576923076923
0 0.1586538461538462 0.15384615384615385 0.09134615384615388 0.15384615384615385 0.09134615384615388 0.36538461538461536 0.15865384615384623 0.36538461538461536
0 0.21394230769230774 0.12980769230769232 0.13942307692307693 0.12980769230769232 0.13942307692307693 0.36778846153846156 0.21394230769230776 0.36778846153846156
0 0.6322115384615384 0.024038461538461613 0.5384615384615384 0.024038461538461606 0.5384615384615384 0.3028846153846155 0.6322115384615384 0.3028846153846155
0 0.6610576923076923 0.6225961538461539 0.5456730769230771 0.6225961538461539 0.5456730769230771 0.7692307692307693 0.6610576923076923 0.7692307692307693
0 0.06730769230769239 0.5216346153846154 6.3881816205523e-17 0.5216346153846154 7.50684936977344e-17 0.7043269230769231 0.06730769230769239 0.7043269230769231
0 0.2139423076923078 0.6875 0.10096153846153853 0.6875 0.10096153846153855 0.8894230769230769 0.21394230769230782 0.8894230769230769
0 0.42788461538461536 0.07451923076923081 0.2956730769230769 0.07451923076923081 0.295673076923077 0.3028846153846155 0.42788461538461536 0.3028846153846155