0 0.31971153846153844 0.3004807692307693 0.24038461538461545 0.3004807692307692 0.24038461538461545 0.37259615384615385 0.31971153846153844 0.37259615384615385
0 0.3485576923076923 0.3798076923076923 0.2475961538461539 0.3798076923076923 0.2475961538461539 0.42788461538461536 0.3485576923076923 0.42788461538461536
0 0.0913461538461539 0.3004807692307692 0.0072115384615384975 0.3004807692307692 0.007211538461538506 0.4326923076923077 0.09134615384615391 0.4326923076923077
0 0.2788461538461539 0.5504807692307693 0.16346153846153852 0.5504807692307693 0.16346153846153852 0.6346153846153846 0.2788461538461539 0.6346153846153846
0 0.32211538461538475 0.6634615384615384 0.20432692307692316 0.6634615384615384 0.20432692307692316 0.71875 0.32211538461538475 0.71875
0 0.36538461538461553 0.7331730769230769 0.23076923076923084 0.7331730769230769 0.23076923076923084 0.7980769230769231 0.36538461538461553 0.7980769230769231
0 0.5817307692307694 0.5865384615384616 0.4639423076923078 0.5865384615384616 0.4639423076923078 0.6923076923076923 0.5817307692307694 0.6923076923076923
0 0.5793269230769231 0.13221153846153852 0.4519230769230769 0.13221153846153852 0.4519230769230769 0.21394230769230776 0.5793269230769231 0.21394230769230776
0 0.6466346153846154 0.17788461538461545 0.5889423076923077 0.17788461538461545 0.5889423076923077 0.21153846153846162 0.6466346153846154 0.21153846153846162
0 0.4519230769230769 0.21153846153846162 0.35096153846153844 0.21153846153846162 0.35096153846153844 0.2836538461538462 0.4519230769230769 0.2836538461538462
0 0.5625 0.3221153846153847 0.4639423076923077 0.32211538461538464 0.4639423076923077 0.3990384615384616 0.5625 0.3990384615384617
0 0.5721153846153846 0.4350961538461539 0.5096153846153846 0.43509615384615385 0.5096153846153846 0.47596153846153855 0.5721153846153846 0.4759615384615386
0 0.5769230769230769 0.483173076923077 0.5264423076923077 0.4831730769230769 0.5264423076923077 0.5192307692307693 0.5769230769230769 0.5192307692307694
0 0.49278846153846156 0.41346153846153844 0.4495192307692308 0.41346153846153844 0.4495192307692308 0.45913461538461536 0.49278846153846156 0.45913461538461536
0 0.6947115384615384 0.3389423076923078 0.6490384615384616 0.3389423076923078 0.6490384615384616 0.4134615384615386 0.6947115384615384 0.4134615384615386
0 0.7427884615384616 0.44711538461538475 0.6754807692307693 0.44711538461538475 0.6754807692307693 0.48317307692307704 0.7427884615384616 0.48317307692307704
0 0.7880859375 0.4365234375000001 0.7840248617573942 0.40331817113398777 0.6482826742573942 0.41991973363398777 0.65234375 0.45312500000000006
0 0.71875 0.5096153846153848 0.6730769230769231 0.5096153846153848 0.6730769230769231 0.5480769230769232 0.71875 0.5480769230769232
0 0.7638990543884283 0.4976481128667248 0.7607421874999999 0.47265625 0.6617157252017668 0.4851648557639873 0.6648725920901952 0.5101567186307121
0 0.6255170036764708 0.7012867647058824 0.6185087316176472 0.6732536764705882 0.47834329044117657 0.7082950367647058 0.4853515625 0.736328125
0 0.6304987285374491 0.7273872522090795 0.6248226216600823 0.704358475735191 0.48553483062263314 0.7386899735261115 0.49121093750000006 0.7617187500000001
0 0.654296875 0.755859375 0.646484375 0.7265625 0.4881475298236514 0.7687856587136929 0.4959600298236514 0.7980825337136929
0 0.6345322821840007 0.78875693577298 0.6265879269717233 0.7620992105051155 0.47154783228772257 0.8083032122321357 0.4794921875 0.8349609375000001
0 0.6322834421500152 0.8087396560886729 0.61932626973884 0.777524649825387 0.5068359374999999 0.8242187499999999 0.5197931099111752 0.8554337562632858
0 0.5673851412364989 0.8980827101451816 0.5572325350241969 0.8680009139605834 0.47226926878769804 0.8966760163154018 0.482421875 0.9267578125
0 0.7860576923076923 0.6177884615384616 0.7139423076923077 0.6177884615384616 0.7139423076923077 0.65625 0.7860576923076923 0.65625
0 0.7644230769230769 0.6634615384615384 0.7115384615384616 0.6634615384615384 0.7115384615384616 0.6971153846153846 0.7644230769230769 0.6971153846153846
0 0.8870192307692307 0.625 0.7980769230769231 0.625 0.7980769230769231 0.6754807692307693 0.8870192307692307 0.6754807692307693
0 0.8918269230769231 0.6730769230769231 0.7980769230769231 0.6730769230769231 0.7980769230769231 0.7163461538461539 0.8918269230769231 0.7163461538461539
0 0.8894230769230769 0.7235576923076923 0.8052884615384616 0.7235576923076923 0.8052884615384616 0.7668269230769231 0.8894230769230769 0.7668269230769231
0 0.7716346153846154 0.6947115384615384 0.7067307692307693 0.6947115384615384 0.7067307692307693 0.7259615384615384 0.7716346153846154 0.7259615384615384
0 0.78125 0.7259615384615384 0.7115384615384616 0.7259615384615384 0.7115384615384616 0.7644230769230769 0.78125 0.7644230769230769
0 0.7836538461538461 0.7620192307692307 0.7043269230769231 0.7620192307692307 0.7043269230769231 0.8221153846153846 0.7836538461538461 0.8221153846153846
2 0.9969603065954622 0.11109671921168937 0.0019531250000000004 0.00390625 -0.10414574593713583 0.9887805519599338 0.8908614356583264 1.095971021171623