0 0.6971153846153846 0.24278846153846162 0.6225961538461539 0.24278846153846162 0.6225961538461539 0.3245192307692309 0.6971153846153846 0.3245192307692309
0 0.6177884615384616 0.25000000000000006 0.5673076923076923 0.25000000000000006 0.5673076923076923 0.35336538461538475 0.6177884615384616 0.35336538461538475
0 0.6995192307692307 0.009615384615384692 0.5673076923076923 0.009615384615384684 0.5673076923076923 0.09375000000000008 0.6995192307692307 0.0937500000000001
0 0.44711538461538464 0.16346153846153852 0.3629807692307692 0.16346153846153852 0.3629807692307692 0.28125000000000006 0.44711538461538464 0.28125000000000006
0 0.33413461538461536 0.2043269230769231 0.2764423076923077 0.20432692307692307 0.2764423076923077 0.3245192307692308 0.33413461538461536 0.3245192307692308
0 0.264423076923077 0.23076923076923078 0.1971153846153846 0.23076923076923078 0.19711538461538464 0.36778846153846156 0.264423076923077 0.36778846153846156
0 0.4086538461538462 0.4639423076923077 0.3028846153846155 0.4639423076923077 0.3028846153846155 0.5841346153846154 0.4086538461538463 0.5841346153846154
0 0.8629807692307693 0.45432692307692324 0.78125 0.45432692307692324 0.78125 0.5865384615384617 0.8629807692307693 0.5865384615384617
0 0.8149038461538461 0.5937500000000001 0.78125 0.5937500000000001 0.78125 0.6514423076923077 0.8149038461538461 0.6514423076923077
0 0.7836538461538461 0.35336538461538475 0.7115384615384616 0.35336538461538475 0.7115384615384616 0.45432692307692324 0.7836538461538461 0.45432692307692324
0 0.6730769230769231 0.46634615384615397 0.59375 0.46634615384615397 0.5937500000000001 0.5673076923076924 0.6730769230769231 0.5673076923076924
0 0.560096153846154 0.5120192307692308 0.5168269230769231 0.5120192307692307 0.5168269230769231 0.5745192307692308 0.560096153846154 0.574519230769231
0 0.5096153846153847 0.5288461538461539 0.47596153846153844 0.5288461538461539 0.47596153846153855 0.5793269230769231 0.5096153846153848 0.5793269230769231
0 0.5817307692307693 0.451923076923077 0.5336538461538461 0.4519230769230769 0.5336538461538461 0.49519230769230776 0.5817307692307693 0.4951923076923078
0 0.6538461538461539 0.6538461538461539 0.5769230769230771 0.6538461538461539 0.5769230769230771 0.6971153846153846 0.6538461538461539 0.6971153846153846
0 0.5456730769230771 0.6778846153846154 0.5096153846153848 0.6778846153846154 0.5096153846153848 0.7451923076923077 0.5456730769230771 0.7451923076923077
0 0.585878270511936 0.788307042166685 0.5727076508731668 0.6522889932581328 0.5392842932692308 0.6555253749999999 0.552454912908 0.7915434239085519
0 0.48317307692307704 0.6754807692307693 0.4447115384615386 0.6754807692307693 0.4447115384615386 0.7211538461538461 0.48317307692307704 0.7211538461538461
0 0.5184917139423078 0.7638101826923077 0.5040144110576924 0.66508646875 0.4791795136108117 0.6687283731931105 0.4936568164954271 0.7674520871354182
0 0.3170143966346154 0.6210268749999999 0.2864635996164277 0.4806942463781334 0.25802429807692306 0.48688556009615386 0.28857509509511076 0.6272181887180204
0 0.2876493413461539 0.6267158052884615 0.25577061089513076 0.48729147312523174 0.2325654927884616 0.49259721634615394 0.2644442232394847 0.6320215485093837
0 0.26592667826750305 0.6481204847769733 0.22498541433733868 0.48967761845537283 0.1955859283775279 0.497274376466861 0.2365271923076923 0.6557172427884616
0 0.22609181490384617 0.6292875600961536 0.18709205647396648 0.47353339745504475 0.15945966586538463 0.4804523557692307 0.19845942429526436 0.6362065184103396
0 0.19680630288461537 0.6281405528846153 0.16988368028846157 0.5078586033653847 0.13807930085512682 0.5149773548306795 0.16500192345128062 0.6352593043499102
0 0.1243709110576923 0.5583785048076924 0.09827249644914911 0.4734330662128058 0.0676287019230769 0.4828479855769231 0.09372711653162011 0.5677934241718097
0 0.3750000000000001 0.7163461538461539 0.33413461538461553 0.7163461538461539 0.33413461538461553 0.7884615384615384 0.3750000000000001 0.7884615384615384
0 0.32932692307692324 0.7139423076923077 0.295673076923077 0.7139423076923077 0.295673076923077 0.7668269230769231 0.32932692307692324 0.7668269230769231
0 0.3677884615384617 0.8004807692307693 0.3149038461538463 0.8004807692307693 0.3149038461538463 0.8894230769230769 0.3677884615384617 0.8894230769230769
0 0.31730769230769246 0.7980769230769231 0.2740384615384616 0.7980769230769231 0.2740384615384616 0.8918269230769231 0.31730769230769246 0.8918269230769231
0 0.2668269230769232 0.8052884615384616 0.22355769230769237 0.8052884615384616 0.2235576923076924 0.8894230769230769 0.26682692307692324 0.8894230769230769
0 0.29807692307692313 0.7067307692307693 0.264423076923077 0.7067307692307693 0.264423076923077 0.7716346153846154 0.29807692307692313 0.7716346153846154
0 0.26682692307692313 0.7115384615384616 0.22596153846153852 0.7115384615384616 0.22596153846153852 0.78125 0.26682692307692313 0.78125
0 0.23076923076923084 0.7043269230769231 0.16826923076923084 0.7043269230769231 0.16826923076923084 0.7836538461538461 0.23076923076923084 0.7836538461538461
2 0.9960710240384615 0.0077482283653847375 9.964536520751436e-20 -1.2809878114376961e-17 -0.007726372933136679 0.9932614059227547 0.9883446511053248 1.0010096342881394