2 0.9967120667616917 0.019249457550436503 0.20507812499999997 2.455300919844096e-17 0.18076830550874828 0.9997413265777203 0.97240224727044 1.0189907841281567
0 0.41346153846153844 0.3076923076923077 0.3028846153846155 0.3076923076923077 0.3028846153846155 0.41586538461538464 0.41346153846153844 0.41586538461538464
0 0.3485576923076924 0.5216346153846154 0.21875000000000006 0.5216346153846154 0.21875000000000006 0.59375 0.34855769230769246 0.59375
0 0.295673076923077 0.6947115384615384 0.23557692307692316 0.6947115384615384 0.23557692307692316 0.7860576923076923 0.295673076923077 0.7860576923076923
0 0.3870192307692309 0.6370192307692307 0.31009615384615397 0.6370192307692307 0.31009615384615397 0.6754807692307693 0.3870192307692309 0.6754807692307693
0 0.6129807692307693 0.15865384615384623 0.5120192307692307 0.15865384615384623 0.5120192307692307 0.22115384615384623 0.6129807692307693 0.22115384615384623
0 0.6153846153846154 0.3317307692307693 0.5192307692307693 0.3317307692307692 0.5192307692307693 0.38701923076923084 0.6153846153846154 0.3870192307692309
0 0.6538461538461539 0.5817307692307693 0.5480769230769232 0.5817307692307693 0.5480769230769232 0.6514423076923077 0.6538461538461539 0.6514423076923077
0 0.5144230769230769 0.23076923076923084 0.40865384615384615 0.23076923076923084 0.40865384615384615 0.2716346153846155 0.5144230769230769 0.2716346153846155
0 0.42438989604462474 0.03815764452332661 0.29921875 0.017968750000000033 0.295308538286004 0.04221206262677489 0.4204796843306288 0.06240095715010146
0 0.4236706412563864 0.059948146481653544 0.31796875 0.04531250000000004 0.31382935874361356 0.07520810351834654 0.41953124999999997 0.08984375000000006
0 0.6754807692307693 0.18990384615384623 0.6201923076923077 0.18990384615384623 0.6201923076923077 0.22355769230769237 0.6754807692307693 0.22355769230769237
0 0.6346153846153846 0.38701923076923084 0.5480769230769231 0.3870192307692308 0.5480769230769231 0.41346153846153855 0.6346153846153846 0.4134615384615386
0 0.6274038461538461 0.42788461538461553 0.5721153846153846 0.42788461538461553 0.5721153846153846 0.46634615384615397 0.6274038461538461 0.46634615384615397
0 0.6442307692307693 0.46634615384615397 0.5913461538461539 0.46634615384615397 0.5913461538461539 0.5024038461538463 0.6442307692307693 0.5024038461538463
0 0.7379807692307693 0.3389423076923078 0.6947115384615384 0.3389423076923078 0.6947115384615384 0.4086538461538463 0.7379807692307693 0.4086538461538463
0 0.7836538461538461 0.4447115384615386 0.7235576923076923 0.4447115384615386 0.7235576923076923 0.4759615384615386 0.7836538461538461 0.4759615384615386
0 0.7788461538461539 0.5024038461538463 0.71875 0.5024038461538463 0.71875 0.5384615384615385 0.7788461538461539 0.5384615384615385
0 0.8052884615384616 0.47836538461538475 0.7211538461538461 0.47836538461538475 0.7211538461538461 0.5024038461538463 0.8052884615384616 0.5024038461538463
0 0.8221153846153846 0.41105769230769246 0.6971153846153846 0.41105769230769246 0.6971153846153846 0.4447115384615386 0.8221153846153846 0.4447115384615386
0 0.6923262999738119 0.6799437279313655 0.6866045474363088 0.6519218101509039 0.5697544639423077 0.67578125 0.5754762164798107 0.7038031677804616
0 0.7057751516928179 0.7024795618737839 0.7008461083517237 0.6789058778546491 0.5770089278846154 0.704799108173077 0.5819379712257098 0.7283727921922118
0 0.7262001904818095 0.7243205838946951 0.7195711031504997 0.695975521213369 0.5787503766109978 0.7289094012609816 0.5853794639423077 0.7572544639423077
0 0.6555671115209449 0.8580621814562865 0.6472968700508971 0.8288578933526206 0.5809151778846154 0.8476562500000001 0.5891854193546633 0.876860538103666
0 0.7036326214602553 0.7786205796030742 0.6942164552055794 0.7516157261462804 0.6060267860576923 0.7823660721153847 0.6154429523123682 0.8093709255721783
0 0.8413461538461539 0.6033653846153848 0.7764423076923077 0.6033653846153848 0.7764423076923077 0.6418269230769231 0.8413461538461539 0.6418269230769231
0 0.8221153846153846 0.6418269230769231 0.7740384615384616 0.6418269230769231 0.7740384615384616 0.6706730769230769 0.8221153846153846 0.6706730769230769
0 0.8317307692307693 0.6658653846153846 0.7716346153846154 0.6658653846153846 0.7716346153846154 0.6971153846153846 0.8317307692307693 0.6971153846153846
0 0.8413461538461539 0.7043269230769231 0.78125 0.7043269230769231 0.78125 0.7379807692307693 0.8413461538461539 0.7379807692307693
0 0.8461538461538461 0.7403846153846154 0.7692307692307693 0.7403846153846154 0.7692307692307693 0.7764423076923077 0.8461538461538461 0.7764423076923077