2 0.9991922524038461 8.174428671012207e-17 0.011798334134615385 2.1283846634823235e-17 0.011798334134615448 0.9996363846153845 0.9991922524038461 0.9996363846153845
2 0.33413461538461536 0.25480769230769235 0.2644230769230769 0.2548076923076923 0.264423076923077 0.37740384615384615 0.33413461538461536 0.37740384615384615
0 0.37740384615384615 0.28846153846153855 0.33653846153846156 0.28846153846153855 0.33653846153846156 0.3798076923076923 0.37740384615384615 0.3798076923076923
0 0.18750000000000006 0.49759615384615385 0.12019230769230776 0.49759615384615385 0.12019230769230776 0.5913461538461539 0.18750000000000006 0.5913461538461539
0 0.19951923076923084 0.6081730769230769 0.14663461538461545 0.6081730769230769 0.14663461538461545 0.6754807692307693 0.19951923076923084 0.6754807692307693
0 0.5793269230769231 0.16105769230769237 0.49038461538461536 0.16105769230769237 0.49038461538461536 0.32932692307692313 0.5793269230769231 0.32932692307692324
0 0.6682692307692307 0.2548076923076924 0.6153846153846154 0.2548076923076924 0.6153846153846154 0.34855769230769246 0.6682692307692307 0.34855769230769246
0 0.7331730769230769 0.26682692307692313 0.6875 0.26682692307692313 0.6875 0.41586538461538475 0.7331730769230769 0.41586538461538475
0 0.6586538461538461 0.4927884615384616 0.5480769230769231 0.49278846153846156 0.5480769230769231 0.6442307692307693 0.6586538461538461 0.6442307692307693
0 0.3870192307692309 0.6778846153846154 0.3149038461538463 0.6778846153846154 0.3149038461538463 0.7355769230769231 0.3870192307692309 0.7355769230769231
0 0.3677884615384616 0.4951923076923077 0.2860576923076924 0.4951923076923077 0.2860576923076924 0.6153846153846154 0.3677884615384617 0.6153846153846154
0 0.4927884615384616 0.5504807692307693 0.44471153846153844 0.5504807692307693 0.44471153846153855 0.6274038461538461 0.4927884615384617 0.6274038461538461
0 0.44951923076923084 0.5504807692307693 0.39663461538461536 0.5504807692307693 0.3966346153846155 0.625 0.4495192307692309 0.625
0 0.7884615384615384 0.16826923076923084 0.6802884615384616 0.16826923076923084 0.6802884615384616 0.25721153846153855 0.7884615384615384 0.25721153846153855
0 0.2524038461538462 0.38461538461538464 0.17788461538461545 0.38461538461538464 0.17788461538461545 0.4879807692307692 0.2524038461538462 0.4879807692307692
0 0.26201923076923084 0.6129807692307693 0.22115384615384623 0.6129807692307693 0.22115384615384623 0.6682692307692307 0.26201923076923084 0.6682692307692307
0 0.42307692307692324 0.6802884615384616 0.38942307692307704 0.6802884615384616 0.38942307692307704 0.8052884615384616 0.42307692307692324 0.8052884615384616
0 0.45913461538461553 0.7067307692307693 0.42788461538461553 0.7067307692307693 0.42788461538461553 0.78125 0.45913461538461553 0.78125
0 0.49038461538461553 0.7043269230769231 0.4567307692307694 0.7043269230769231 0.4567307692307694 0.7956730769230769 0.49038461538461553 0.7956730769230769
0 0.5264423076923078 0.6899038461538461 0.48557692307692324 0.6899038461538461 0.48557692307692324 0.7620192307692307 0.5264423076923078 0.7620192307692307
0 0.6981478980652708 0.5424829842329916 0.671170685292661 0.5376083377378666 0.6339564086538463 0.7435591610576923 0.6609336214264562 0.7484338075528172
0 0.7282983437500001 0.5417907307692309 0.7051256758459529 0.5370995490541423 0.6592060985576924 0.7639249375000001 0.6823787664617397 0.7686161192150889
0 0.7576327858842109 0.5462104629434894 0.7320725524694461 0.5417449364016507 0.7052487932692307 0.6952814879807693 0.7308090266839956 0.699747014522608
0 0.7919738653846154 0.5463042475961539 0.7659652517782498 0.5414256790662931 0.7402861147590192 0.6783262367586007 0.7662947283653848 0.6832048052884616
0 0.6418269230769231 0.7620192307692307 0.5937500000000001 0.7620192307692307 0.5937500000000001 0.8245192307692307 0.6418269230769231 0.8245192307692307
0 0.6706730769230769 0.7620192307692307 0.6394230769230769 0.7620192307692307 0.6394230769230769 0.8052884615384616 0.6706730769230769 0.8052884615384616
0 0.7043269230769231 0.7596153846153846 0.6730769230769231 0.7596153846153846 0.6730769230769231 0.8173076923076923 0.7043269230769231 0.8173076923076923
0 0.7884615384615384 0.7524038461538461 0.7451923076923077 0.7524038461538461 0.7451923076923077 0.8269230769230769 0.7884615384615384 0.8269230769230769
0 0.7475961538461539 0.7596153846153846 0.7019230769230769 0.7596153846153846 0.7019230769230769 0.8221153846153846 0.7475961538461539 0.8221153846153846
0 0.7620192307692307 0.8461538461538461 0.7067307692307693 0.8461538461538461 0.7067307692307693 0.9375 0.7620192307692307 0.9375
0 0.7067307692307693 0.8461538461538461 0.6610576923076923 0.8461538461538461 0.6610576923076923 0.9278846153846154 0.7067307692307693 0.9278846153846154