2 1.0000088018093434 0.9962178520050452 0.9957716248182129 -0.0037559179017720287 0.10318469800886951 0.000026230093182756 0.10742187500000001 1
0 0.44711538461538464 0.07451923076923081 0.15144230769230768 0.07451923076923078 0.1514423076923077 0.18750000000000003 0.44711538461538464 0.18750000000000006
0 0.6081730769230769 0.1129807692307693 0.4807692307692308 0.1129807692307693 0.4807692307692308 0.20432692307692316 0.6081730769230769 0.20432692307692316
0 0.7764423076923077 0.14423076923076933 0.6129807692307693 0.1442307692307693 0.6129807692307693 0.2163461538461539 0.7764423076923077 0.2163461538461539
0 0.9831730769230769 0.17307692307692318 0.7932692307692307 0.17307692307692316 0.7932692307692307 0.27884615384615397 0.9831730769230769 0.27884615384615397
0 0.9903846153846154 0.2812500000000001 0.7884615384615384 0.28125000000000006 0.7884615384615384 0.36538461538461553 0.9903846153846154 0.36538461538461553
0 0.7716346153846154 0.2163461538461539 0.5841346153846154 0.2163461538461539 0.5841346153846154 0.3125000000000001 0.7716346153846154 0.3125000000000001
0 0.5384615384615384 0.18750000000000003 0.18028846153846154 0.1875 0.18028846153846156 0.29807692307692313 0.5384615384615384 0.29807692307692313
0 0.5257955615582871 0.33360812351308494 0.16015625000000003 0.3046875 0.15193881344171298 0.4085793764869151 0.517578125 0.43750000000000006
0 0.693487448770492 0.3501536885245903 0.5371093750000001 0.33593750000000006 0.5303214651639345 0.4106045081967214 0.6866995389344263 0.4248206967213116
0 0.7386474529179896 0.46379946006241113 0.14062500000000006 0.41015625000000006 0.13371981670179578 0.4871362563985 0.7317422696197854 0.5407794664609111
0 0.770654658708467 0.5569569970774062 0.16015625000000003 0.529296875 0.15512659129153303 0.6403086279225937 0.765625 0.66796875
0 0.7742700004965983 0.6661386494698812 0.1502837399749219 0.638580896639271 0.1455449894783236 0.7458797471693899 0.76953125 0.7734375000000001
0 0.32211538461538475 0.7331730769230769 0.14182692307692318 0.7331730769230769 0.14182692307692318 0.8341346153846154 0.32211538461538475 0.8341346153846154
0 0.6466346153846154 0.7475961538461539 0.32932692307692324 0.7475961538461539 0.32932692307692324 0.8485576923076923 0.6466346153846154 0.8485576923076923
0 0.7091346153846154 0.8293269230769231 0.13701923076923087 0.8293269230769231 0.1370192307692309 0.9879807692307693 0.7091346153846154 0.9879807692307693