2 1 1.2246467991473532e-16 0.111328125 6.804922155418398e-17 0.11132812500000007 0.998046875 1 0.998046875
0 0.4735576923076923 0.01201923076923081 0.18509615384615385 0.01201923076923079 0.18509615384615385 0.09375000000000006 0.4735576923076923 0.09375000000000007
0 0.6466346153846154 0.009615384615384685 0.5048076923076923 0.009615384615384675 0.5048076923076923 0.060096153846153924 0.6466346153846154 0.06009615384615393
0 0.8269230769230769 0.004807692307692398 0.6586538461538461 0.004807692307692389 0.6586538461538461 0.05288461538461548 0.8269230769230769 0.05288461538461549
0 0.9951923076923077 1.1392747867067924e-16 0.8653846153846154 1.0597904992621326e-16 0.8653846153846154 0.06730769230769242 0.9951923076923077 0.06730769230769243
0 1 0.0889423076923078 0.8509615384615384 0.08894230769230779 0.8509615384615384 0.1634615384615386 1 0.1634615384615386
0 0.5769230769230769 0.11298076923076929 0.18990384615384615 0.11298076923076926 0.18990384615384615 0.19711538461538464 0.5769230769230769 0.1971153846153847
0 0.8149038461538461 0.05528846153846163 0.6153846153846154 0.055288461538461606 0.6153846153846154 0.16105769230769237 0.8149038461538461 0.16105769230769237
0 0.5600961538461539 0.22836538461538464 0.17548076923076922 0.2283653846153846 0.17548076923076927 0.3221153846153847 0.5600961538461539 0.32211538461538475
0 0.7307692307692307 0.1971153846153847 0.5865384615384616 0.1971153846153847 0.5865384615384616 0.2740384615384616 0.7307692307692307 0.2740384615384616
0 0.7993964021933753 0.394013680617726 0.7884592519024173 0.29120446788272153 0.166015625 0.357421875 0.17695277529095793 0.4602310877350045
0 0.83203125 0.498046875 0.8155559745903455 0.3874271686780336 0.17297784959034543 0.4831302936780337 0.189453125 0.5937500000000001
0 0.8561695402898002 0.6053829816361738 0.8437499999999999 0.50390625 0.18470268590438607 0.5845657720236422 0.19712222619418646 0.686042503659816
0 0.787109375 0.900390625 0.775390625 0.73828125 0.17288216380866425 0.7818360785198555 0.18460091380866422 0.9439454535198555
0 0.37980769230769246 0.6899038461538461 0.1850961538461539 0.6899038461538461 0.1850961538461539 0.78125 0.37980769230769246 0.78125
0 0.70703125 0.7265625 0.6971292059764345 0.6452615069644086 0.3924417059764344 0.6823708819644086 0.40234375 0.763671875