2 0.9800667884615384 0.9948071322115385 0.8905078105438786 -0.006491734963661391 0.0045642320290606294 0.07274954252658666 0.09412320994672038 1.0740484097017864
0 0.8653846153846154 0.06971153846153855 0.5576923076923077 0.06971153846153853 0.5576923076923077 0.18509615384615394 0.8653846153846154 0.185096153846154
0 0.5384615384615384 0.11057692307692313 0.4014423076923077 0.11057692307692311 0.4014423076923077 0.20192307692307698 0.5384615384615384 0.20192307692307698
0 0.40625 0.1418269230769231 0.23557692307692307 0.1418269230769231 0.23557692307692307 0.21394230769230774 0.40625 0.21394230769230776
0 0.23317307692307693 0.17067307692307693 0.031250000000000014 0.17067307692307693 0.03125000000000003 0.2764423076923077 0.23317307692307693 0.2764423076923077
0 0.24278846153846156 0.27884615384615385 0.03365384615384619 0.27884615384615385 0.033653846153846194 0.36538461538461536 0.24278846153846162 0.36538461538461536
0 0.4423076923076923 0.21394230769230774 0.24759615384615385 0.21394230769230768 0.24759615384615388 0.31009615384615385 0.4423076923076923 0.31009615384615385
0 0.8461538461538461 0.1826923076923078 0.47596153846153844 0.18269230769230776 0.47596153846153844 0.29567307692307704 0.8461538461538461 0.29567307692307704
0 0.876808961929248 0.3968782152892963 0.8657548175066894 0.2927796817221725 0.5096440214428261 0.33059481739441476 0.5206981658653846 0.43469335096153855
0 0.4948421146155243 0.40928248168484366 0.4922813485576923 0.3332444807692307 0.3427665336068265 0.33827975863896476 0.3453272996646585 0.4143177595545777
0 0.9017117003657273 0.48286082349331505 0.8952590216346152 0.4051565528846154 0.3077746746342726 0.45394213083360807 0.31422735336538465 0.5316464014423077
0 0.8930836682692309 0.625984670673077 0.8855481142331182 0.5146281792454082 0.2850278701923077 0.5552657091346154 0.2925634242284204 0.6666222005622842
0 0.9169107307692308 0.7196437668269229 0.9077896282829843 0.6120442016285185 0.2867844423076923 0.6646861610576924 0.29590554479393877 0.7722857262560969
0 0.9326923076923077 0.7283653846153846 0.7403846153846154 0.7283653846153846 0.7403846153846154 0.8293269230769231 0.9326923076923077 0.8293269230769231
0 0.7451923076923077 0.7427884615384616 0.4182692307692309 0.7427884615384616 0.4182692307692309 0.8461538461538461 0.7451923076923077 0.8461538461538461
0 0.9495192307692307 0.8245192307692307 0.3629807692307694 0.8245192307692307 0.3629807692307694 0.9855769230769231 0.9495192307692307 0.9855769230769231