2 1.0026391902552958 0.9885552513347738 0.9998224912446335 -0.002159936382010638 0.14466782692307692 0.00027135096153846155 0.14748452593373912 0.9909865386783229
0 0.5408653846153848 0.9014423076923077 0.247596153846154 0.9014423076923077 0.247596153846154 0.9855769230769231 0.5408653846153848 0.9855769230769231
0 0.7139423076923077 0.9326923076923077 0.5721153846153848 0.9326923076923077 0.5721153846153848 0.9855769230769231 0.7139423076923077 0.9855769230769231
0 0.8966346153846154 0.9375 0.7259615384615384 0.9375 0.7259615384615384 0.9879807692307693 0.8966346153846154 0.9879807692307693
0 1 0.9206730769230769 0.9302884615384616 0.9206730769230769 0.9302884615384616 0.9903846153846154 1 0.9903846153846154
0 1 0.8269230769230769 0.9086538461538461 0.8269230769230769 0.9086538461538461 0.9014423076923077 1 0.9014423076923077
0 0.6370192307692307 0.7980769230769231 0.24519230769230776 0.7980769230769231 0.2451923076923078 0.8870192307692307 0.6370192307692307 0.8870192307692307
0 0.8822115384615384 0.8317307692307693 0.6730769230769231 0.8317307692307693 0.6730769230769231 0.9399038461538461 0.8822115384615384 0.9399038461538461
0 0.6129807692307694 0.6730769230769231 0.22115384615384623 0.6730769230769231 0.22115384615384623 0.7716346153846154 0.6129807692307694 0.7716346153846154
0 0.7860576923076923 0.7163461538461539 0.6370192307692307 0.7163461538461539 0.6370192307692307 0.7956730769230769 0.7860576923076923 0.7956730769230769
0 0.8476361967028048 0.602657344052765 0.22151169933310594 0.5381394839366853 0.21094906490384624 0.640646358173077 0.8370735622735451 0.7051642182891569
0 0.8676378228842291 0.48836783120257604 0.21786089182692317 0.40404551442307696 0.20357042461580094 0.5141660173037048 0.8533473556731068 0.5984883340832039
0 0.8895299761837373 0.3852877736941496 0.2231605793269231 0.31211227884615383 0.21207085795087827 0.41310033447892736 0.8784402548076925 0.4862758293269231
0 0.8010160386862601 0.0907644872297305 0.19448839351272015 0.06333093938348916 0.1871641384803061 0.2252627165768357 0.7936917836538461 0.252696264423077
0 0.4014423076923077 0.21394230769230774 0.20192307692307693 0.21394230769230768 0.20192307692307696 0.3076923076923077 0.4014423076923077 0.3076923076923077
0 0.7296535576084134 0.2655929321315289 0.41886942307692304 0.23164643269230772 0.41003158008822715 0.31255790897824315 0.7208157146197175 0.3465044084174643