2 1.0010839746162532 0.020457776263830742 0.07183930885435791 0.019287477044315698 0.07075533423810486 0.8799884099151005 1.0000000000000002 0.8811587091346156
0 0.9120893317307692 0.42141903605769215 0.8474456479957553 0.1713101703880697 0.7888003000932784 0.18646777510626994 0.8534439838282923 0.43657664077589237
0 0.8308495360576923 0.4125113437500001 0.7518302956730769 0.08060873076923077 0.686927625083157 0.09606073243589296 0.7659468654677724 0.42796334541666226
0 0.7607767932692305 0.4064164783653847 0.7159997551065103 0.09545338012717498 0.6660802413839029 0.10264152554920619 0.710857279546623 0.41360462378741586
0 0.7043269230769231 0.1298076923076924 0.6225961538461539 0.12980769230769237 0.6225961538461539 0.4014423076923078 0.7043269230769231 0.4014423076923078
0 0.6442307692307693 0.108173076923077 0.5649038461538461 0.108173076923077 0.5649038461538461 0.41105769230769246 0.6442307692307693 0.41105769230769246
0 0.5961538461538461 0.19951923076923084 0.5192307692307693 0.19951923076923084 0.5192307692307693 0.4086538461538462 0.5961538461538461 0.4086538461538463
0 0.5216346153846154 0.21394230769230776 0.4567307692307692 0.21394230769230776 0.4567307692307692 0.39903846153846156 0.5216346153846154 0.39903846153846156
0 0.46875 0.23557692307692316 0.40384615384615385 0.23557692307692316 0.40384615384615385 0.3870192307692308 0.46875 0.3870192307692308
0 0.4177546274038462 0.19904947836538467 0.37355846720204117 0.19241922242673581 0.34336084220204116 0.3937114628113512 0.3875570024038462 0.4003417187500001
0 0.36487145192307696 0.19008883413461541 0.3098490837859733 0.18359046223606304 0.2867544732090503 0.3791348516591399 0.34177684134615394 0.3856332235576923
0 0.3091278485576924 0.23600237500000004 0.2719775703849271 0.23053549915196084 0.25153479394261946 0.3694548477096531 0.2886850721153847 0.37492172355769227
0 0.2779606885348703 0.22496402276908653 0.2444636658653846 0.21721135817307696 0.2097997165708016 0.36698426282475133 0.2432967392402873 0.3747369274207609
0 0.2379806850961539 0.21762680528846162 0.20391075782540471 0.2116778850710497 0.17848652163461545 0.35728445673076925 0.21255644890536463 0.36323337694818114
0 0.21245279259033947 0.20039665039302187 0.16675909066156377 0.19017825171872313 0.13187773557692312 0.34615750961538466 0.17757143750569881 0.35637590828968346
0 0.6788916975109835 0.6298563910656814 0.6101409263959171 0.6271612878656552 0.6042251327310875 0.7780703054538199 0.6729759038461538 0.7807654086538461
0 0.601749591631428 0.6110747430930374 0.5340885270043995 0.609321158396206 0.5298396108537408 0.7732631628993225 0.5975006754807693 0.775016747596154
0 0.5373703503258677 0.594305677744316 0.45727482788039375 0.5900119717150868 0.4481059294776031 0.7610501617592325 0.528201451923077 0.7653438677884616