2 0.9929617067307692 0.14370541586538466 0.11300469711538462 0.061097314903846164 0.03710411095388545 0.8696046168429642 0.91706112056927 0.9522127178045027
0 0.23621437610832483 0.405536823122162 0.1381788822115385 0.39643415144230765 0.0996186094685984 0.8117271023586073 0.19765410336538472 0.8208297740384616
0 0.323025983173077 0.531037264423077 0.23003519204291434 0.5205105518320715 0.19329306704291438 0.8450828475051485 0.28628385817307705 0.855609560096154
0 0.421064492298278 0.5829311429700053 0.32697684493489 0.572666432444871 0.29671605288461556 0.850040716346154 0.3908037002480036 0.8603054268712882
0 0.5194165834285085 0.5463590674722442 0.42758161057692323 0.5364963653846154 0.39284612310195866 0.8599303007207806 0.4846810959535439 0.8697930028084092
0 0.3173076923076923 0.12500000000000003 0.25 0.12500000000000003 0.25 0.2620192307692308 0.3173076923076923 0.26201923076923084
0 0.3502932475961539 0.30318045432692303 0.34357529783071133 0.1023441077507102 0.30633449759615383 0.10358980769230769 0.31305244736159643 0.30442615426852054
0 0.39313756775458475 0.10467618548821597 0.3408051514423077 0.09900045432692314 0.31944140099541546 0.29598242028101496 0.37177381730769243 0.30165815144230773
0 0.43869036828783536 0.13961893587499488 0.4006701741101555 0.13868312391317472 0.39818103418770473 0.23981196928817988 0.4362012283653846 0.24074778125000004
0 0.4648951778846154 0.1460141995192308 0.4387041893058537 0.1439389446893049 0.4294254945943153 0.26104176199699725 0.45561648317307696 0.2631170168269231
0 0.502591685057255 0.1302322551154133 0.47056005947105956 0.1258428390408143 0.4482699417214969 0.2885042714254011 0.48030156730769236 0.29289368750000006
0 0.5122582621511345 0.18959223448619242 0.4891485673076924 0.1877611274038462 0.4822457331071716 0.27487913020492416 0.5053554279506137 0.27671023728727034
0 0.5561745875216465 0.15654201372354315 0.5107993245192308 0.15148100240384624 0.49123940239082514 0.32684844476244695 0.5366146653932409 0.33190945608214384
0 0.6319786274038462 0.1156600048076924 0.575392469704865 0.10648621927606035 0.5066587148971726 0.5304528659106758 0.5632448725961539 0.5396266514423078
0 0.5599780397133443 0.37693242919254766 0.5336869803182577 0.3740376392394748 0.5102177146433751 0.5871901884123119 0.5365087740384615 0.5900849783653846
0 0.4210831033653846 0.32284790625000004 0.42096926948095015 0.246697025541959 0.3776275461615757 0.24676181476931472 0.37774138004601016 0.32291269547735574
0 0.4040153343797432 0.3926343213354374 0.3617714759615386 0.38876186538461543 0.35539898292794925 0.45827813539533196 0.39764284134615385 0.46215059134615394
0 0.6831793581730768 0.33472629326923087 0.6118916699031641 0.3163577319581866 0.5493920000834058 0.5589165749528499 0.6206796883533188 0.577285136263894
0 0.7796915625 0.1384618293269232 0.7205174454913382 0.12337316332733123 0.6846446322115386 0.26405770432692316 0.7438187492202004 0.2791463703265152
0 0.7644230769230769 0.2716346153846155 0.7043269230769231 0.2716346153846155 0.7043269230769231 0.3245192307692309 0.7644230769230769 0.3245192307692309
0 0.8790660625 0.13651710817307702 0.8322111443064911 0.12714819914273606 0.8122387476718758 0.2270322952965822 0.8590936658653846 0.2364012043269232
0 0.9399324447115384 0.1509850673076924 0.8855378149038461 0.14397351923076931 0.877618150938354 0.20541318774307607 0.9320127807460464 0.21242473581999916
0 0.9853744519230769 0.14924033413461552 0.9280230191355783 0.14318065029295463 0.9190685575971168 0.22792949404295462 0.9764199903846154 0.2339891778846155
0 0.9437494543269231 0.3789096826923078 0.8867261530704311 0.3690171635757479 0.8464571242242772 0.6011393294411325 0.9034804254807691 0.6110318485576923
0 0.9711538461538461 0.24038461538461553 0.9038461538461539 0.24038461538461553 0.9038461538461539 0.3076923076923078 0.9711538461538461 0.3076923076923078
0 0.9014423076923077 0.24519230769230782 0.8557692307692307 0.24519230769230782 0.8557692307692307 0.3052884615384617 0.9014423076923077 0.3052884615384617
0 0.7091346153846154 0.4302884615384617 0.6514423076923077 0.4302884615384617 0.6514423076923077 0.5048076923076924 0.7091346153846154 0.5048076923076924
0 0.8389423076923077 0.4615384615384617 0.7908653846153846 0.4615384615384617 0.7908653846153846 0.5216346153846155 0.8389423076923077 0.5216346153846155
0 0.8774038461538461 0.7115384615384616 0.8076923076923077 0.7115384615384616 0.8076923076923077 0.7692307692307693 0.8774038461538461 0.7692307692307693
0 0.8824209375000002 0.3572301826923078 0.8389690625000001 0.24037632692307695 0.7987371150944937 0.2553364969419677 0.8421889900944938 0.3721903527111985
0 0.8698302644230771 0.4226503052884614 0.7953451586538463 0.25178542067307685 0.7519855061260116 0.2706871880662003 0.8264706118952424 0.4415520726815848
0 0.8699986105769231 0.4813976129807693 0.8299665344666779 0.47764173018031136 0.8199946330243703 0.583927239795696 0.8600267091346154 0.587683122596154
0 0.8027660985576924 0.5733620841346154 0.768255542068315 0.5668799494639768 0.7521665612990843 0.6525368677332075 0.7866771177884616 0.6590190024038461
0 0.7682631586538461 0.6522747692307692 0.7658145721153846 0.5766515649038462 0.7419852318421862 0.5774231296944775 0.7444338183806477 0.6530463340214004
0 0.7465067812500001 0.5746660480769232 0.718957032750131 0.5740092549201902 0.7147139374999999 0.7519895 0.7422636859998691 0.752646293156733
0 0.7280012058834671 0.5778458607791157 0.702834880963995 0.5738894936597164 0.694835425080528 0.62477377711137 0.7200017499999999 0.6287301442307693
0 0.7011113557692308 0.5584309110576924 0.6787807543863971 0.5562691829921905 0.660748223136397 0.7425448176075752 0.6830788245192309 0.744706545673077
0 0.6748230913461538 0.5597573149038463 0.6508651074899264 0.5595601290914369 0.650043002403846 0.659445512019231 0.6740009862600734 0.6596426978316404
0 0.6507846298076926 0.5587778221153847 0.6266248944513184 0.5580343616928738 0.623124747816703 0.6717762823659508 0.6472844831730773 0.6725197427884618
0 0.6271760406800861 0.5650936070447924 0.5957272379807693 0.5601307596153846 0.5701769016276063 0.722039320839823 0.6016257043269231 0.7270021682692308
0 0.5936931952435887 0.5870359805081515 0.570428602723359 0.5840184001534194 0.5568966839220783 0.6883452249337297 0.5801612764423079 0.6913628052884617
0 0.5739690168269231 0.5760271658653846 0.5333956244730023 0.5704672386007992 0.5158736129807693 0.698333560096154 0.5564470053346902 0.7038934873607394
0 0.6350789230769233 0.7439494831730769 0.5715592667760343 0.724146226105097 0.529723403846154 0.8583362548076923 0.593243060147043 0.8781395118756723
0 0.7584453052884614 0.7609641250000002 0.7228511644443458 0.7539548090716364 0.6966219408866537 0.8871499292639438 0.7322160817307692 0.8941592451923077
0 0.7188588653846156 0.7605498846153848 0.6679929831730771 0.7524833365384617 0.6536334005800601 0.8430317135911991 0.7044992827915986 0.8510982616681222
0 0.8677884615384616 0.78125 0.7956730769230769 0.78125 0.7956730769230769 0.8774038461538461 0.8677884615384616 0.8774038461538461
0 0.37643810237373515 0.32836035907898076 0.3399538805940402 0.3179199474009914 0.31795211235492044 0.3948055546681645 0.3544363341346154 0.4052459663461538