2 0.9278134567307692 0.9345626682692306 0.8962457307692309 0.05542630528846155 0.07810380465577395 0.0848038640025922 0.10967153061731237 0.9639402269833612
0 0.5926916466346153 0.9152566442307692 0.5910257752754482 0.8182528276567472 0.16953224380315335 0.8254912439062572 0.17119811516232047 0.9224950604802792
0 0.4795290133091213 0.8248418881830266 0.4683718076923077 0.7326400240384614 0.1397512390947249 0.7724058930669734 0.15090844471153847 0.8646077572115385
0 0.4348844733246893 0.7209923529707919 0.4208892305939035 0.6284170814838058 0.13264489909613722 0.6719929664937833 0.1466401418269231 0.7645682379807693
0 0.4689935673076923 0.6281054375000003 0.4578325549658523 0.5372192715902695 0.13114633621585225 0.5773370263979618 0.14230734855769234 0.6682231923076926
0 0.8725961538461539 0.7355769230769231 0.7379807692307693 0.7355769230769231 0.7379807692307693 0.7980769230769231 0.8725961538461539 0.7980769230769231
0 0.8970370231187389 0.7045061833791645 0.6986718557692307 0.7013536874999999 0.6980785249581841 0.7386879680631432 0.8964436923076923 0.7418404639423077
0 0.9030617187499999 0.7072645961538461 0.8979542259615384 0.6553020024038462 0.7009456872751608 0.6746663108032129 0.7060531800636223 0.7266289045532128
0 0.8668930432692308 0.643029201923077 0.8632390209677377 0.6049830807019777 0.7663510985576925 0.6142883822115386 0.7700051208591854 0.6523345034326378
0 0.8657998659116071 0.6082400212870241 0.8629280766008887 0.5822331900885515 0.7450311778846153 0.5952518870192306 0.7479029671953337 0.6212587182177032
0 0.8842545669395429 0.5775612356938863 0.8793732848849013 0.5459413555840196 0.7165836370192307 0.5710718173076924 0.7214649190738722 0.6026916974175591
0 0.8226256033653846 0.5603730985576924 0.8211976049491236 0.5376678874180782 0.7332893837952775 0.543196697514232 0.7347173822115385 0.5659019086538463
0 0.8603048124999998 0.53807003125 0.8590591062085168 0.4931191780966383 0.6809437143815938 0.49805522376971517 0.6821894206730769 0.5430060769230768
0 0.9083334414061602 0.4733417499759628 0.9033310985576921 0.4161752908653845 0.47041297011538014 0.4540577299298119 0.47541531296384815 0.5112241890403901
0 0.6381378581730771 0.5168963365384616 0.6345765029727546 0.49088069687681735 0.4215609278846154 0.5200410072115385 0.4251222830849378 0.5460566468731827
0 0.7569096346153846 0.6727907500000001 0.7560876184397257 0.6294726613965647 0.6826863924781872 0.6308655436081032 0.6835084086538461 0.6741836322115387
0 0.6150614045568401 0.6912425954680115 0.6117706562499999 0.6491901899038462 0.5417069300458752 0.6546729223488507 0.5449976783527153 0.6967253279130159
0 0.699935337263822 0.44073429855069257 0.6864333918269231 0.36878321153846155 0.4362906435054087 0.4157236245262306 0.44979258894230767 0.4876747115384616
0 0.9046201350339692 0.3085648936310702 0.8833163469451785 0.2540498595367673 0.7361479643150552 0.3115614082133895 0.7574517524038461 0.36607644230769243
0 0.7524038461538461 0.2860576923076924 0.6995192307692307 0.2860576923076924 0.6995192307692307 0.3461538461538463 0.7524038461538461 0.3461538461538463
0 0.9039249322592231 0.2166506516785453 0.8968146201923075 0.1692772355769231 0.7944348955510363 0.18464348634428923 0.8015452076179519 0.23201690244591144
0 0.8897079783653846 0.16293173798076926 0.8858443701923077 0.10862127644230767 0.8233883575808654 0.11306435341031457 0.8272519657539423 0.16737481494877615
0 0.9033944603079387 0.10280820790016285 0.8849043510449631 0.04698518061940163 0.8046590721153847 0.07356460576923073 0.8231491813783602 0.12938763304999193
0 0.6664126175521553 0.16556700967892313 0.6572901682692306 0.10880229567307696 0.42092372481896323 0.14678788109042434 0.430046174101888 0.2035525950962705
0 0.7956730769230769 0.07932692307692318 0.7307692307692307 0.07932692307692318 0.7307692307692307 0.14423076923076933 0.7956730769230769 0.14423076923076933
0 0.7860576923076923 0.14903846153846165 0.7283653846153846 0.14903846153846165 0.7283653846153846 0.19471153846153852 0.7860576923076923 0.19471153846153852
0 0.5889423076923077 0.3461538461538462 0.5168269230769231 0.34615384615384615 0.5168269230769231 0.4038461538461539 0.5889423076923077 0.40384615384615397
0 0.5673076923076923 0.2163461538461539 0.5072115384615384 0.2163461538461539 0.5072115384615384 0.264423076923077 0.5673076923076923 0.264423076923077
0 0.3173076923076923 0.18269230769230774 0.25961538461538464 0.18269230769230768 0.25961538461538464 0.2524038461538462 0.3173076923076923 0.2524038461538462
0 0.7902271826923075 0.2112259543269231 0.6754719567307691 0.16979413701923082 0.6605260283681011 0.21119042368765287 0.7752812543296397 0.25262224099534514
0 0.77622978125 0.2550813221153847 0.6090724711538461 0.1835421346153847 0.5899283476426743 0.22827398441834776 0.7570856577388282 0.2998131719183478
0 0.555094901832195 0.22134150802510782 0.5497688957724342 0.1818353529698092 0.4404378689402392 0.19657477042547067 0.445763875 0.23608092548076925
0 0.4556790576923077 0.2882674423076923 0.45388362019230766 0.25329971153846154 0.366294555026914 0.2577970205925072 0.368089992526914 0.29276475136173796
0 0.44842556009615386 0.29033540625000004 0.3726624471153847 0.28921248317307696 0.3723084093627277 0.3130992504906642 0.4480715223434969 0.3142221735675873
0 0.4509022444034284 0.33066063674470186 0.44881255592116875 0.30336128676483304 0.26736031392158643 0.3172509456932081 0.2694500024038461 0.34455029567307693
0 0.4495063196842769 0.3511841985131637 0.4443434391553072 0.3264695415964783 0.3934788557692308 0.3370951298076923 0.39864173629820054 0.36180978672437764
0 0.46541868667404895 0.37689772637676194 0.46293863942307706 0.3547650745192307 0.2748868933129506 0.37583698307239427 0.2773669405639226 0.39796963492992543
0 0.46080409592275795 0.4044426328569758 0.4600556764498029 0.3805343400060355 0.3578178112962757 0.3837347696490597 0.3585662307692308 0.40764306250000004
0 0.46092451068464874 0.42847316000253144 0.4596140923921751 0.4044074729216541 0.3447540504575263 0.4106618008998918 0.3460644687499999 0.43472748798076916
0 0.4550828149038462 0.4602544038461539 0.45050213311812937 0.4293521671065762 0.28737598420080074 0.45353258438241506 0.29195666598651765 0.4844348211219928
0 0.4294228365384616 0.4831172740384616 0.4254503960579773 0.4602457114308979 0.32168639846182334 0.4782679301808979 0.3256588389423076 0.5011394927884616
0 0.4440711715711485 0.5031746871707721 0.4328383657334483 0.4654527171477143 0.3004705907969151 0.5048690444000192 0.3117033966346154 0.542591014423077
0 0.2932619524316425 0.4758795041533383 0.2700206636810758 0.41685743600276387 0.12866927855712562 0.47251777559942554 0.1519105673076923 0.53153984375
0 0.2695659375686729 0.3362209711712224 0.26299373076923077 0.30094518269230774 0.12715908498066428 0.32625243792729813 0.13373129178010637 0.3615282264062128
0 0.2662279495192308 0.3913133341346154 0.2610994807692308 0.34055266346153845 0.16870527089282958 0.349887465617401 0.17383373964282958 0.4006481362904779
0 0.24519230769230768 0.19471153846153846 0.15144230769230774 0.19471153846153846 0.15144230769230774 0.2644230769230769 0.24519230769230768 0.2644230769230769
0 0.6853590287256268 0.6983168379604627 0.669766864440385 0.6648493071082183 0.5922850905224506 0.7009472359746789 0.6078772548076923 0.7344147668269232