2 0.9133893605769229 0.10177790144230775 0.01220289903846155 0.08462104567307692 -0.003869534324316859 0.9288467910740034 0.8973169272141445 0.9460036468432342
0 0.5793269230769232 0.591346153846154 0.45192307692307704 0.5913461538461539 0.45192307692307704 0.9158653846153846 0.5793269230769232 0.9158653846153846
0 0.6754807692307693 0.625 0.5625000000000001 0.625 0.5625000000000001 0.9158653846153846 0.6754807692307693 0.9158653846153846
0 0.7836538461538461 0.5889423076923078 0.6538461538461539 0.5889423076923078 0.6538461538461539 0.9254807692307693 0.7836538461538461 0.9254807692307693
0 0.8942307692307693 0.4687500000000001 0.7548076923076923 0.4687500000000001 0.7548076923076923 0.9086538461538461 0.8942307692307693 0.9086538461538461
0 0.13019515384615385 0.5817814206730769 0.1060711937497627 0.32745050928634023 0.055587293269230766 0.33223904086538464 0.0797112533656219 0.5865699522521213
0 0.16105769230769237 0.4519230769230769 0.1177884615384616 0.4519230769230769 0.1177884615384616 0.5600961538461539 0.16105769230769237 0.5600961538461539
0 0.19951923076923084 0.43028846153846156 0.1538461538461539 0.43028846153846156 0.1538461538461539 0.5096153846153846 0.19951923076923084 0.5096153846153846
0 0.7596153846153846 0.17307692307692316 0.6995192307692307 0.17307692307692316 0.6995192307692307 0.32692307692307704 0.7596153846153846 0.32692307692307704
0 0.7067307692307693 0.14903846153846162 0.65625 0.14903846153846162 0.65625 0.37259615384615397 0.7067307692307693 0.37259615384615397
0 0.6634615384615384 0.1346153846153847 0.6177884615384616 0.1346153846153847 0.6177884615384616 0.3389423076923078 0.6634615384615384 0.3389423076923078
0 0.6442307692307693 0.4302884615384617 0.5841346153846154 0.4302884615384617 0.5841346153846154 0.5048076923076924 0.6442307692307693 0.5048076923076924
0 0.6682692307692307 0.3677884615384617 0.6274038461538461 0.3677884615384617 0.6274038461538461 0.4567307692307694 0.6682692307692307 0.4567307692307694
0 0.6225961538461539 0.29326923076923084 0.5865384615384616 0.29326923076923084 0.5865384615384616 0.36057692307692324 0.6225961538461539 0.36057692307692324
0 0.6081730769230769 0.17067307692307698 0.5697115384615384 0.17067307692307698 0.5697115384615384 0.2788461538461539 0.6081730769230769 0.2788461538461539
0 0.5745192307692307 0.18028846153846162 0.5408653846153846 0.18028846153846162 0.5408653846153846 0.2908653846153847 0.5745192307692307 0.2908653846153847
0 0.3389423076923077 0.43509615384615385 0.28846153846153855 0.43509615384615385 0.28846153846153855 0.5096153846153846 0.3389423076923077 0.5096153846153846
0 0.1418269230769231 0.19471153846153846 0.09615384615384619 0.19471153846153846 0.09615384615384619 0.2668269230769231 0.1418269230769231 0.2668269230769231
0 0.18509615384615385 0.09134615384615387 0.012019230769230782 0.09134615384615384 0.012019230769230786 0.18990384615384615 0.18509615384615385 0.18990384615384615
0 0.09615384615384619 0.19471153846153846 0.028846153846153872 0.19471153846153846 0.028846153846153876 0.27884615384615385 0.09615384615384619 0.27884615384615385
0 0.3004807692307693 0.25480769230769235 0.23557692307692307 0.2548076923076923 0.2355769230769231 0.31490384615384615 0.3004807692307693 0.31490384615384615
0 0.16586538461538472 0.7620192307692307 0.09615384615384626 0.7620192307692307 0.09615384615384626 0.8509615384615384 0.16586538461538475 0.8509615384615384
0 0.5495508618276691 0.14510658109127184 0.5183971971153847 0.1450263629807693 0.5179331913820452 0.32522855112107496 0.5490868560943296 0.3253087692315774
0 0.5264423076923077 0.2163461538461539 0.4879807692307692 0.2163461538461539 0.4879807692307692 0.3028846153846155 0.5264423076923077 0.3028846153846155
0 0.5024038461538461 0.15865384615384623 0.44711538461538464 0.15865384615384623 0.44711538461538464 0.34375 0.5024038461538461 0.34375
0 0.5096153846153846 0.3629807692307692 0.4639423076923077 0.3629807692307692 0.4639423076923077 0.4230769230769231 0.5096153846153846 0.4230769230769231
0 0.44711538461538464 0.11057692307692313 0.37259615384615385 0.11057692307692311 0.37259615384615385 0.2908653846153847 0.44711538461538464 0.2908653846153847
0 0.45588839881388693 0.5537708439994595 0.4424717450074763 0.3065987200247428 0.4047821610576922 0.3086445336538462 0.41819881486410293 0.5558166576285628
0 0.46857154867104595 0.3366627613489993 0.44538770913461534 0.33638398317307694 0.44199380950203104 0.6186285463433084 0.4651776490384616 0.6189073245192309
0 0.4222332139423077 0.5845513437499998 0.3913201200602908 0.317094140657895 0.3153916009615385 0.3258700697115385 0.34630469484355536 0.5933272728036434
0 0.42788461538461553 0.75 0.3365384615384617 0.75 0.3365384615384617 0.8990384615384616 0.42788461538461553 0.8990384615384616
0 0.16346153846153852 0.6947115384615384 0.09375000000000007 0.6947115384615384 0.09375000000000008 0.7427884615384616 0.16346153846153852 0.7427884615384616
0 0.20468134375000002 0.22614907451923075 0.15995731971153845 0.20345878365384612 0.106441328956076 0.30894224665522796 0.15116535299453757 0.33163253752061256
0 0.2416928862018046 0.23452620636196972 0.19905385708531453 0.21577478760613664 0.11803866586538468 0.399996 0.16067769498187476 0.4187474187558331
0 0.21474877644230775 0.5552290793269232 0.17953085491893478 0.5542380630241928 0.1772959437605309 0.6336604959059937 0.21251386528390387 0.6346515122087241
0 0.45963110096153853 0.7230209375000001 0.4381268064262078 0.6002048382208325 0.40120562615846694 0.6066694950510809 0.4227099206937976 0.7294855943302484
0 0.41599693990384623 0.7055920384615386 0.4109172588077155 0.6093885692502147 0.38856695913461536 0.6105686971153846 0.39364664023074614 0.7067721663267086
0 0.39859372724128667 0.70442727684009 0.38633023668114147 0.5712533785095913 0.3561452980769231 0.5740329975961539 0.3684087886370683 0.7072068959266525
0 0.3607145695364051 0.6869879517348831 0.357314453402486 0.5694926117926461 0.3285450208853116 0.5703251504423783 0.33194513701923073 0.6878204903846155
0 0.3314181243816838 0.5631335397579141 0.30703752163461545 0.5629022932692307 0.30612759196447026 0.6588373015882397 0.3305081947115385 0.659068548076923
0 0.23531682692307704 0.5625883870192308 0.20930783880261145 0.561210735297404 0.20356944471153854 0.6695471322115385 0.2295784328320041 0.6709247839333652
0 0.25903289903846155 0.7487575624999999 0.258304718656058 0.5677034151893137 0.23368617612177325 0.5678024283297642 0.23441435650417686 0.7488565756404506
0 0.28615113461538466 0.5633554807692307 0.2589541215361067 0.5616671641949618 0.25512749955742736 0.6233100394647616 0.2823245126367053 0.6249983560390304
0 0.3148793260760734 0.6948638744214926 0.31409239501135977 0.5475246387487502 0.2839118141275941 0.5476858316349499 0.2846987451923077 0.6950250673076922
0 0.23602179916114546 0.6800316546894807 0.19442029764028476 0.6768723062584727 0.1881898413461539 0.7589133798076924 0.2297913428670146 0.7620727282387002
0 0.28846153846153855 0.7620192307692307 0.21153846153846162 0.7620192307692307 0.21153846153846165 0.8918269230769231 0.2884615384615386 0.8918269230769231
0 0.3262282836538461 0.25196965384615394 0.2678447977944314 0.1054988257933193 0.21121599453767517 0.12807114943024042 0.2695994803970899 0.274541977483075