2 0.9243945631313044 0.08988079498566497 0.103515625 0.013671875000000012 0.022396030434274603 0.8874457936079565 0.843274968565579 0.9636547135936215
0 0.8156655511000562 0.8546863943063171 0.4068604155715655 0.7907729070408008 0.39182692307692324 0.886930528846154 0.800632058605414 0.9508440161116702
0 0.8497192823954569 0.7685693388616417 0.5192307692307694 0.7102478365384614 0.503186306143521 0.8011664606995352 0.8336748193082086 0.8594879630227156
0 0.8560148894119737 0.6650730164105525 0.5673076923076924 0.6152959134615384 0.5514370336649494 0.7073457335894476 0.8401442307692307 0.7571228365384617
0 0.8614439751000447 0.5715012227656738 0.5357763172521122 0.5158994275233438 0.5204326923076924 0.6057692307692308 0.846100350155625 0.6613710260115607
0 0.25000000000000006 0.6995192307692307 0.11538461538461549 0.6995192307692307 0.11538461538461549 0.7572115384615384 0.25000000000000006 0.7572115384615384
0 0.28966346153846173 0.6682692307692307 0.09249027216954671 0.662220973426626 0.09134615384615394 0.699519230769231 0.2885193432150689 0.7055674881118357
0 0.28725961538461553 0.6466346153846155 0.09134615384615395 0.6129807692307693 0.08255036010675257 0.6641848542137131 0.27846382164521416 0.6978387003675592
0 0.2235576923076924 0.5781250000000001 0.12549605601076197 0.5694359942521708 0.12215474807386578 0.6071450409685705 0.22021638437079624 0.6158340467163997
0 0.24519230769230776 0.560096153846154 0.12740384615384623 0.543269230769231 0.12372596153846162 0.5690144230769232 0.24151442307692314 0.5858413461538462
0 0.274269600591716 0.5373058431952663 0.1117788461538462 0.5048076923076924 0.1055380917159764 0.5360114644970414 0.2680288461538462 0.5685096153846154
0 0.25884615384615395 0.511394230769231 0.17151442307692316 0.4989182692307693 0.16826923076923084 0.5216346153846155 0.2556009615384616 0.5341105769230772
0 0.31361945269781943 0.4837890382607807 0.1382211538461539 0.453125 0.13046317783123212 0.49750062280535257 0.30586147668289765 0.5281646610661332
0 0.5180288461538461 0.4699519230769231 0.09014423076923081 0.3737980769230769 0.07780288865983195 0.4287170493099018 0.5056875040444473 0.524870895463748
0 0.5697115384615385 0.5000000000000001 0.3574554864675369 0.46319259213976854 0.3529957900528225 0.4889101747979551 0.5652518420468241 0.5257175826581867
0 0.30683335374816273 0.5985699412052916 0.23343795933366007 0.5959486771190593 0.23189306712395893 0.6392056589906908 0.3052884615384616 0.6418269230769231
0 0.44739819004524894 0.6286764705882354 0.3774038461538462 0.6201923076923077 0.37231334841628966 0.6621889140271493 0.4423076923076924 0.6706730769230769
0 0.5580199821163399 0.41624478573317825 0.3076923076923077 0.33653846153846156 0.2859432182982085 0.40484419541680433 0.5362708927222406 0.48455051961152107
0 0.25468961925983336 0.2738113979848867 0.10697115384615388 0.22716346153846154 0.08906038074016666 0.2838809097074211 0.23677884615384615 0.33052884615384615
0 0.295673076923077 0.25480769230769235 0.24519230769230768 0.2548076923076923 0.24519230769230774 0.31009615384615385 0.295673076923077 0.31009615384615385
0 0.20192307692307693 0.15384615384615388 0.10096153846153846 0.12740384615384617 0.08911510406039583 0.17263568659457257 0.1900766425219343 0.19907799428688028
0 0.1755996110630942 0.07327139152981851 0.11298076923076923 0.0673076923076923 0.10783275713050992 0.12136181936041487 0.1704515989628349 0.12732551858254107
0 0.19471153846153846 0.03605769230769233 0.109375 0.021634615384615394 0.0998866460203249 0.07777404309769305 0.18522318448186337 0.09219712002076999
0 0.575721153846154 0.1334134615384616 0.3413461538461539 0.07812500000000003 0.3283122306370046 0.1333775005605242 0.5626872306370045 0.18866596209898573
0 0.2692307692307692 0.04567307692307695 0.20432692307692307 0.04567307692307694 0.20432692307692307 0.10817307692307696 0.2692307692307692 0.10817307692307696
0 0.2692307692307692 0.11538461538461542 0.21153846153846154 0.11538461538461542 0.21153846153846154 0.15865384615384615 0.2692307692307692 0.15865384615384615
0 0.47596153846153844 0.32211538461538464 0.40625 0.32211538461538464 0.40625 0.375 0.47596153846153844 0.375
0 0.4879807692307692 0.19471153846153852 0.43028846153846156 0.19471153846153852 0.43028846153846156 0.2379807692307693 0.4879807692307692 0.2379807692307693
0 0.7355769230769231 0.17067307692307698 0.6802884615384616 0.17067307692307698 0.6802884615384616 0.23557692307692316 0.7355769230769231 0.23557692307692316
0 0.33453803313023617 0.16593321591774565 0.3162676123381569 0.12517612338156894 0.20648919459253617 0.17438713823305407 0.2247596153846154 0.21514423076923078
0 0.4054955406839125 0.1996159949644943 0.38770938993220355 0.15372772602508508 0.21995192307692307 0.21875 0.23773807382863213 0.2646382689394092
0 0.5566563764558714 0.17588501340965312 0.44711538461538464 0.15865384615384623 0.4409397773902825 0.19791306351342391 0.5504807692307693 0.21514423076923084
0 0.6286057692307693 0.2536057692307693 0.5420673076923077 0.2319711538461539 0.5337245475113123 0.2653421945701358 0.6202630090497737 0.28697680995475117
0 0.6225961538461539 0.2716346153846155 0.5468750000000001 0.2692307692307693 0.5461174829135124 0.2930925574551299 0.6218386367596662 0.29549640360897605
0 0.7271600310508138 0.3044029601078938 0.5456730769230769 0.28846153846153855 0.5432726612568785 0.315789347584414 0.7247596153846152 0.3317307692307693
0 0.6009615384615385 0.31850961538461553 0.5492788461538463 0.3100961538461539 0.5452804571613845 0.3346576862284187 0.5969631494690769 0.34307114776688025
0 0.71875 0.3629807692307692 0.53125 0.3329326923076923 0.5277421238670789 0.35482183937712064 0.7152421238670789 0.38486991630019757
0 0.6363378228269926 0.36679793807275757 0.5336538461538463 0.359375 0.5319314079422383 0.38320206192724243 0.6346153846153846 0.390625
0 0.6489023773420737 0.39433174344050426 0.5336538461538461 0.3834134615384616 0.5313860841963879 0.40735094886718826 0.6466346153846154 0.4182692307692309
0 0.7043269230769232 0.44350961538461553 0.5439931703650811 0.4081604415583826 0.5372596153846154 0.43870192307692324 0.6975933680964576 0.47405109690315617
0 0.6702390725090167 0.4628884171287077 0.5663326963449425 0.4428582723259946 0.5619590084513107 0.4655467782742102 0.6658653846153848 0.48557692307692324
0 0.6869914940828401 0.488119452662722 0.5540865384615384 0.4615384615384616 0.5461815828402368 0.5010632396449703 0.6790865384615383 0.5276442307692307
0 0.86139137893867 0.4635506862357635 0.7199519230769231 0.41105769230769246 0.6975028518305609 0.4715454676103907 0.8389423076923077 0.5240384615384617
0 0.8665865384615384 0.32331730769230776 0.7319711538461539 0.28846153846153855 0.7230703679491969 0.3228369874428897 0.8576857525645815 0.3576927566736589
0 0.8256396354040281 0.33922098701771425 0.7331730769230769 0.3281250000000001 0.7271160670953652 0.3786000818975977 0.8195826255763164 0.3896960689153119
0 0.8461538461538461 0.1875000000000001 0.7524038461538461 0.18750000000000006 0.7524038461538461 0.2548076923076924 0.8461538461538461 0.25480769230769246
0 0.39182692307692313 0.6706730769230769 0.31370192307692313 0.6442307692307693 0.30188177916265097 0.6791539217047552 0.38000677916265097 0.7055962293970629