2 1.0362228108223381 0.8673306686206625 0.9914469500108012 0.07260827451418678 0.04800510313077059 0.12576321406660115 0.0927809639423077 0.920485608173077
0 0.9198915528846154 0.3293578076923077 0.8699746014599938 0.31945605927433907 0.8228531038629183 0.5570061774272299 0.8727700552875398 0.5669079258451986
0 0.9744923846153847 0.09577335096153859 0.9198808133817832 0.09153369508463507 0.9138582668269231 0.1691109182692309 0.9684698380605246 0.17335057414613442
0 0.9255098052884616 0.09568491586538468 0.8833741866138318 0.08361595436136705 0.862558484392 0.15628852780289987 0.9046941030666298 0.1683574893069175
0 0.8682545048076923 0.10114437019230782 0.8244932151533738 0.09260909777132229 0.8047350246716747 0.19391153477250683 0.8484963143259932 0.20244680719349237
0 0.7757643437499999 0.12367194711538468 0.710976972081775 0.10703181136527291 0.671077939903846 0.26237630288461544 0.735865311572071 0.2790164386347272
0 0.7475961538461539 0.26682692307692313 0.6802884615384616 0.26682692307692313 0.6802884615384616 0.3149038461538463 0.7475961538461539 0.3149038461538463
0 0.6826923076923077 0.44711538461538475 0.625 0.44711538461538475 0.625 0.5216346153846155 0.6826923076923077 0.5216346153846155
0 0.8100961538461539 0.4254807692307694 0.7692307692307693 0.4254807692307694 0.7692307692307693 0.49759615384615397 0.8100961538461539 0.49759615384615397
0 0.9640761497119382 0.24265046301647836 0.9535506923076922 0.17687302163461538 0.8890489453399281 0.18719434724330433 0.8995744027441741 0.25297178862516734
0 0.8878415745192308 0.26188114903846155 0.8819059903846155 0.1995933725961539 0.8401085167864035 0.20357637592885977 0.8460441009210189 0.26586415237116745
0 0.8561923124999998 0.318405264423077 0.8288900769230767 0.21113305048076927 0.7806465509082225 0.22341168316590568 0.8079487864851457 0.33068389710821344
0 0.8434506274038461 0.3877070456730772 0.7801256754807693 0.2297946129807693 0.7354542806924109 0.24770842685267336 0.7987792326154877 0.40562085954498117
0 0.8462248509615384 0.44699715625000014 0.8075167778353154 0.44189465728048166 0.7931523499507 0.5508646596843279 0.8318604230769231 0.5559671586538463
0 0.8541915609774721 0.7332658185191298 0.8439243384584183 0.6778727659142625 0.7750664447115384 0.6906357259615383 0.7853336672305922 0.7460287785664057
0 0.8394323293269232 0.7588799350961538 0.7672645572835118 0.7512207466025335 0.7575823233365667 0.8424504183799191 0.8297500953799781 0.8501096068735394
0 0.7309414254807695 0.7497525168269233 0.6992379796516749 0.7420853159060214 0.6667588100961541 0.8763848605769233 0.6984622559252487 0.8840520614978252
0 0.6924603605769233 0.7565313004807693 0.6522317176350904 0.7482322655015725 0.6320998515257386 0.845819232600279 0.6723284944675714 0.854118267579476
0 0.7786869399038461 0.5539651730769232 0.7471277915113036 0.5506406692704826 0.7383957747784565 0.6335327421579362 0.769954923170999 0.6368572459643768
0 0.7423376971153848 0.5648257355769231 0.7196891460301548 0.5635415874939479 0.715365634010924 0.6397954745131786 0.7380141850961539 0.6410796225961539
0 0.7215528437500001 0.5698412932692309 0.702560614645373 0.5685609419637058 0.6909405268811865 0.7409287663888827 0.7099327559858135 0.7422091176944079
0 0.7019800937428964 0.5734742927579048 0.679118154503812 0.5705668078540227 0.6731278293269233 0.6176695288461539 0.6959897685660076 0.620577013750036
0 0.6839195120192311 0.5599109687500001 0.6535210889897248 0.5542970586844433 0.6182270913935709 0.745408397626751 0.648625514423077 0.7510223076923078
0 0.6507558750000002 0.575852528846154 0.6258215478548554 0.5749845737826194 0.6226972738163938 0.6647376891672346 0.6476316009615386 0.6656056442307693
0 0.6256831490384618 0.570621201923077 0.5964879458616157 0.5699003429018435 0.5936545756693079 0.684653458286459 0.6228497788461538 0.6853743173076924
0 0.6374079891833093 0.7119053442480392 0.6373846322115385 0.6806134230769231 0.6103685454251802 0.6806335884727445 0.6103919023969511 0.7119255096438606
0 0.762589663526217 0.7483964109068733 0.7467111466346155 0.6719900649038462 0.7053384549378664 0.6805880023569972 0.721216971829468 0.7569943483600243
0 0.5997641514423078 0.7613505432692308 0.5471564886590604 0.7486066904668974 0.5136822932692309 0.8867908966346154 0.5662899560524781 0.8995347494369488
0 0.6019551129807693 0.5913890961538463 0.5707563588987001 0.5856529548133005 0.5450137942856611 0.7256662311820409 0.5762125483677304 0.7314023725225867
0 0.6688741274038464 0.34167030528846176 0.6052610971153967 0.3246638230816282 0.5343873506848442 0.5897682534694157 0.5980003809732939 0.6067747356762493
0 0.6247972154279977 0.13050185839878542 0.5672976826923077 0.12070254807692314 0.4918227828706941 0.5635675386195501 0.549322315606384 0.5733668489414124
0 0.5442120552884616 0.19667877403846162 0.4978806670446874 0.19112354445442425 0.4760313641600721 0.37334977281980886 0.5223627524038462 0.37890500240384617
0 0.4970209640448879 0.24345818071029612 0.47938737865925485 0.2429680917412117 0.4769771658653847 0.32968845432692306 0.4946107512510177 0.33017854329600743
0 0.4887613004807693 0.1780950096153847 0.45236193083843906 0.17446559403311568 0.4355633947807468 0.3429379305715773 0.471962764423077 0.34656734615384627
0 0.45370826442307705 0.21078812980769238 0.4234756850961539 0.20993568750000008 0.4202737934061153 0.3234934539808363 0.45050637273303845 0.32434589628852856
0 0.4230769230769231 0.21394230769230776 0.3918269230769231 0.21394230769230776 0.3918269230769231 0.3052884615384616 0.4230769230769231 0.3052884615384616
0 0.3004807692307693 0.21875000000000003 0.25 0.21875 0.25000000000000006 0.3605769230769231 0.3004807692307693 0.3605769230769231
0 0.3805128149038462 0.18980091826923082 0.33998174860831304 0.18888348969273883 0.33561499400892736 0.38180228980335695 0.3761460603044605 0.38271971837984897
0 0.337804483173077 0.19154114903846156 0.3036182219300547 0.19105380170334713 0.30074921712236236 0.39230769353027023 0.3349354783653847 0.3927950408653847
0 0.3591483533653846 0.41369381490384616 0.327220085592559 0.40297674849007403 0.30203900145794366 0.47799619560545864 0.33396726923076925 0.4887132620192309
0 0.5192307692307693 0.3870192307692308 0.46875 0.3870192307692308 0.46875 0.4423076923076923 0.5192307692307693 0.4423076923076923
0 0.40384615384615385 0.3293269230769231 0.375 0.3293269230769231 0.375 0.38221153846153844 0.40384615384615385 0.38221153846153844
0 0.3870192307692308 0.46634615384615385 0.34134615384615385 0.46634615384615385 0.34134615384615385 0.5336538461538461 0.3870192307692308 0.5336538461538461
0 0.2124437740384617 0.5238876250000001 0.13132217546810238 0.5165888657436702 0.0969550216346155 0.8985604254807693 0.17807662020497483 0.9058591847370991
0 0.2970619206730771 0.6309087163461539 0.20672783787269924 0.6211520262417717 0.17945656396229262 0.8736480560570425 0.26979064676267045 0.8834047461614247
0 0.3963838846153846 0.6581264711538464 0.30248843269230774 0.6494464927884617 0.285339798102655 0.8349514245841985 0.37923525002573183 0.8436314029495832
0 0.4980551057692309 0.6185502307692309 0.40740792437106427 0.6030784925397866 0.35877654854493046 0.8880042766229574 0.4494237299430971 0.9034760148524016