2 0.9104467955329109 0.01767577523705461 0.06668745141539954 0.015582079594082884 0.06444378088248887 0.9197813043570283 0.9082031250000001 0.9218750000000001
0 0.8918269230769231 0.4879807692307694 0.5721153846153846 0.4879807692307694 0.5721153846153847 0.6033653846153848 0.8918269230769231 0.6033653846153848
0 0.8894230769230769 0.5985576923076924 0.6009615384615385 0.5985576923076924 0.6009615384615385 0.6995192307692307 0.8894230769230769 0.6995192307692307
0 0.8918269230769231 0.6923076923076923 0.560096153846154 0.6923076923076923 0.560096153846154 0.8076923076923077 0.8918269230769231 0.8076923076923077
0 0.8725961538461539 0.7908653846153846 0.4375000000000001 0.7908653846153846 0.4375000000000001 0.9110576923076923 0.8725961538461539 0.9110576923076923
0 0.5824973770234079 0.10630498597933993 0.3294270817307693 0.06901041826923081 0.3220472449667249 0.11908788487523067 0.5751175402593633 0.1563824525853398
0 0.5528846153846154 0.14182692307692316 0.44471153846153844 0.14182692307692316 0.44471153846153844 0.18028846153846162 0.5528846153846154 0.18028846153846162
0 0.5 0.1754807692307693 0.4254807692307692 0.1754807692307693 0.4254807692307692 0.21875000000000006 0.5 0.21875000000000006
0 0.29807692307692313 0.7115384615384616 0.14182692307692318 0.7115384615384616 0.14182692307692318 0.7644230769230769 0.29807692307692313 0.7644230769230769
0 0.3437500000000001 0.6706730769230769 0.12019230769230776 0.6706730769230769 0.12019230769230778 0.7115384615384616 0.3437500000000001 0.7115384615384616
0 0.3125000000000001 0.6298076923076923 0.11057692307692314 0.6298076923076923 0.11057692307692314 0.6682692307692307 0.3125000000000001 0.6682692307692307
0 0.47836538461538475 0.6057692307692307 0.4062500000000001 0.6057692307692307 0.4062500000000001 0.6610576923076923 0.47836538461538475 0.6610576923076923
0 0.42788461538461553 0.6442307692307693 0.34134615384615397 0.6442307692307693 0.34134615384615397 0.6826923076923077 0.42788461538461553 0.6826923076923077
0 0.33413461538461553 0.6009615384615384 0.2692307692307693 0.6009615384615384 0.2692307692307693 0.6346153846153846 0.33413461538461553 0.6346153846153846
0 0.2524038461538462 0.5817307692307693 0.14903846153846162 0.5817307692307693 0.14903846153846162 0.6153846153846154 0.2524038461538462 0.6153846153846154
0 0.26682692307692313 0.5528846153846154 0.15865384615384623 0.5528846153846154 0.15865384615384623 0.5817307692307693 0.26682692307692313 0.5817307692307693
0 0.4951923076923077 0.3076923076923077 0.4230769230769231 0.3076923076923077 0.4230769230769231 0.3557692307692308 0.4951923076923077 0.3557692307692308
0 0.2620192307692308 0.10817307692307696 0.19230769230769232 0.10817307692307696 0.19230769230769232 0.15144230769230774 0.2620192307692308 0.15144230769230774
0 0.18269230769230768 0.0216346153846154 0.09134615384615384 0.021634615384615394 0.09134615384615387 0.18990384615384615 0.18269230769230768 0.18990384615384615
0 0.27403846153846156 0.040865384615384644 0.19230769230769232 0.04086538461538463 0.19230769230769232 0.10576923076923081 0.27403846153846156 0.10576923076923081
0 0.3028846153846154 0.24759615384615388 0.24519230769230768 0.24759615384615385 0.24519230769230774 0.31009615384615385 0.3028846153846155 0.31009615384615385
0 0.84375 0.1298076923076924 0.7548076923076923 0.1298076923076924 0.7548076923076923 0.19711538461538472 0.84375 0.19711538461538475
0 0.3033854182692308 0.5364583317307692 0.12369791826923085 0.5234374999999999 0.12145885754705306 0.5543365417690125 0.30114635754705305 0.5673573734997818
0 0.28125000000000006 0.5 0.1971153846153847 0.5 0.1971153846153847 0.5336538461538461 0.28125000000000006 0.5336538461538461
0 0.3245192307692308 0.46153846153846156 0.14182692307692316 0.46153846153846156 0.14182692307692316 0.5072115384615384 0.3245192307692308 0.5072115384615384
0 0.4014423076923077 0.4807692307692308 0.34375 0.4807692307692308 0.34375 0.5240384615384616 0.4014423076923077 0.5240384615384616
0 0.2716346153846155 0.38461538461538464 0.09375000000000003 0.38461538461538464 0.09375000000000006 0.4519230769230769 0.2716346153846155 0.4519230769230769
0 0.5378833100893916 0.44011588668238283 0.2916666682692309 0.41666666826923077 0.2880910577606754 0.45421055550513256 0.5343076995808361 0.47765977391828457
0 0.5996866892572462 0.46773261362022606 0.31770833173076923 0.45833333173076923 0.31693806463447366 0.4814413364937442 0.5989164221609508 0.49084061838320103
0 0.5792650169095748 0.38499875959494256 0.3125 0.328125 0.29679451237893595 0.4017912162066535 0.5635595292885107 0.45866497580159604
0 0.8798076923076923 0.3701923076923078 0.7355769230769231 0.3701923076923078 0.7355769230769231 0.45913461538461553 0.8798076923076923 0.45913461538461553
0 0.7355769230769231 0.12500000000000008 0.6899038461538461 0.12500000000000006 0.6899038461538461 0.19230769230769237 0.7355769230769231 0.19230769230769237
0 0.32365102850797456 0.1576452901143843 0.30034910061274933 0.11337163055497161 0.1941459903740055 0.1692680087098181 0.2174479182692308 0.2135416682692308
0 0.4115170595333957 0.17744572873472614 0.39453125 0.1341145817307693 0.2073197495990032 0.20750148948980437 0.22430555913239897 0.2508326364937612
0 0.625 0.20182291826923082 0.5455729182692308 0.20182291826923082 0.5455729182692308 0.23697916826923082 0.625 0.23697916826923082
0 0.7080637983244595 0.45082869502642775 0.586944236679138 0.43485688513160764 0.5820054383546784 0.4723094401051799 0.7031249999999999 0.48828125
0 0.6896319030924686 0.42208226831976947 0.5937500000000001 0.4127604182692309 0.5915902290474707 0.4349752091154305 0.6874721321399391 0.44429705916596907
0 0.6911376226726003 0.403840243930302 0.5585937499999999 0.37890625000000006 0.5530939830785051 0.4081418553590638 0.6856378557511053 0.43307584928936566
0 0.6731770817307693 0.359375 0.5559895817307692 0.3515625 0.5540767868660653 0.3802544229705583 0.6712642868660653 0.3880669229705583
0 0.6457532057005005 0.33477564265726 0.5494791682692308 0.3294270817307693 0.5481450326825672 0.35344150751260817 0.6444190701138368 0.35879006843909883
0 0.660473590078531 0.2564906692476752 0.6601562499999999 0.23046874999999997 0.551765991652238 0.23179058075232475 0.5520833317307692 0.2578125
0 0.7378839690693326 0.264451924517938 0.5572916682692307 0.25781250000000006 0.5563868674691289 0.2824230754820622 0.7369791682692307 0.28906250000000006
0 0.6119791682692308 0.28125000000000006 0.55078125 0.28125000000000006 0.55078125 0.30859375 0.6119791682692308 0.30859375000000006
0 0.6822916682692307 0.31250000000000006 0.53515625 0.3072916682692308 0.5340909556638583 0.3373862428528832 0.681226373933089 0.34259457458365244
0 0.7514617899369918 0.2604110644794182 0.7500000000000001 0.21874999999999997 0.6678414636249076 0.22163275211427697 0.6693032535618991 0.2632938165936952
0 0.8798076923076923 0.24759615384615394 0.7524038461538461 0.2475961538461539 0.7524038461538461 0.3197115384615386 0.8798076923076923 0.3197115384615386
0 0.25888548611839635 0.2770682545684775 0.11458333173076925 0.22656250000000003 0.09397909561237297 0.2854317454315226 0.23828125000000006 0.33593750000000006