2 1.0352830145586558 0.12086730482010892 0.08735770673076924 0.07855874038461537 0.05197919458552699 0.8712159118871601 0.9999045024134134 0.9135244763226537
0 0.9599119807692307 0.6599752980769232 0.8928443552410101 0.42037463724576885 0.8447358819535615 0.43384088170429613 0.9118035074817821 0.6734415425354504
0 1 0.8202707283653846 0.9669627379807693 0.8202707283653846 0.9669627379807693 0.8956041322115385 1 0.8956041322115385
0 0.9845615697115385 0.893551110576923 0.9572713603545098 0.8194497723897061 0.9170852587247261 0.8342496012935897 0.944375468081755 0.9083509394808067
0 0.9270513846153846 0.8887590937500001 0.8984082361355404 0.7851985372971104 0.8562145646233466 0.7968686136218095 0.8848577131031907 0.9004291700746992
0 0.8330319206730767 0.8673115552884616 0.7793828213707887 0.7088544567860311 0.7173855048076921 0.729844997596154 0.7710346041099801 0.8883020960985846
0 0.7908653846153846 0.6778846153846154 0.7235576923076923 0.6778846153846154 0.7235576923076923 0.7235576923076923 0.7908653846153846 0.7235576923076923
0 0.7139423076923077 0.4711538461538463 0.6514423076923077 0.4711538461538463 0.6514423076923077 0.5456730769230771 0.7139423076923077 0.5456730769230771
0 0.8413461538461539 0.4951923076923078 0.7980769230769231 0.4951923076923078 0.7980769230769231 0.5649038461538463 0.8413461538461539 0.5649038461538463
0 1.0093956112024047 0.7459179503544823 0.9493908864335866 0.7371019571256786 0.9399952752311821 0.8010517639827349 1.0000000000000002 0.8098677572115386
0 0.9361158829450329 0.7279642651033641 0.89398872673434 0.7256043801961133 0.890504387058538 0.787804583842749 0.9326315432692307 0.7901644687499998
0 0.8973172379807693 0.6716680937500001 0.847684460359009 0.6631482082948887 0.8292182007436245 0.7707238044487349 0.8788509783653848 0.7792436899038463
0 0.8789850892762067 0.6024704467409603 0.83218784375 0.5876487884615386 0.7819299515891781 0.7463308248936552 0.8287271971153848 0.7611524831730769
0 0.8768995336538462 0.5432096899038463 0.853303288381905 0.4325655940628027 0.8156673437499999 0.44059193269230773 0.8392635890219412 0.5512360285333514
0 0.8619101940621944 0.252923664287958 0.7917530302450698 0.24569720745964746 0.7861137640674909 0.3004453268255357 0.8562709278846155 0.30767178365384623
0 0.8447035769230768 0.2314482644230769 0.8095564469098757 0.134075753013276 0.7448641873535281 0.1574267709191965 0.7800113173667292 0.25479928232899735
0 0.7373171706730768 0.24183775000000005 0.6934158962031567 0.10613768339278208 0.6630241610576922 0.11596992548076929 0.7069254355276124 0.25166999208798724
0 0.6984113004807692 0.23550796874999996 0.6700415259440613 0.13695599238783435 0.631309184793271 0.14810572095024005 0.6596789593299788 0.24665769731240567
0 0.8008654903846154 0.43704260096153835 0.7760204258586861 0.35187287466967104 0.7469395694460096 0.36035612083587626 0.7717846339719389 0.4455258471277436
0 0.7637515961538462 0.42660677163461536 0.7531331977606599 0.3497424632270424 0.7308755285928249 0.35281724271083886 0.7414939269860112 0.4296815511184119
0 0.7426268966346155 0.421833920673077 0.716806792021385 0.24837204274583863 0.6981714576764453 0.2511459449313707 0.7239915622896758 0.4246078228586091
0 0.7225969675521492 0.4173458846186354 0.7127065329447387 0.3699358346812916 0.6904635865384615 0.3745760408653846 0.7003540211458718 0.4219860908027285
0 0.7059281418269231 0.4322011129807693 0.6549684387776443 0.24076501052813748 0.6256198967765414 0.24857750235253387 0.6765795998258202 0.4400136048051657
0 0.6715750432692308 0.4166478798076922 0.6610897020536532 0.32647550343684506 0.6365066819999399 0.3293340435324558 0.6469920232155175 0.419506419903303
0 0.6470120865384617 0.4221704543269231 0.6346390758235645 0.3056397470666139 0.6058119879807692 0.3087005528846154 0.6181849986956665 0.4252312601449245
0 0.6497076682692308 0.31205687980769226 0.6462363204640931 0.27840677745883347 0.6197241311477055 0.28114177746681884 0.6231954789528432 0.3147918798156777
0 0.7624266048483962 0.23657772653082648 0.7215632731600745 0.23507173989211796 0.7185106995616786 0.3179000494189838 0.7593740312500002 0.31940603605769236
0 0.6056301274038461 0.23176876442307698 0.5600364404309237 0.09101291006786329 0.5096077980769231 0.1073477740384616 0.5552014850498457 0.24810362839367528
0 0.6216697860576923 0.4016816706730768 0.5841985543522719 0.2604809227714257 0.5540741274736845 0.26847521031122523 0.591545359179105 0.4096759582128763
0 0.7087246322115385 0.6505873990384615 0.6155944366774317 0.3838250568633172 0.5547944747743229 0.4050511125889231 0.6479246703084296 0.6718134547640674
0 0.6819174158653846 0.8618750240384615 0.5961565148173981 0.4152369398623443 0.5397389306827827 0.4260699230354212 0.6254998317307692 0.8727080072115385
0 0.5962969903846154 0.7970108894230771 0.5596644182692307 0.6150637740384617 0.5145419822271002 0.6241485616089655 0.5511745543424849 0.8060956769935809
0 0.5453305759045255 0.7497035514649378 0.5358451631410273 0.6629003998636526 0.5184419375 0.6648021370192307 0.5279273502634984 0.751605288620516
0 0.5425454615384615 0.8162378245192309 0.5118863768467707 0.6469803997458119 0.47633614200496244 0.6534199261788979 0.5069952266966532 0.8226773509523169
0 0.5049435865384615 0.7839573028846154 0.48509931324551253 0.6680926261240823 0.45569298331232433 0.673129081272038 0.47553725660527335 0.788993758032571
0 0.4711538461538463 0.6899038461538461 0.4375000000000001 0.6899038461538461 0.4375000000000001 0.78125 0.4711538461538463 0.78125
0 0.34855769230769246 0.6346153846153846 0.2908653846153847 0.6346153846153846 0.2908653846153847 0.7764423076923077 0.34855769230769246 0.7764423076923077
0 0.43370224759615383 0.8057939831730772 0.4030823200927768 0.6107119089870685 0.36370365489004375 0.6168927530175546 0.39432358239342086 0.8119748272035634
0 0.3909939158653846 0.8045512956730769 0.37172737740384615 0.6033580817307691 0.33791964912081657 0.6065955562185966 0.35718618758235504 0.8077887701609043
0 0.3941560649038462 0.5821801971153846 0.3629331182831942 0.5074411316932269 0.3326396514423076 0.5200965120192308 0.3638625980629596 0.5948355774413885
0 0.5552884615384616 0.5528846153846154 0.5024038461538461 0.5528846153846154 0.5024038461538463 0.6081730769230769 0.5552884615384617 0.6081730769230769
0 0.44711538461538475 0.6129807692307693 0.4134615384615386 0.6129807692307693 0.4134615384615386 0.6658653846153846 0.44711538461538475 0.6658653846153846
0 0.41586538461538464 0.46153846153846156 0.36778846153846156 0.46153846153846156 0.36778846153846156 0.53125 0.41586538461538464 0.53125
0 0.23895535336538462 0.47370959375 0.17264433368237658 0.08683354816645152 0.09330533173076926 0.10043234855769231 0.15961635141377728 0.4873083941412408
0 0.3145675985576923 0.3657176826923077 0.26574596909903303 0.10799682174728828 0.17762248930250976 0.12469058825674958 0.22644411876116902 0.382411449201769
0 0.4113407235576923 0.337347076923077 0.39170676980454533 0.15074323650156768 0.2988308539391607 0.16051539034772155 0.3184648076923076 0.34711923076923085
0 0.5159006298076922 0.37573406009615395 0.4430156681140059 0.08670695399947682 0.3553391904710834 0.10881663360961089 0.4282241521647698 0.39784373970628795