0 0.6490384615384616 0.8341346153846154 0.37259615384615397 0.8341346153846154 0.37259615384615397 0.9110576923076923 0.6490384615384616 0.9110576923076923
2 0.9729623052884614 0.9652906129807691 0.9690151971153846 0.01026905048076923 0.023164038721866034 0.01417825733473413 0.027111146894942893 0.9691998198347339
0 0.23500805448579912 0.4650565662234557 0.23278767202341838 0.39342557697304437 0.06290691321069615 0.39869145786497323 0.06512729567307692 0.47032244711538457
0 0.20855853627484305 0.5150343233375869 0.20479239891603834 0.45713078808577357 0.06512729567307692 0.4662148269230769 0.06889343303188163 0.5241183621748903
0 0.2328794158653847 0.5237215024038462 0.10065127403846161 0.5175600745192308 0.09787767440184147 0.5770832780672025 0.23010581622876455 0.5832447059518179
0 0.6544612086566091 0.13518930817687258 0.6492993894230769 0.06161429326923077 0.46849123124723707 0.07429929278466589 0.4736530504807692 0.14787430769230772
0 0.5484092875185146 0.6066124066873056 0.5196232765489655 0.5345478111639983 0.31066533999198936 0.6180155030343852 0.33945135096153845 0.6900800985576925
0 0.5664101057692307 0.6859724783653844 0.5161546528922537 0.6001206526240838 0.3582703019307153 0.692542094931776 0.40852575480769227 0.7783939206730768
0 0.8504399897236391 0.4151868439720575 0.8402257332926651 0.33488130878234545 0.6473258341346153 0.35941671634615385 0.6575400905655893 0.43972225153586586
0 0.8480272118218386 0.46966385524716614 0.8331489347080788 0.4080085204341825 0.6857335233670093 0.44358187912932406 0.7006118004807692 0.5052372139423077
0 0.9403020595484303 0.5349868010934251 0.9121957755817849 0.44458006693458213 0.7104795745192309 0.5072910240384616 0.7385858584858761 0.5976977581973046
0 0.9914609285946222 0.11900083796806762 0.9234939820285629 0.03063883808503651 0.7925027577608638 0.13139565155927665 0.8604697043269229 0.21975765144230777