2 0.9726482596153846 0.04525111298076935 0.030408983173076925 0.031185456730769227 0.01613310805664918 0.9875070105355278 0.9583723844989568 1.001572666785528
0 0.6686871971153848 0.7676743990384616 0.5975378215059177 0.7594034762219045 0.5788450594866869 0.9202051637219046 0.649994435096154 0.9284760865384617
0 0.5831920384615386 0.9170897331730768 0.5823568317307694 0.7735302427884617 0.5293622708422171 0.7738385568806175 0.5301974775729863 0.9173980472652327
0 0.5336538461538463 0.7692307692307693 0.45913461538461553 0.7692307692307693 0.45913461538461553 0.8966346153846154 0.5336538461538463 0.8966346153846154
0 0.1971153846153847 0.30528846153846156 0.09134615384615388 0.30528846153846156 0.0913461538461539 0.5913461538461539 0.1971153846153847 0.5913461538461539
0 0.3629807692307693 0.40384615384615385 0.26682692307692313 0.40384615384615385 0.26682692307692313 0.5889423076923077 0.3629807692307694 0.5889423076923077
0 0.5192307692307693 0.03605769230769236 0.4495192307692308 0.03605769230769236 0.4495192307692308 0.24038461538461545 0.5192307692307693 0.24038461538461545
0 0.65625 0.1177884615384616 0.5817307692307693 0.1177884615384616 0.5817307692307693 0.3245192307692309 0.65625 0.3245192307692309
0 0.5889423076923077 0.13942307692307698 0.5240384615384616 0.13942307692307698 0.5240384615384616 0.27644230769230776 0.5889423076923077 0.27644230769230776
0 0.9615384615384616 0.04086538461538473 0.8149038461538461 0.04086538461538472 0.8149038461538461 0.14663461538461547 0.9615384615384616 0.14663461538461547
0 0.4423076923076924 0.4182692307692308 0.3629807692307692 0.4182692307692308 0.3629807692307693 0.6610576923076923 0.44230769230769246 0.6610576923076923
0 0.9471153846153846 0.3317307692307694 0.8894230769230769 0.3317307692307694 0.8894230769230769 0.5456730769230771 0.9471153846153846 0.5456730769230771