2 0.9773844639423077 0.02748331490384627 0.016242008310025927 0.019459620047541 0.008375736675410457 0.9617446609129255 0.9695181923076922 0.9697683557692307
0 0.25511184114031554 0.40696463435562796 0.24778761057692306 0.33568904567307695 0.08621783777170283 0.3522918446113069 0.0935420683350953 0.42356743329385793
0 0.23992133894230777 0.4220651754807693 0.09636184855769238 0.4220651754807693 0.09636184855769238 0.47506870913461535 0.23992133894230777 0.47506870913461535
0 0.24278846153846162 0.4735576923076923 0.11538461538461545 0.4735576923076923 0.11538461538461545 0.5432692307692307 0.24278846153846162 0.5432692307692307
0 0.6971153846153846 0.8052884615384616 0.41105769230769246 0.8052884615384616 0.41105769230769246 0.9110576923076923 0.6971153846153846 0.9110576923076923
0 0.6033653846153848 0.6418269230769231 0.42067307692307704 0.6418269230769231 0.42067307692307704 0.7355769230769231 0.6033653846153848 0.7355769230769231
0 0.9759615384615384 0.48317307692307704 0.7716346153846154 0.48317307692307704 0.7716346153846154 0.5504807692307694 0.9759615384615384 0.5504807692307694
0 0.8966346153846154 0.3461538461538463 0.6899038461538461 0.3461538461538463 0.6899038461538461 0.4182692307692309 0.8966346153846154 0.4182692307692309
0 0.8725961538461539 0.4134615384615386 0.7379807692307693 0.4134615384615386 0.7379807692307693 0.4759615384615386 0.8725961538461539 0.4759615384615386
0 0.9783653846153846 0.04086538461538473 0.875 0.04086538461538472 0.875 0.18750000000000014 0.9783653846153846 0.18750000000000014
0 0.591346153846154 0.5625000000000001 0.3509615384615386 0.5625 0.3509615384615386 0.6394230769230769 0.591346153846154 0.6394230769230769
0 0.6899038461538461 0.055288461538461606 0.47596153846153844 0.05528846153846159 0.47596153846153844 0.1129807692307693 0.6899038461538461 0.1129807692307693