0 0.6490384615384616 0.0913461538461539 0.37259615384615385 0.09134615384615388 0.37259615384615385 0.17067307692307698 0.6490384615384616 0.17067307692307698
2 0.9747732836538465 0.995368514423077 0.9731642379807693 0.040369915865384624 0.02730887952977554 0.041963556394460665 0.02891792520285264 0.996962154952153
0 0.23816997480993585 0.5343367881137336 0.06820887019230776 0.5300564519230768 0.06640284340113256 0.6017691153038633 0.23636394801876068 0.6060494514945202
0 0.21196626098539212 0.4862205626126767 0.07232932562669546 0.47632971347454856 0.06823276682692314 0.5341640721153846 0.2078697021856198 0.5440549212535127
0 0.23565032211538467 0.4776333509615385 0.2332205539135739 0.4180658617377007 0.10102825824049695 0.42345800837231606 0.1034580264423077 0.4830254975961539
0 0.6603391797232698 0.8686825349504026 0.47861057211538466 0.8548813245192306 0.4730301496036533 0.9283620107226741 0.6547587572115385 0.9421632211538461
0 0.5510658120857834 0.3967268821996549 0.3412544110576924 0.3118947716346154 0.31228335794012285 0.38354755975187244 0.5220947589682139 0.46837967031691197
0 0.5682370649038462 0.31732279807692315 0.40981502163461536 0.22398281250000002 0.3595732605623959 0.3092560466590734 0.5179953038316268 0.40259603223599655
0 0.8547000656395164 0.5898748728877263 0.6617023563087495 0.5642231803864517 0.651052639423077 0.6443493149038461 0.844050348753844 0.6700010074051208
0 0.8515930579275497 0.5353883871918275 0.7034902451923076 0.49883882692307707 0.6883347229502162 0.5602506594053509 0.8364375356854582 0.5968002196741012
0 0.9435618819788402 0.46866953316404675 0.7408871273684513 0.406727664988215 0.7133460721153846 0.49684242548076935 0.9160208267257735 0.5587842936566011
0 0.9968479370516253 0.8869690752689638 0.8650090216346153 0.7852484158653846 0.7972941462059013 0.8730128462816259 0.9291330616229113 0.9747335056852051