2 0.9754088485576923 0.9808024687500001 0.9722290108010507 0.013737231538398868 0.030010108761310127 0.01683537127545137 0.033189946517951735 0.9839006084870525
0 0.4242250379683596 0.09730242456835382 0.3527884162009134 0.09036896132469668 0.3371306322115385 0.2516937067307693 0.40856725397898475 0.2586271699744264
0 0.47669662710943483 0.24359074074724843 0.4733493334131026 0.10008984721665928 0.42011370389982167 0.10133161848864163 0.4234609975961539 0.24483251201923079
0 0.5456730769230769 0.12259615384615391 0.4735576923076923 0.12259615384615391 0.4735576923076923 0.2475961538461539 0.5456730769230769 0.2475961538461539
0 0.9158653846153846 0.42067307692307704 0.8076923076923077 0.42067307692307704 0.8076923076923077 0.7067307692307693 0.9158653846153846 0.7067307692307693
0 0.7379807692307693 0.42788461538461553 0.6442307692307693 0.42788461538461553 0.6442307692307693 0.6105769230769232 0.7379807692307693 0.6105769230769232
0 0.5552884615384617 0.7788461538461539 0.4879807692307694 0.7788461538461539 0.4879807692307694 0.9807692307692307 0.5552884615384617 0.9807692307692307
0 0.42307692307692324 0.6947115384615384 0.3509615384615386 0.6947115384615384 0.3509615384615386 0.9014423076923077 0.42307692307692324 0.9014423076923077
0 0.4807692307692309 0.7427884615384616 0.4182692307692309 0.7427884615384616 0.4182692307692309 0.8774038461538461 0.4807692307692309 0.8774038461538461
0 0.19230769230769246 0.875 0.045673076923077024 0.875 0.04567307692307703 0.9807692307692307 0.19230769230769246 0.9807692307692307
0 0.6418269230769231 0.3557692307692309 0.5625 0.3557692307692309 0.5625000000000001 0.5985576923076924 0.6418269230769231 0.5985576923076924
0 0.1177884615384616 0.47596153846153844 0.057692307692307744 0.47596153846153844 0.05769230769230776 0.6923076923076923 0.1177884615384616 0.6923076923076923