2 0.9798520490330003 0.03267862686623736 0 0 -0.033212920328085 0.9958725674446035 0.9466391287049152 1.028551194310841
0 0.48285043102944347 0.08203655316837435 0.1390524964211684 0.035657575247989036 0.12783791875710956 0.11878895957961476 0.4716358533653846 0.16516793750000008
0 0.83401840988093 0.24122343365346927 0.04449691105769234 0.21451207451923077 0.040931371369070116 0.31990058076960776 0.8304528701923076 0.34661193990384626
0 0.7484199585199248 0.35330387095684335 0.15693856730769234 0.31343353125 0.15008961921273173 0.4150385182487025 0.7415710104249642 0.45490885795554586
0 0.7494340673076922 0.43299167307692316 0.15690266105769238 0.4227716778846154 0.1555044195055921 0.5038384511612561 0.7480358257555919 0.514058446353564
0 0.7832877341822986 0.5630248647125294 0.7778691831370359 0.48027551653939204 0.16599523557692308 0.5203419375 0.17141378662218573 0.6030912856731374
0 0.7287813584482041 0.6926629786258237 0.7261219182692309 0.5795620384615383 0.16230618359906648 0.5928195252352215 0.16496562377803972 0.7059204653995068
0 0.7304436504681237 0.7407398631647637 0.7246585129141203 0.667411135233783 0.16329303846153845 0.7116990504807693 0.16907817601554187 0.78502777841175
0 0.728502858173077 0.7923666730769233 0.713003101772467 0.7009929738418437 0.18857213542631301 0.7899524041303051 0.20407189182692312 0.8813261033653847
0 0.5581562971772058 0.8615731718391122 0.5429459366955047 0.8070188986369224 0.17774929576829893 0.9088399335285795 0.19295965625000003 0.9633942067307693
0 0.9571589325208631 0.40048988596361307 0.9542483192063665 0.34777290420391804 0.8342208173076925 0.3543998701923077 0.8371314306221891 0.40711685195200265
0 0.9619047907374306 0.437358880011577 0.9550207992444026 0.39394339558138647 0.8861617932692307 0.40486173076923077 0.8930457847622588 0.4482772151994213
0 0.945618295283847 0.5207985613762975 0.9382423180808716 0.46255060981812607 0.8502767752008707 0.4736897455572132 0.8576527524038462 0.5319376971153846