2 1.0054851354348366 0.978120067123623 0.980524448664139 -0.024412731111833782 0 0 0.024960686770697585 1.0025327982354568
0 0.49292081504542096 0.08559030021212521 0.1456925673076923 0.037109375 0.13419067053150208 0.11948782478787481 0.4814189182692307 0.16796875000000003
0 0.855089554388019 0.24642550239343206 0.057010134615384636 0.21484375 0.05284963311198109 0.31998074760656814 0.8509290528846155 0.3515625000000001
0 0.7739435326916095 0.35812102693049436 0.1752533774038462 0.314453125 0.16787708688580877 0.4155826118876584 0.7665672421735721 0.45925051381815274
0 0.7782404036807831 0.4375766138318791 0.18158783894230776 0.42382812500000006 0.17972215138060127 0.5047946430155459 0.7763747161190765 0.5185431318474248
0 0.8124216536475501 0.5680099756671951 0.8074431747090564 0.48488582254426393 0.1963682427884615 0.5214843749999999 0.2013467217269553 0.6046085281229311
0 0.762246622596154 0.697265625 0.7601351346153847 0.583984375 0.19812891134668142 0.5944598013000226 0.20024039932745077 0.7077410513000226
0 0.7704401920606592 0.7454922379577416 0.7650275919897378 0.6717638475864347 0.2048141899038462 0.7128906250000001 0.21022678997476751 0.786619015371307
0 0.7749155408653846 0.796875 0.7596263417221281 0.7044636243776452 0.23648648557692306 0.791015625 0.25177568472017975 0.8834270006223547
0 0.6081081081730769 0.865234375 0.5927089765393432 0.8097420088728373 0.23375627461626636 0.9093513838728374 0.24915540625000002 0.96484375
0 0.9797297307692309 0.40625 0.97710743875841 0.35333167386430847 0.8551520264423077 0.35937500000000006 0.8577743184531286 0.4122933261356916
0 0.985465000544212 0.44345174974868756 0.9787003233300775 0.399572762582526 0.9100506754807693 0.41015625000000006 0.9168153526949039 0.4540352371661616
0 0.9694391710116048 0.5337620395369206 0.9669924666256755 0.47491884069820006 0.8804898653846153 0.47851562499999994 0.8829365697705446 0.5373588238387204