2 0.9763833628412134 0.00909725944311142 7.172414371827183e-19 0.005859375 -0.0032964562141340535 0.9999050428936471 0.9730869066270794 1.0031429273367587
0 0.46671305374911964 0.16222738676763035 0.12105856009615386 0.07552083173076926 0.09916296214069548 0.16280733297978559 0.4448174557936613 0.2495138880166467
0 0.777625469647472 0.3609090410112278 0.023930180288461562 0.2330729182692307 0.007847503910220325 0.32789304552723375 0.7615427932692308 0.4557291682692309
0 0.699667748919318 0.45233197875491776 0.13372747836538468 0.3489583317307693 0.1165962030119967 0.44274701857245025 0.6825364735659301 0.5461206655965987
0 0.7008090532535559 0.5361459473291545 0.13654279326923083 0.45442708173076923 0.1250402051968897 0.5338520994937236 0.6893064651812149 0.6155709650921091
0 0.7343973610083286 0.6010226630331139 0.1280883811289916 0.552136248947893 0.12105856009615391 0.6393229182692306 0.727367539975491 0.6882093323544516
0 0.5113308476095624 0.6565954448493392 0.14431206372366498 0.6418999876472467 0.140765764423077 0.7304687500000001 0.5077845483089745 0.7451642072020928
0 0.6731583426927922 0.736963547320973 0.6726810282959909 0.6848459113281445 0.5250563052884615 0.6861979182692307 0.5255336196852629 0.7383155542620592
0 0.653404743557377 0.7437103267837066 0.5433558557692308 0.73828125 0.5416598681992839 0.7726593870592 0.65170875598743 0.7780884638429068
0 0.5278716225961539 0.7552083317307692 0.13516966868297678 0.7526043924510156 0.13469463985748997 0.8242438309679543 0.527396593770667 0.8268477702477077
0 0.6685542209553457 0.7961081999354569 0.5335022524038462 0.7786458317307692 0.5276602267972763 0.8238273929742055 0.6627121953487758 0.8412897611788932
0 0.5489864855769232 0.8333333317307694 0.14076576442307703 0.8190104182692307 0.13759769692697194 0.9093042541844525 0.5458184180808181 0.9236271676459912
0 0.9754618153174213 0.4925507027627176 0.7939189182692308 0.46875000000000006 0.7883332303556556 0.5113555472372826 0.9698761274038462 0.5351562500000001
0 0.9150305106114014 0.5248643532408368 0.8433853420169363 0.5216370911103325 0.841779278846154 0.557291668269231 0.9134244474406192 0.5605189303997353
0 0.9754434858973285 0.6087195947052971 0.8037725216346155 0.5820312500000001 0.7954380925793788 0.6356418987041774 0.9671090568420918 0.6623302434094744
0 0.5084270696581595 0.9497200376425732 0.5029656390249145 0.8935115892701817 0.14498873798076922 0.9282940120192307 0.15045016861401425 0.9845024603916221