2 1.0105037613165044 0.9462304572115585 0.957687660359883 -0.020803262116277185 -0.023681468745083097 0.032795790287549066 0.02913463221153847 0.9998295096153846
0 0.251137685096154 0.5454315889423078 0.16270646446635986 0.5284876283406117 0.09597842067307708 0.8767440072115384 0.18440964130287119 0.8936879678132346
0 0.46127932211538486 0.22519684134615392 0.3662867510572095 0.21085713513200885 0.25188597755911274 0.9686985750708872 0.3468785486172881 0.9830382812850323
0 0.521576778846154 0.29669013701923086 0.42474231265373785 0.28722258449748306 0.3691210480769231 0.8561188701923077 0.46595551426933923 0.8655864227140555
0 0.590456137019231 0.28905150961538467 0.508869966245412 0.28410190487670467 0.47452427163461547 0.8502347283653848 0.5561104424084345 0.8551843331040648
0 0.6597805072115384 0.8603390432692309 0.6547084519230769 0.2505580721153846 0.5684192451891027 0.25127581118573317 0.5734913004775641 0.8610567823395794
0 0.7544851417912247 0.4705100405339522 0.6658377755739353 0.46954087184916765 0.6618202828211722 0.8370105981421385 0.7504676490384617 0.8379797668269232
0 0.7493687123770703 0.45328660029467943 0.7445770090468634 0.30558737181073137 0.6924606524390241 0.307278146516052 0.697252355769231 0.4549773750000001
0 0.785449463942308 0.32563611057692327 0.7509058070007714 0.32501015145017853 0.7489097596153846 0.4351623533653847 0.7834534165569214 0.43578831249212946
0 0.8401806381334761 0.8424525811956587 0.8378952430489933 0.4497368161961977 0.7661972427884614 0.4501540600961539 0.7684826378729441 0.842869825095615
0 0.8359358413461541 0.3114896105769232 0.7902901701297625 0.3112189211038834 0.789496460995147 0.445060055719268 0.8351421322115387 0.4453307451923078
0 0.9299314607087804 0.8343306854157638 0.9251113318001731 0.4258069696923647 0.8341891883990851 0.42687975062275463 0.8390093173076922 0.8354034663461538
0 0.535857391826923 0.014552415865384685 0.49319805503283 0.009694706576522117 0.47240307760514155 0.19231163421918845 0.5150624143992346 0.19716934350805104
0 0.5621173033878158 0.07025947912725318 0.5264896869965764 0.06969188226394034 0.5253466792818375 0.14143759304053338 0.560974295673077 0.14200518990384622
0 0.6452323918269232 0.011369927884615466 0.5905461803217897 0.010094003684004973 0.5865984951923077 0.17929209855769235 0.6412847066974412 0.18056802275830286
0 1.0043144501149928 0.8212224790469153 0.9611931440392962 0.46420069315896534 0.9050733141166111 0.4709788799774348 0.9481946201923077 0.8280006658653848