2 1.0046224962208288 0.12045218216768441 0 0 -0.11372512082503694 0.9485159397711265 0.8908973753957918 1.0689681219388107
0 0.19881947596153846 0.4804417043269231 0.12270263428934466 0.12896238199819438 0.04237950594708088 0.14635726828093618 0.11849634761927465 0.49783659060966495
0 0.40609251201923074 0.8488837211538461 0.30041889096564317 0.044991391798546596 0.19694203535796923 0.05859367860736779 0.30261565641155685 0.8624860079626674
0 0.48089353846153843 0.7660698701923077 0.4278482357304496 0.16441653021390723 0.3256838725961538 0.17342394230769229 0.3787291753272426 0.7750772822860927
0 0.5400285288461539 0.7741749254807692 0.5186643650459848 0.17614981438164184 0.43546480288461537 0.1791220793269231 0.4568289666847845 0.7771471904260504
0 0.6408595178094412 0.80245525900876 0.6165551070214292 0.19006063844737164 0.5333787719042958 0.19336169915015014 0.5576831826923078 0.8057563197115385
0 0.7461126081730769 0.7581900504807694 0.738880629848463 0.19346619539742174 0.6255012641228244 0.19491815657810405 0.6327332424474382 0.7596420116614517
0 0.8001309914967695 0.20135789849907373 0.7260157139423078 0.2006667139423078 0.720778377311529 0.762262968136056 0.7948936548659907 0.762954152692822
0 0.900092197761349 0.24139565060702678 0.8061703677884616 0.2318844903846155 0.7526120137771127 0.760768296508358 0.8465338437500001 0.7702794567307693
0 0.9808103533653847 0.2435421105769232 0.9237111279321646 0.23137580215247838 0.8471044885090877 0.5909080136909399 0.9042037139423077 0.6030743221153847
0 0.46903393509615393 0.9773662379807693 0.4672171940103429 0.8522908054402298 0.4141756322115384 0.8530612427884616 0.4159923732973495 0.9781366753290011
0 0.5123523319088131 0.9080163405748729 0.46847494711538473 0.9076644567307693 0.46791603103342855 0.9773572727158434 0.511793415826857 0.9777091565599468
0 0.5943447152251274 0.8811268743877233 0.5349399783653846 0.8777059423076923 0.5299823367204038 0.9637957536442339 0.5893870735801466 0.9672166857242649