2 1 6.255707808144532e-17 0.021634615384615384 2.6494762481553317e-18 0.021634615384615443 0.9831730769230769 1 0.9831730769230769
0 0.16826923076923084 0.4254807692307692 0.09615384615384623 0.4254807692307692 0.09615384615384623 0.5913461538461539 0.16826923076923084 0.5913461538461539
0 0.21153846153846162 0.35336538461538464 0.1538461538461539 0.35336538461538464 0.1538461538461539 0.5144230769230769 0.21153846153846162 0.5144230769230769
0 0.2596153846153847 0.4639423076923077 0.18269230769230776 0.4639423076923077 0.18269230769230776 0.5625 0.2596153846153847 0.5625
0 0.24038461538461545 0.32211538461538464 0.19230769230769237 0.32211538461538464 0.19230769230769237 0.3870192307692308 0.24038461538461545 0.3870192307692308
0 0.39903846153846156 0.2716346153846155 0.32211538461538464 0.2716346153846155 0.32211538461538464 0.38461538461538464 0.39903846153846156 0.38461538461538464
0 0.5360576923076923 0.3245192307692308 0.47596153846153844 0.3245192307692308 0.47596153846153844 0.3942307692307692 0.5360576923076923 0.3942307692307692
0 0.16105769230769235 0.06009615384615386 0.0889423076923077 0.06009615384615386 0.08894230769230771 0.31971153846153844 0.16105769230769237 0.31971153846153844
0 0.21394230769230774 0.03125000000000002 0.14423076923076922 0.031250000000000014 0.14423076923076925 0.3245192307692308 0.21394230769230776 0.3245192307692308
0 0.2764423076923077 0.002403846153846183 0.20432692307692307 0.0024038461538461783 0.2043269230769231 0.31971153846153844 0.27644230769230776 0.31971153846153844
0 0.32211538461538464 0.2572115384615385 0.27163461538461536 0.25721153846153844 0.2716346153846154 0.3245192307692308 0.32211538461538464 0.3245192307692308
0 0.3870192307692308 4.342197184476793e-17 0.32211538461538464 3.9447757472534934e-17 0.32211538461538464 0.2692307692307693 0.3870192307692308 0.2692307692307693
0 0.4495192307692308 0.03125000000000005 0.38221153846153844 0.03125000000000004 0.38221153846153844 0.264423076923077 0.4495192307692308 0.264423076923077
0 0.5120192307692307 0.21394230769230776 0.4495192307692308 0.21394230769230776 0.4495192307692308 0.264423076923077 0.5120192307692307 0.264423076923077
0 0.139423076923077 0.6490384615384616 0.0817307692307693 0.6490384615384616 0.08173076923076932 0.8605769230769231 0.13942307692307704 0.8605769230769231
0 0.3197115384615386 0.6802884615384616 0.2548076923076924 0.6802884615384616 0.2548076923076924 0.8677884615384616 0.3197115384615386 0.8677884615384616
0 0.25000000000000006 0.5865384615384616 0.18990384615384623 0.5865384615384616 0.18990384615384623 0.6802884615384616 0.25000000000000006 0.6802884615384616
0 0.35576923076923084 0.4375 0.29807692307692313 0.4375 0.29807692307692313 0.6057692307692307 0.3557692307692309 0.6057692307692307
0 0.4158653846153847 0.4495192307692308 0.3557692307692308 0.4495192307692308 0.35576923076923084 0.6033653846153846 0.41586538461538475 0.6033653846153846
0 0.39663461538461553 0.65625 0.33413461538461553 0.65625 0.33413461538461553 0.7307692307692307 0.39663461538461553 0.7307692307692307
0 0.5673076923076924 0.6201923076923077 0.512019230769231 0.6201923076923077 0.512019230769231 0.7139423076923077 0.5673076923076924 0.7139423076923077
0 0.5384615384615384 0.4951923076923077 0.4879807692307692 0.4951923076923077 0.4879807692307692 0.5456730769230769 0.5384615384615384 0.5456730769230769
0 0.7307692307692307 0.6153846153846154 0.6514423076923077 0.6153846153846154 0.6514423076923077 0.8629807692307693 0.7307692307692307 0.8629807692307693
0 0.7692307692307693 0.4399038461538463 0.7043269230769231 0.4399038461538463 0.7043269230769231 0.5817307692307694 0.7692307692307693 0.5817307692307694
0 0.17417428103793708 0.8803023582896393 0.16321767548076924 0.6450596057692307 0.12093600021206291 0.6470289061334376 0.1318926057692308 0.8822716586538462
0 0.23061688461538463 0.8357932524038463 0.2033311864073491 0.6476700370385138 0.15010911111699538 0.6553894537067744 0.1773948093250309 0.8435126690721069
0 0.35615896153846166 0.7585877403846154 0.31182194257184004 0.7562946976346262 0.3043902166103016 0.8999904812884724 0.34872723557692314 0.9022835240384615
0 0.3977452692307693 0.7416885288461538 0.3511037444219402 0.7416877353325995 0.3511007973065556 0.914914713697984 0.3977423221153847 0.9149155072115385
0 0.46801270847605125 0.9085727906327647 0.4659305841346154 0.7326873125000001 0.39540366652394876 0.7335222069633893 0.3974857908653846 0.909407685096154
0 0.6117345801247935 0.8316360992615673 0.6095882847303691 0.6536117590020653 0.5471214329709602 0.6543648712789595 0.5492677283653845 0.8323892115384616
0 0.6744764955044986 0.6515888068656148 0.614041339081765 0.6478840817238455 0.601015608173077 0.8603727427884615 0.6614507645958105 0.8640774679302309
0 0.7113816706730769 0.5872998413461538 0.6975416224032285 0.4205807784720247 0.6333729510457601 0.4259076888666081 0.6472129993156085 0.5926267517407372
0 0.6530123461538461 0.5904415 0.6456970100926837 0.49173752934940906 0.5893935004772991 0.49591040194556296 0.5967088365384614 0.5946143725961538
0 0.5983754086681811 0.5901592455906604 0.5978918245192308 0.44672337740384627 0.527424264408742 0.44696095392857055 0.5279078485576923 0.5903968221153847
0 0.727673849642655 0.4182312697358388 0.7243226177884616 0.17198612740384614 0.6578246960304219 0.1728911196872381 0.6611759278846154 0.41913626201923077
0 0.6708438942307692 0.06351805769230777 0.5989768939176032 0.05976277142822224 0.5804124272964032 0.4150412867412051 0.6522794276095691 0.41879657300529066
0 0.5978705961538463 0.18633212980769243 0.5394226900381228 0.18552677482601612 0.5361740384615385 0.42129471153846176 0.5946219445772619 0.422100066520138