2 1 0.021634615384615443 0.01682692307692308 0.021634615384615384 0.01682692307692314 0.9591346153846154 1 0.9591346153846154
0 0.5697115384615384 0.07692307692307697 0.40384615384615385 0.07692307692307696 0.40384615384615385 0.13942307692307698 0.5697115384615384 0.13942307692307698
0 0.6394230769230769 0.13701923076923084 0.4807692307692308 0.13701923076923084 0.4807692307692308 0.18750000000000006 0.6394230769230769 0.18750000000000006
0 0.5288461538461539 0.16105769230769237 0.4326923076923077 0.16105769230769237 0.4326923076923077 0.23317307692307698 0.5288461538461539 0.23317307692307698
0 0.6682692307692307 0.17788461538461545 0.6081730769230769 0.17788461538461545 0.6081730769230769 0.22115384615384623 0.6682692307692307 0.22115384615384623
0 0.7139423076923077 0.3076923076923078 0.6057692307692307 0.3076923076923078 0.6057692307692307 0.37980769230769246 0.7139423076923077 0.37980769230769246
0 0.65625 0.45913461538461553 0.5889423076923077 0.45913461538461553 0.5889423076923077 0.5168269230769232 0.65625 0.5168269230769232
0 0.9350961538461539 0.08653846153846162 0.6778846153846154 0.0865384615384616 0.6778846153846154 0.14663461538461547 0.9350961538461539 0.14663461538461547
0 0.9615384615384616 0.14182692307692316 0.6706730769230769 0.14182692307692316 0.6706730769230769 0.19951923076923087 0.9615384615384616 0.1995192307692309
0 0.9879807692307693 0.20432692307692318 0.6730769230769231 0.20432692307692316 0.6730769230769231 0.2596153846153847 0.9879807692307693 0.25961538461538475
0 0.7331730769230769 0.2596153846153847 0.6682692307692307 0.2596153846153847 0.6682692307692307 0.3052884615384616 0.7331730769230769 0.3052884615384616
0 1 0.32211538461538475 0.71875 0.32211538461538475 0.71875 0.3750000000000001 1 0.3750000000000001
0 0.9543269230769231 0.37980769230769246 0.7235576923076923 0.37980769230769246 0.7235576923076923 0.4375000000000001 0.9543269230769231 0.4375000000000001
0 0.7692307692307693 0.4399038461538463 0.71875 0.4399038461538463 0.71875 0.5000000000000001 0.7692307692307693 0.5000000000000001
0 0.3485576923076923 0.05048076923076926 0.13701923076923078 0.050480769230769246 0.13701923076923078 0.09855769230769232 0.3485576923076923 0.09855769230769235
0 0.31009615384615385 0.2211538461538462 0.12500000000000003 0.22115384615384615 0.12500000000000003 0.28125000000000006 0.31009615384615385 0.28125000000000006
0 0.40625 0.16105769230769237 0.31490384615384615 0.16105769230769237 0.31490384615384615 0.21875000000000006 0.40625 0.21875000000000006
0 0.5528846153846154 0.2788461538461539 0.38461538461538464 0.2788461538461539 0.38461538461538464 0.3293269230769231 0.5528846153846154 0.3293269230769231
0 0.5360576923076923 0.33413461538461536 0.38461538461538464 0.33413461538461536 0.38461538461538464 0.3870192307692308 0.5360576923076923 0.3870192307692308
0 0.3317307692307692 0.3028846153846154 0.25721153846153855 0.30288461538461536 0.25721153846153855 0.3629807692307692 0.3317307692307692 0.3629807692307692
0 0.3605769230769231 0.4831730769230769 0.2692307692307693 0.4831730769230769 0.2692307692307693 0.5336538461538461 0.3605769230769231 0.5336538461538461
0 0.4879807692307692 0.4639423076923077 0.4375 0.4639423076923077 0.4375 0.5120192307692307 0.4879807692307692 0.5120192307692307
0 0.36057692307692324 0.6225961538461539 0.11538461538461545 0.6225961538461539 0.11538461538461545 0.6899038461538461 0.36057692307692324 0.6899038461538461
0 0.5336538461538463 0.6826923076923077 0.3942307692307694 0.6826923076923077 0.3942307692307694 0.7403846153846154 0.5336538461538463 0.7403846153846154
0 0.3502974230769231 0.09065269951923079 0.11456268028846153 0.09065269951923077 0.11456268028846153 0.13295729086538463 0.3502974230769231 0.13295729086538463
0 0.3429659943637042 0.13900501171093835 0.15812686077703203 0.13695635838509415 0.1575236826923077 0.1913779206730769 0.3423628162789799 0.1934265739989211
0 0.23243005048076923 0.2759871057692308 0.08888043819395203 0.26885116573425755 0.08667730838625974 0.31317026429194983 0.23022692067307693 0.320306204326923
0 0.24986010780295095 0.3307902822296692 0.07884347522369609 0.3081570885827174 0.07270323798076929 0.35455278125000006 0.24371987056002414 0.3771859748969518
0 0.25671355092610565 0.3669492173214795 0.07821106009615388 0.35455278125 0.07333802747076569 0.4247220183203767 0.25184051830071746 0.43711845439185615
0 0.3280450307615329 0.5189515544755694 0.149812733173077 0.5096696201923078 0.1465692939285902 0.571950348647359 0.32480159151704613 0.5812322829306208
0 0.33199498074749906 0.5804823284192021 0.12007050000000005 0.5600322331730768 0.11426200040712567 0.6202257552729409 0.3261864811546247 0.6406758505190662
0 0.5551883677884616 0.6768734903846153 0.5528507248503043 0.6125343056010932 0.38651452773491957 0.6185778176203242 0.3888521706730769 0.6829170024038462
0 0.4846882572115386 0.56809025 0.3855474783653848 0.56809025 0.3855474783653848 0.6244963725961538 0.4846882572115386 0.6244963725961538
0 0.5343183664878726 0.5018181357699519 0.3921568629807694 0.4995970985576924 0.3909955782236662 0.5739272296146637 0.5331570817307694 0.5761482668269232
0 0.8061531337796247 0.6530209728103517 0.558493060096154 0.6406124110576924 0.5551706078626923 0.7069245898057699 0.8028306815461632 0.7193331515584291
0 0.9169786560932492 0.5946502658080173 0.5640008822115384 0.5761482668269231 0.5602189665029047 0.6482989673650598 0.9131967403846155 0.666800966346154
0 0.7970711396816874 0.5324194053037995 0.5606961899038463 0.5157131346153847 0.5565822430065632 0.573920858491686 0.7929571927844042 0.5906271291801007