0 0.9956662091346153 0.0705148653846155 0.9615031650178829 0.03544347845940812 0.5590047548076923 0.42751725000000007 0.5931677989244248 0.4625886369252074
0 0.9386637548076922 0.03961343028846139 0.902604180720263 0.00569948529110935 0.6587912882829711 0.2649376558725447 0.6948508623704004 0.2988516008698967
0 0.8875746658653848 0.004126848557692442 0.8433945548311834 -0.03280231751373354 0.5516511771992713 0.31622410762517317 0.5958312882334726 0.35315327369659916
0 0.7981262163461538 6.832141690000964e-17 0.7561659678110721 -0.029756340804070056 0.38599152884615384 0.49223699038461544 0.4279517773812354 0.5219933311886856
0 0.7256230264423075 6.832141690000964e-17 0.6771547834935939 -0.03354782895544005 0.4212448530775894 0.3361781731911153 0.46971309602630307 0.36972600214655543
0 0.6458142740384616 1.0248212535001446e-16 0.5876939427599227 -0.03575800051162205 0.35208728226865815 0.34719230328771533 0.4102076135471971 0.3829503037993375
0 0.5418343653846154 6.832141690000964e-17 0.4975285825409531 -0.01905327100352969 0.3790577983483207 0.25643437816625053 0.42336358119198303 0.2754876491697803
0 0.44064913221153845 6.832141690000964e-17 0.3785400182467415 -0.025556036746595047 0.2855644558077157 0.20040348353136478 0.3476735697725127 0.22595952027795987
0 0.36041507451923077 6.832141690000964e-17 0.2983661753325574 -0.021517963380470927 0.22960965400374406 0.17674738287575636 0.2916585531904175 0.19826534625622735
0 0.2680484951923077 4.2700885562506023e-17 0.19924694873309004 -0.014910540052435682 0.1339930542200268 0.28618981172536706 0.20279460067924449 0.30110035177780275
0 0.18181843269230777 4.697097411875662e-17 0.1074189438980812 -0.015911770492615603 0.03637904038095464 0.3162531830000344 0.1107785291751812 0.33216495349265013
1 0.7596153846153846 0.5817307692307693 0.04567307692307699 0.5817307692307693 0.04567307692307702 0.9639423076923077 0.7596153846153846 0.9639423076923077