0 0.891865714403063 0.9360918339331783 0.5350844062500001 0.5189252644230771 0.4975974112763109 0.5509859808921521 0.8543787194293739 0.9681525504022535
0 0.9312569557252102 0.8710936373350558 0.6875115865384613 0.6248215480769232 0.6513656500440204 0.6605966318957137 0.8951110192307691 0.9068687211538463
0 0.9731123309337082 0.8109404553133813 0.637303653846154 0.5241236875 0.5982199647393689 0.5698833619943111 0.9340286418269231 0.8567001298076924
0 0.9814247531530664 0.7330506833158842 0.4826592283653846 0.34473761298076927 0.4504760508399487 0.38607503027129825 0.9492415756276305 0.7743881006064132
0 0.9949038746574408 0.6517082943052641 0.6262747764423077 0.395724560096154 0.5908501758233281 0.446737717713967 0.9594792740384613 0.7027214519230771
0 1.0133835358915932 0.5636160573617072 0.606641201923077 0.34725963221153866 0.5709682958391759 0.41432341859983196 0.9777106298076922 0.6306798437500004
0 1.0131508849511832 0.48029460318897244 0.7156211971153847 0.34817498798076935 0.6953087208180478 0.39391811796487397 0.9928384086538463 0.5260377331730771
0 1.025858533605295 0.35837685029920485 0.775897514423077 0.26060776923076934 0.7500389808177819 0.3267189093161799 1 0.42448799038461554
0 1.0198614882273365 0.2731483627782507 0.8025364687499998 0.20875327644230773 0.7826749805226633 0.275783209337134 0.9999999999999999 0.340178295673077
0 1.0161143595339721 0.17344514950462106 0.7045755216346155 0.10127218750000007 0.6884611621006436 0.17083076876460995 1.0000000000000002 0.24300373076923093
0 1.0142416790451538 0.07871113800353273 0.6777058701923075 0.016240658653846198 0.6634641911471538 0.09296225622723668 1.0000000000000002 0.15543273557692322
1 0.3677884615384616 0.0024038461538461783 0.036057692307692304 0.0024038461538461583 0.03605769230769235 0.7091346153846154 0.3677884615384617 0.7091346153846154