0 0.5089187505300676 0.4336014436195771 0.1511437908653846 0.012254901442307701 0.11335793696993234 0.04433973186119217 0.4711328966346154 0.46568627403846163
0 0.3540623042144106 0.32371005958586596 0.11574074038461538 0.06740196153846155 0.07903470001221248 0.10153213928232953 0.3173562638420077 0.35784023732973397
0 0.39997371036041923 0.425035575724691 0.07625272355769232 0.11642156971153844 0.03583048523125806 0.1588225191980975 0.35955147203398496 0.46743652521125
0 0.5542392249607221 0.6008564576705563 0.05855119711538466 0.2001633990384615 0.025826133212354933 0.240646811560213 0.5215141610576924 0.6413398701923078
0 0.4060366030893833 0.5513501734879469 0.04901960817307692 0.26960784374999996 0.011435083603494486 0.3172340347794807 0.3684520785198009 0.5989763645174276
0 0.4143896506154646 0.6113328868481723 0.029956425480769242 0.3410947716346154 -0.011572845464331434 0.40017315720691354 0.3728603796703639 0.6704112724204705
0 0.3080065363173542 0.5924564267056858 0.01361655769230774 0.4452614399038462 -0.00844226466415824 0.4893790853692864 0.28594771396088825 0.636574072171126
0 0.2522569133844869 0.6651192674576029 0.0027233124999999593 0.5453431370192307 -0.027268528226102092 0.607826137481405 0.22226507265838485 0.7276022679197772
0 0.22007813275888935 0.719499231590691 6.832141690000964e-17 0.6290849687500001 -0.025845711707094828 0.6919962373221318 0.19423242105179445 0.7824105001628225
0 0.31463351476557533 0.8133251450858798 6.832141690000964e-17 0.7271241826923078 -0.018738513363276733 0.7955197569093436 0.2958950014022985 0.8817207193029155
0 0.3382753075467529 0.9066264298505271 1.0248212535001446e-16 0.8149509807692309 -0.020110641634211286 0.8891576909838999 0.3181646659125415 0.9808331400651962
1 0.9639423076923077 0.2908653846153847 0.6394230769230769 0.2908653846153847 0.6394230769230769 0.9879807692307693 0.9639423076923077 0.9879807692307693