2 0.8656463176800767 0.1865678092014006 0.03346266581278975 0.16919005130573292 0.016113593750000123 1.0000000000000002 0.8482972456172871 1.0173777578956678
0 0.75 0.2836538461538462 0.16346153846153852 0.28365384615384615 0.16346153846153852 0.3413461538461539 0.75 0.34134615384615397
0 0.7475961538461539 0.3485576923076924 0.2163461538461539 0.3485576923076923 0.2163461538461539 0.4278846153846155 0.7475961538461539 0.42788461538461553
0 0.7572115384615384 0.43750000000000006 0.1129807692307693 0.4375 0.1129807692307693 0.5120192307692308 0.7572115384615384 0.512019230769231
0 0.7163461538461539 0.5096153846153847 0.3245192307692308 0.5096153846153846 0.32451923076923084 0.5673076923076924 0.7163461538461539 0.5673076923076924
0 0.7572115384615384 0.5961538461538463 0.264423076923077 0.5961538461538461 0.264423076923077 0.6658653846153846 0.7572115384615384 0.6658653846153846
0 0.7283653846153846 0.6706730769230769 0.5961538461538463 0.6706730769230769 0.5961538461538463 0.7331730769230769 0.7283653846153846 0.7331730769230769
0 0.7307692307692307 0.7740384615384616 0.16826923076923084 0.7740384615384616 0.16826923076923087 0.8605769230769231 0.7307692307692307 0.8605769230769231
0 0.7379807692307693 0.8557692307692307 0.5024038461538463 0.8557692307692307 0.5024038461538463 0.9110576923076923 0.7379807692307693 0.9110576923076923
0 0.7307692307692307 0.9134615384615384 0.5312500000000001 0.9134615384615384 0.5312500000000001 0.9831730769230769 0.7307692307692307 0.9831730769230769
0 0.1658653846153847 0.5576923076923077 0.0817307692307693 0.5576923076923077 0.0817307692307693 0.6009615384615384 0.1658653846153847 0.6009615384615384
0 0.22115384615384623 0.71875 0.09134615384615395 0.71875 0.09134615384615395 0.7740384615384616 0.22115384615384623 0.7740384615384616