2 0.9606177596153848 0.9999999999999999 0.9559845552884616 0.1690721658653846 0.12361249473166222 0.17371342311319135 0.1282456990585853 1.0046412572478067
0 0.8293269230769231 0.2836538461538462 0.24278846153846162 0.28365384615384615 0.24278846153846162 0.33894230769230776 0.8293269230769231 0.3389423076923078
0 0.7716346153846154 0.3461538461538462 0.24519230769230776 0.34615384615384615 0.24519230769230776 0.4254807692307693 0.7716346153846154 0.4254807692307694
0 0.8774038461538461 0.43750000000000006 0.23076923076923084 0.4375 0.23076923076923084 0.5072115384615385 0.8774038461538461 0.5072115384615385
0 0.6634615384615384 0.5072115384615385 0.2740384615384616 0.5072115384615384 0.2740384615384616 0.5625000000000001 0.6634615384615384 0.5625000000000001
0 0.71875 0.5937500000000001 0.23076923076923084 0.59375 0.23076923076923084 0.6610576923076923 0.71875 0.6610576923076923
0 0.38461538461538475 0.6682692307692307 0.25721153846153855 0.6682692307692307 0.25721153846153855 0.7283653846153846 0.38461538461538475 0.7283653846153846
0 0.8125 0.7740384615384616 0.2524038461538462 0.7740384615384616 0.25240384615384626 0.8557692307692307 0.8125 0.8557692307692307
0 0.47836538461538475 0.8533653846153846 0.24038461538461553 0.8533653846153846 0.24038461538461553 0.9086538461538461 0.47836538461538475 0.9086538461538461
0 0.44711538461538475 0.9110576923076923 0.2500000000000001 0.9110576923076923 0.2500000000000001 0.9783653846153846 0.44711538461538475 0.9783653846153846
0 0.9038461538461539 0.5576923076923078 0.8221153846153846 0.5576923076923078 0.8221153846153846 0.6009615384615385 0.9038461538461539 0.6009615384615385
0 0.8918269230769231 0.71875 0.7620192307692307 0.71875 0.7620192307692307 0.7716346153846154 0.8918269230769231 0.7716346153846154