2 0.9833333341346153 0.006475658653846217 0.04800759375 0.006475658653846161 0.04800759375000006 1 0.9833333341346153 1
0 0.8197115384615384 0.6947115384615384 0.6802884615384616 0.6947115384615384 0.6802884615384616 1 0.8197115384615384 1
0 0.8413461538461539 0.4062500000000001 0.6995192307692307 0.4062500000000001 0.6995192307692307 0.5889423076923078 0.8413461538461539 0.5889423076923078
0 0.6875 0.5264423076923078 0.5961538461538461 0.5264423076923078 0.5961538461538463 1 0.6875 1
0 0.608173076923077 0.3485576923076924 0.5120192307692307 0.3485576923076923 0.5120192307692308 0.8605769230769231 0.6081730769230771 0.8605769230769231
0 0.5240384615384617 0.5865384615384616 0.44230769230769246 0.5865384615384616 0.44230769230769246 0.8389423076923077 0.5240384615384617 0.8389423076923077
0 0.48257121847245305 0.1466245819644583 0.3782279519230769 0.1371600552884616 0.3128363034509433 0.8580812846548965 0.41717957000031947 0.8675458113308933
0 0.3829031748245555 0.8221409298787454 0.38007482093592115 0.5516083088577395 0.2967532596153846 0.5524794158653846 0.299581613504019 0.8230120368863906
0 0.31562313963039423 0.11954458090273642 0.1967960961538462 0.11823581971153849 0.1881556416196059 0.9027331546741867 0.306982685096154 0.9040419158653846
0 0.23037348105268304 0.8751294177303758 0.22842677889423207 0.6301001389267574 0.14517804807692306 0.6307615312499999 0.14712475023537402 0.8757908100536181
0 0.847892488674677 0.3493044913410436 0.8463429958851967 0.07145760135677885 0.7817501057692307 0.07181782211538462 0.783299598558711 0.34966471209964933
0 0.7887587066260606 0.14546536915740352 0.7435277447266613 0.1444212888370088 0.7392971466346155 0.32769648076923086 0.7845281085340149 0.32874056108962557
0 0.7572597382765822 0.14345044168282553 0.6942126562500002 0.135866045673077 0.6765728074647769 0.2825014523513408 0.7396198894913589 0.29008584836108925