2 1.0175867167310169 0.9516937720644396 1 0.016666665865384622 -0.017586716731016833 0.035806227935560625 2.135044278125301e-18 0.9708333341346156
0 0.35336538461538464 0.20913461538461542 0.016826923076923104 0.2091346153846154 0.01682692307692311 0.3389423076923077 0.35336538461538464 0.3389423076923077
0 0.6418269230769231 0.17307692307692316 0.46875 0.17307692307692316 0.46875 0.3100961538461539 0.6418269230769231 0.31009615384615397
0 0.5144230769230769 0.34134615384615385 0.019230769230769273 0.34134615384615385 0.019230769230769277 0.4182692307692308 0.5144230769230769 0.4182692307692308
0 0.6875 0.4158653846153847 0.18028846153846162 0.41586538461538464 0.18028846153846162 0.4975961538461539 0.6875 0.49759615384615397
0 0.4423076923076924 0.5 0.1971153846153847 0.5 0.1971153846153847 0.5745192307692307 0.44230769230769246 0.5745192307692307
0 0.8904056981920305 0.6249423520089258 0.8859375 0.5208333341346153 0.15646930180796953 0.5521409821256893 0.1609375 0.6562499999999999
0 0.4671875 0.7187499999999999 0.46406250000000004 0.6354166658653846 0.1942076084632227 0.6455362242007101 0.19733260846322265 0.7288695583353254
0 0.8953125 0.6875 0.11562500000000009 0.6875 0.1156250000000001 0.8062499999999999 0.8953125 0.8062499999999999
0 0.38110206981403844 0.8728660999042965 0.37968749999999996 0.7895833341346155 0.13139793018596155 0.7938005683649343 0.1328125 0.8770833341346154
0 0.9828125000000002 0.21875000000000003 0.981844826097922 0.15415775461469497 0.7037198260979216 0.1583244204800795 0.7046874999999998 0.22291666586538458
0 0.9127141385509394 0.24950152828295527 0.9082287816320729 0.20539551858076702 0.7189521430811333 0.2246439902978117 0.7234374999999998 0.26874999999999993
0 0.913257987606789 0.3082482267582958 0.90625 0.24583333413461542 0.7570545123932111 0.26258510737631957 0.7640625000000001 0.32499999999999996