2 0.9724692932692308 0.03395937500000012 0.010625122606226022 0.012937789996930935 -0.010942388475928303 0.9997608486317232 0.9509017821870764 1.0207824336347924
0 0.9254807692307693 0.2764423076923078 0.8173076923076923 0.27644230769230776 0.8173076923076923 0.6009615384615385 0.9254807692307693 0.6009615384615385
0 0.815785617788462 0.18422896394230784 0.7203962320779891 0.18132365664565656 0.6957875326844248 0.9892962662871442 0.7911769183948978 0.9922015735837955
0 0.7195598685418508 0.26921149014773615 0.6539001341762016 0.26723782042214456 0.632803455538197 0.9690788110436391 0.698463189903846 0.9710524807692308
0 0.6690544687500003 0.26460992067307704 0.618236263032672 0.26189070842519413 0.5817336225961541 0.944073091346154 0.6325518283134823 0.9467923035940369
0 0.6310593100961539 0.2617562259615385 0.5655341995342492 0.25717041406748 0.5140998701923079 0.9920980985576923 0.5796249807542125 0.9966839104517509
0 0.5784884903846156 0.2553397932692309 0.5214193238175913 0.2512208011668072 0.4886636794364851 0.7050544766661091 0.5457328460035094 0.7091734687685329
0 0.5293926778846155 0.18033539663461542 0.4529120626692717 0.17657053642000153 0.4202202889884085 0.8406820362010444 0.49670090420375235 0.8444468964156584
0 0.4502950628144217 0.1865830165807991 0.4100531610576923 0.18532921153846157 0.3876231953202656 0.9052373688142988 0.42786509707699505 0.9064911738566364
0 0.4140400889423079 0.18852218509615393 0.3545830122291141 0.1860018003583025 0.32224997355769247 0.9487535865384616 0.3817070502708863 0.9512739712763131
0 0.368071076923077 0.17928254326923082 0.31937464066258503 0.17577904185676177 0.3035955877779696 0.3950978182990695 0.35229202403846155 0.39860131971153845
0 0.32946462569945545 0.886734297066494 0.32684455288461545 0.21601472115384615 0.25670905699285235 0.21628869572196768 0.25932912980769235 0.8870082716346155
0 0.28553727528304723 0.20084988959094213 0.23915834269635605 0.1992051161560973 0.2195273510671551 0.7527551784882321 0.2659062836538463 0.7543999519230771
0 0.24088199038461552 0.1763678774038462 0.17039575690163808 0.17267112929951262 0.13982073699822647 0.7556478241768748 0.21030697048120392 0.7593445722812084
0 0.1704765168269232 0.38843500000000003 0.1333408795994822 0.3871924811834197 0.1251782235576924 0.6311529182692308 0.16231386078513338 0.6323954370858111
0 0.1379381381908557 0.3920331937004383 0.1051696274952514 0.3898590568682152 0.09414539663461542 0.556015860576923 0.12691390733021973 0.5581899974091461
0 0.14423076923076927 0.17307692307692307 0.06490384615384617 0.17307692307692307 0.06490384615384617 0.2956730769230769 0.14423076923076927 0.2956730769230769
0 0.055288461538461606 0.28846153846153844 3.5326349975404423e-17 0.28846153846153844 7.153585870019395e-17 0.8798076923076923 0.05528846153846164 0.8798076923076923
0 0.0865384615384616 0.29086538461538464 0.004807692307692344 0.29086538461538464 0.004807692307692379 0.8677884615384616 0.08653846153846165 0.8677884615384616
0 0.11260131730769239 0.3169128052884616 0.0830651569552183 0.31450178957408287 0.0628269846310848 0.5624296232425776 0.0923631449835589 0.5648406389569562
0 0.10573320335701239 0.9802625933095999 0.10274544471153847 0.5677393317307693 0.034186421642987616 0.5682358802480925 0.037174180288461534 0.980759141826923