2 0.9993208846153847 0.06907444471153851 5.871371764844578e-18 0.04795792307692308 -0.019738421799178864 0.9820614404352332 0.9795824628162058 1.0031779620698487
0 0.34375 0.20913461538461542 0.0024038461538461796 0.2091346153846154 0.0024038461538461887 0.3581730769230769 0.34375 0.3581730769230769
0 0.6346153846153846 0.1971153846153847 0.4567307692307692 0.1971153846153847 0.4567307692307692 0.34375000000000006 0.6346153846153846 0.3437500000000001
0 0.5 0.34134615384615385 0.0024038461538461956 0.34134615384615385 0.0024038461538462017 0.44471153846153844 0.5 0.44471153846153844
0 0.6706730769230769 0.42307692307692313 0.16105769230769237 0.4230769230769231 0.16105769230769237 0.5312500000000001 0.6706730769230769 0.5312500000000001
0 0.42307692307692313 0.5096153846153846 0.17307692307692316 0.5096153846153846 0.17307692307692316 0.5985576923076923 0.42307692307692324 0.5985576923076923
0 0.865703276086063 0.6715738263268499 0.8647151682692308 0.5672633509615383 0.1333401434084562 0.5741914890662669 0.13432825122528838 0.6785019644315786
0 0.4381712548076924 0.6597371514423078 0.16789382489925705 0.6588613182841166 0.1676232527838724 0.7423584264571936 0.43790068269230775 0.7432342596153847
0 0.8672990216346156 0.7344213389423078 0.08724167209411596 0.7026364337062615 0.08240297978642364 0.8213864337062616 0.8624603293269233 0.8531713389423079
0 0.34751444471153853 0.8094819134615386 0.09964322676503182 0.8017441572467212 0.09704208290870131 0.8850691778112185 0.34491330085520805 0.892806934026036
0 0.9757640952775157 0.2056147629162025 0.6974007017000006 0.19758378126505874 0.6955357266147923 0.2622260399834717 0.9738991201923076 0.27025702163461546
0 0.9021676726367105 0.2973535044809262 0.8999900168075666 0.25298737022814327 0.7103091206131639 0.2622976181510632 0.7124867764423077 0.30666375240384613
0 0.8999774515476371 0.35615298480648694 0.8962330600961538 0.29332788461538467 0.7470753729715938 0.3022177195204362 0.7508197644230771 0.3650428197115385