2 1 0.957221516826923 0.9957369062500002 0.021177466346153844 -0.000008280967708289818 0.025712461341357302 0.004254812782291579 0.9617565118221264
0 0.5673076923076923 0.05528846153846159 0.24519230769230768 0.05528846153846157 0.24519230769230768 0.13461538461538466 0.5673076923076923 0.1346153846153847
0 0.9622411682692307 0.22236340624999998 0.9569904566889439 0.12727066072269946 0.15157023793894406 0.17174334101116104 0.15682094951923078 0.2668360865384616
0 0.9453597229503946 0.29010190125692037 0.9439707668269232 0.22448115144230768 0.24221640204960532 0.23933477662769492 0.24360535817307685 0.3049555264423076
0 0.9211327644230768 0.3430749687500001 0.920181502407384 0.29223835835929945 0.2404414521716112 0.30495775261798275 0.24139271418730396 0.35579436300868333
0 0.9713763701923077 0.34095722115384625 0.23903775961538468 0.3409572211538462 0.23903775961538468 0.40660737019230775 0.9713763701923077 0.4066073701923078
0 0.6866626057692307 0.4383735697115386 0.6839532572358175 0.3811064933313069 0.23447015865384613 0.4023718774038461 0.23717950718725928 0.4596389537840778
0 0.8236906201923075 0.5103769591346153 0.8209634074788497 0.4339095358152226 0.16138855048076922 0.45743329086538453 0.16411576319422727 0.5339007141847774
0 0.8891595625 0.5379076658653845 0.8870312026937035 0.497783375451372 0.16839539259754957 0.5359028177590645 0.17052375240384615 0.576027108173077
0 0.9348355673076926 0.6014400673076925 0.9338408505228679 0.5420832833098428 0.1732845538541645 0.554828888161478 0.17427927063898915 0.6141856721593277
0 0.38779815728954714 0.651741474572947 0.38418644841214117 0.6024060192463152 0.16595615144230763 0.6183820408653846 0.16956786031971366 0.6677174961920164
0 0.8754567596153847 0.6692079615384615 0.8724116923076923 0.5993223221153846 0.20279934962533358 0.6284987690987975 0.2058444169330259 0.6983844085218744
0 0.7449550115998809 0.7197578848237328 0.7429963461538461 0.6734434567307692 0.18871076169757847 0.6968845325728458 0.19066942714361307 0.7431989606658095
0 0.7524382663126767 0.7727234864465194 0.7470407044980525 0.7015158535309964 0.16747868509615385 0.7454468437500001 0.1728762469107782 0.816654476665523
0 0.6250000000000001 0.8238034735576925 0.623477466346154 0.7867429062500002 0.3813248258814267 0.7966910956938982 0.3828473595352729 0.8337516630015904
0 0.551157125 0.8608640408653845 0.550395858173077 0.8280389663461538 0.3845534622855349 0.8318851210414818 0.38531472911245795 0.8647101955607125
0 0.29086538461538475 0.84375 0.17067307692307707 0.84375 0.17067307692307707 0.9134615384615384 0.29086538461538475 0.9134615384615384
0 0.8774038461538461 0.9206730769230769 0.28605769230769246 0.9206730769230769 0.28605769230769246 0.9615384615384616 0.8774038461538461 0.9615384615384616
0 0.8629807692307693 0.8918269230769231 0.2884615384615386 0.8918269230769231 0.2884615384615386 0.9254807692307693 0.8629807692307693 0.9254807692307693
0 0.5587414735576924 0.8619229134615385 0.3120910480769232 0.8619229134615385 0.3120910480769232 0.8915713677884616 0.5587414735576924 0.8915713677884616
0 0.9766769182692308 0.8831003822115384 0.9749000685534776 0.8151400984163953 0.5618838291909157 0.8259385787424188 0.563660678906669 0.8938988625375619