0 0.36057692307692313 0.12980769230769235 0.25721153846153844 0.12980769230769235 0.25721153846153855 1 0.36057692307692324 1
0 0.39182692307692313 0.13942307692307696 0.2956730769230769 0.13942307692307696 0.295673076923077 0.9519230769230769 0.39182692307692324 0.9519230769230769
0 0.41434432692307693 0.9780759783653845 0.37676203042888035 0.14897610599298117 0.33774110198065344 0.15074488699426614 0.37532339847485 0.9798447593666695
0 0.4352785865384616 0.9409266634615386 0.40482075961538466 0.13213354326923074 0.3757583779768924 0.13322798505887795 0.4062162048999693 0.9420211052511859
0 0.4704152067307693 1 0.4345492869920824 0.14068448543076129 0.3995944106264797 0.1421434242826135 0.4354603303651666 1.0014589388518522
0 0.5039377524038462 0.9815036081730768 0.460384391826923 0.15026951923076923 0.43323213466135696 0.15169218952610564 0.4767854952382801 0.9829262784684132
0 0.5432692307692308 0.15625000000000006 0.45913461538461536 0.15625000000000006 0.4591346153846155 0.9471153846153846 0.543269230769231 0.9471153846153846
0 0.5793269230769231 0.12740384615384623 0.4831730769230769 0.12740384615384623 0.483173076923077 0.9927884615384616 0.5793269230769232 0.9927884615384616
0 0.6057692307692308 0.1346153846153847 0.5192307692307693 0.1346153846153847 0.5192307692307693 0.9615384615384616 0.605769230769231 0.9615384615384616
0 0.6394230769230769 0.14663461538461545 0.5480769230769231 0.14663461538461545 0.5480769230769231 0.9855769230769231 0.6394230769230769 0.9855769230769231
0 0.6706730769230769 0.14903846153846162 0.5793269230769231 0.14903846153846162 0.5793269230769231 1 0.6706730769230769 1
0 0.7043269230769231 0.15625000000000006 0.6153846153846154 0.15625000000000006 0.6153846153846154 0.9519230769230769 0.7043269230769231 0.9519230769230769
0 0.7379807692307693 0.17067307692307698 0.6514423076923077 0.17067307692307698 0.6514423076923077 0.8581730769230769 0.7379807692307693 0.8581730769230769