0 0.9423076923076923 0.6923076923076923 0.05769230769230778 0.6923076923076923 0.05769230769230778 0.75 0.9423076923076923 0.75
0 0.9326923076923077 0.6586538461538461 0.12259615384615391 0.6586538461538461 0.12259615384615394 0.7115384615384616 0.9326923076923077 0.7115384615384616
0 0.9262334194775821 0.6537500721432822 0.9247366102714929 0.6143829517880006 0.09598784134615385 0.6458934807692308 0.09748465055224322 0.6852606011245123
0 0.9435076222520784 0.6203231910562322 0.9424559735576923 0.5910855072115383 0.13334621680060837 0.6201883329972091 0.1343978654949945 0.6494260168419029
0 0.9337950619385083 0.5911538469763311 0.932349627290366 0.5558987192094625 0.06286684375 0.5915468822115385 0.06431227839814216 0.6268020099784071
0 0.9256150792111926 0.5618373210706231 0.9249056949137612 0.5344624052749679 0.0936116033653846 0.5560042788461538 0.09432098766281594 0.583379194641809
0 0.9182692307692307 0.5048076923076924 0.12740384615384623 0.5048076923076923 0.12740384615384623 0.5480769230769231 0.9182692307692307 0.5480769230769232
0 0.9495192307692307 0.4711538461538462 0.08413461538461545 0.47115384615384615 0.08413461538461545 0.5216346153846154 0.9495192307692307 0.5216346153846155
0 0.9399038461538461 0.4423076923076924 0.11538461538461545 0.4423076923076923 0.11538461538461545 0.48557692307692313 0.9399038461538461 0.48557692307692324
0 0.9302884615384616 0.4110576923076924 0.09134615384615388 0.4110576923076923 0.0913461538461539 0.4591346153846155 0.9302884615384616 0.45913461538461553
0 0.9278846153846154 0.38221153846153855 0.043269230769230824 0.38221153846153844 0.043269230769230824 0.4254807692307693 0.9278846153846154 0.4254807692307694
0 0.9206730769230769 0.34375000000000006 0.12500000000000003 0.34375 0.12500000000000003 0.39182692307692313 0.9206730769230769 0.39182692307692324
0 0.90625 0.3028846153846155 0.21875000000000006 0.30288461538461536 0.21875000000000006 0.3533653846153847 0.90625 0.35336538461538475