0 0.9903846153846154 0.25000000000000006 0.11057692307692311 0.25 0.11057692307692311 0.29807692307692313 0.9903846153846154 0.29807692307692324
0 0.9230769230769231 0.28846153846153855 0.11778846153846158 0.28846153846153844 0.11778846153846158 0.3317307692307693 0.9230769230769231 0.3317307692307694
0 0.9492187499999999 0.353515625 0.9484802573413433 0.3142832025088689 0.11840213234134339 0.32990820250886893 0.11914062499999999 0.36914062500000006
0 0.91015625 0.3769531250000002 0.9093829940026168 0.34778028509872605 0.09883611900261685 0.3692646600987258 0.09960937500000001 0.3984375
0 0.9785156249999999 0.4082031250000001 0.9777267829596614 0.3730207700009044 0.10663303295966152 0.3925520200009043 0.107421875 0.427734375
0 0.9456333918270422 0.44335560866400214 0.9453124999999999 0.416015625 0.11296035817295774 0.42578501633599786 0.11328125 0.453125
0 0.90625 0.451923076923077 0.12019230769230776 0.4519230769230769 0.12019230769230776 0.48557692307692313 0.90625 0.48557692307692324
0 0.9519230769230769 0.4783653846153847 0.08894230769230776 0.47836538461538464 0.08894230769230776 0.5192307692307693 0.9519230769230769 0.5192307692307694
0 0.9158653846153846 0.514423076923077 0.09375000000000007 0.5144230769230769 0.09375000000000007 0.5480769230769231 0.9158653846153846 0.5480769230769232
0 0.9399038461538461 0.5408653846153847 0.10096153846153853 0.5408653846153846 0.10096153846153853 0.5793269230769231 0.9399038461538461 0.5793269230769232
0 0.9855769230769231 0.5721153846153847 0.10336538461538468 0.5721153846153846 0.10336538461538468 0.608173076923077 0.9855769230769231 0.6081730769230771
0 0.8990384615384616 0.608173076923077 0.10576923076923084 0.6081730769230769 0.10576923076923084 0.6466346153846154 0.8990384615384616 0.6466346153846154
0 0.8028846153846154 0.6442307692307693 0.1177884615384616 0.6442307692307693 0.1177884615384616 0.6875 0.8028846153846154 0.6875