2 0.9977697242272832 0.8252429876923763 0.9916666658653848 0.07256238221153846 -0.00610305836189839 0.0806527286537777 0 0.8333333341346155
0 0.9471153846153846 0.09134615384615395 0.8365384615384616 0.09134615384615395 0.8365384615384616 0.14903846153846165 0.9471153846153846 0.14903846153846165
0 0.7932692307692307 0.10096153846153855 0.5552884615384616 0.10096153846153853 0.5552884615384616 0.15625000000000006 0.7932692307692307 0.15625000000000006
0 0.9326923076923077 0.1514423076923078 0.7355769230769231 0.1514423076923078 0.7355769230769231 0.20192307692307704 0.9326923076923077 0.20192307692307707
0 0.5456730769230769 0.09134615384615391 0.44471153846153844 0.09134615384615391 0.44471153846153844 0.16346153846153852 0.5456730769230769 0.16346153846153852
0 0.5120192307692307 0.1754807692307693 0.3293269230769231 0.1754807692307693 0.3293269230769231 0.24038461538461545 0.5120192307692307 0.24038461538461545
0 0.9711538461538461 0.20192307692307707 0.8725961538461539 0.20192307692307707 0.8725961538461539 0.24519230769230782 0.9711538461538461 0.24519230769230782
0 0.9326923076923077 0.24038461538461547 0.5144230769230769 0.24038461538461545 0.5144230769230769 0.2980769230769232 0.9326923076923077 0.29807692307692324
0 0.9302884615384616 0.27884615384615397 0.8293269230769231 0.2788461538461539 0.8293269230769231 0.31730769230769246 0.9302884615384616 0.31730769230769246
0 0.7884615384615384 0.2836538461538462 0.6009615384615384 0.2836538461538462 0.6009615384615384 0.32211538461538475 0.7884615384615384 0.32211538461538475
0 0.8173076923076923 0.3149038461538463 0.6153846153846154 0.3149038461538463 0.6153846153846154 0.35336538461538475 0.8173076923076923 0.35336538461538475
0 0.9639423076923077 0.3389423076923078 0.7379807692307693 0.3389423076923078 0.7379807692307693 0.3942307692307694 0.9639423076923077 0.3942307692307694
0 0.7043269230769231 0.35817307692307704 0.6322115384615384 0.35817307692307704 0.6322115384615384 0.39182692307692324 0.7043269230769231 0.39182692307692324
0 0.9447115384615384 0.3846153846153847 0.5384615384615384 0.38461538461538464 0.5384615384615384 0.43269230769230776 0.9447115384615384 0.4326923076923078
0 0.9350961538461539 0.4158653846153847 0.5264423076923077 0.41586538461538464 0.5264423076923077 0.4615384615384616 0.9350961538461539 0.4615384615384617
0 0.7956730769230769 0.4423076923076924 0.5264423076923077 0.4423076923076923 0.5264423076923077 0.483173076923077 0.7956730769230769 0.48317307692307704
0 0.8052884615384616 0.46875000000000006 0.5168269230769231 0.46875 0.5168269230769231 0.5096153846153847 0.8052884615384616 0.5096153846153848
0 0.9375 0.4807692307692309 0.7908653846153846 0.4807692307692309 0.7908653846153846 0.5216346153846155 0.9375 0.5216346153846155
0 0.7836538461538461 0.4927884615384616 0.5336538461538461 0.49278846153846156 0.5336538461538461 0.528846153846154 0.7836538461538461 0.528846153846154
0 0.7860576923076923 0.5168269230769231 0.5552884615384616 0.5168269230769231 0.5552884615384616 0.5552884615384616 0.7860576923076923 0.5552884615384617
0 0.7956730769230769 0.543269230769231 0.5649038461538461 0.543269230769231 0.5649038461538463 0.5865384615384617 0.7956730769230769 0.5865384615384617
0 0.9663461538461539 0.5721153846153848 0.7716346153846154 0.5721153846153848 0.7716346153846154 0.6201923076923077 0.9663461538461539 0.6201923076923077
0 0.9086538461538461 0.608173076923077 0.5144230769230771 0.6081730769230769 0.5144230769230771 0.6658653846153846 0.9086538461538461 0.6658653846153846
0 0.9110576923076923 0.6442307692307693 0.5072115384615385 0.6442307692307693 0.5072115384615385 0.6971153846153846 0.9110576923076923 0.6971153846153846
0 0.9086538461538461 0.6802884615384616 0.5336538461538463 0.6802884615384616 0.5336538461538463 0.7283653846153846 0.9086538461538461 0.7283653846153846
0 0.4807692307692309 0.6057692307692307 0.29326923076923084 0.6057692307692307 0.29326923076923084 0.65625 0.4807692307692309 0.65625
0 0.45192307692307704 0.6490384615384616 0.1971153846153847 0.6490384615384616 0.1971153846153847 0.6947115384615384 0.45192307692307704 0.6947115384615384
0 0.4495192307692309 0.6802884615384616 0.04326923076923085 0.6802884615384616 0.04326923076923085 0.7548076923076923 0.4495192307692309 0.7548076923076923
0 0.5 0.23317307692307698 0.3942307692307692 0.23317307692307698 0.3942307692307692 0.26682692307692313 0.5 0.26682692307692313
0 0.47596153846153844 0.264423076923077 0.2980769230769231 0.264423076923077 0.29807692307692313 0.31009615384615385 0.47596153846153844 0.31009615384615385
0 0.29807692307692313 0.25961538461538464 0.03365384615384619 0.25961538461538464 0.03365384615384619 0.31009615384615385 0.29807692307692313 0.31009615384615385
0 0.3028846153846155 0.295673076923077 0.13942307692307696 0.2956730769230769 0.13942307692307696 0.33653846153846156 0.3028846153846155 0.33653846153846156
0 0.46153846153846156 0.32211538461538464 0.35096153846153844 0.32211538461538464 0.35096153846153844 0.36778846153846156 0.46153846153846156 0.36778846153846156
0 0.34134615384615385 0.3317307692307692 0.009615384615384658 0.3317307692307692 0.009615384615384661 0.3798076923076923 0.34134615384615385 0.3798076923076923
0 0.3245192307692308 0.3629807692307692 0.1754807692307693 0.3629807692307692 0.1754807692307693 0.3942307692307692 0.3245192307692308 0.3942307692307692
0 0.49038461538461536 0.3942307692307692 0.25000000000000006 0.3942307692307692 0.25000000000000006 0.4519230769230769 0.49038461538461536 0.4519230769230769
0 0.19471153846153852 0.41346153846153844 0.12500000000000003 0.41346153846153844 0.12500000000000006 0.4495192307692308 0.19471153846153852 0.4495192307692308
0 0.4519230769230769 0.4375 0.36538461538461536 0.4375 0.36538461538461536 0.46875 0.4519230769230769 0.46875
0 0.35336538461538464 0.43990384615384615 0.045673076923076976 0.43990384615384615 0.045673076923076976 0.4831730769230769 0.35336538461538464 0.4831730769230769
0 0.34134615384615385 0.4639423076923077 0.18750000000000006 0.4639423076923077 0.18750000000000006 0.49759615384615385 0.34134615384615385 0.49759615384615385
0 0.4423076923076923 0.4831730769230769 0.3173076923076923 0.4831730769230769 0.3173076923076923 0.5264423076923077 0.4423076923076923 0.5264423076923077
0 0.3076923076923077 0.49278846153846156 0.04326923076923084 0.49278846153846156 0.04326923076923084 0.5336538461538461 0.3076923076923077 0.5336538461538461
0 0.3149038461538462 0.5192307692307693 0.03846153846153853 0.5192307692307693 0.03846153846153853 0.5600961538461539 0.3149038461538463 0.5600961538461539
0 0.32932692307692313 0.5432692307692307 0.06971153846153853 0.5432692307692307 0.06971153846153853 0.5793269230769231 0.32932692307692324 0.5793269230769231
0 1 0.24038461538461553 0.9831730769230769 0.24038461538461553 0.9831730769230769 0.3004807692307694 1 0.3004807692307694
0 0.4509774271946504 0.5979091909590343 0.44999730739588695 0.558933839620715 0.2673532143358519 0.5635268217386038 0.26833333413461535 0.6025021730769231
0 0.2718438972279495 0.5977557063856118 0.27166666586538457 0.5660969206730769 0.06983478175202282 0.5672268104975087 0.07001201311458773 0.5988855962100434
0 0.265 0.6151574254807692 0.26426401268284466 0.5913781216327375 0.024264012682844647 0.5988063019211991 0.025 0.6225856057692307
0 0.27260884843138256 0.6360824564516627 0.27166666586538457 0.6123469206730769 0.08572448329938664 0.619727899317568 0.08666666586538462 0.6434634350961539