2 1 0.8333333341346154 0.9972222211538462 0.10208333413461539 0.00012518262287601254 0.10587097866274381 0.0029029614690297975 0.8371209786627438
0 0.16346153846153846 0.13461538461538464 0.052884615384615405 0.1346153846153846 0.052884615384615405 0.18990384615384615 0.16346153846153846 0.18990384615384615
0 0.44471153846153844 0.1370192307692308 0.20673076923076922 0.1370192307692308 0.20673076923076922 0.18269230769230774 0.44471153846153844 0.18269230769230776
0 0.2644230769230769 0.19471153846153846 0.06730769230769232 0.19471153846153846 0.06730769230769233 0.23557692307692307 0.2644230769230769 0.23557692307692307
0 0.5576923076923077 0.1177884615384616 0.4543269230769231 0.1177884615384616 0.4543269230769231 0.1850961538461539 0.5576923076923077 0.1850961538461539
0 0.6730769230769231 0.19951923076923084 0.4879807692307692 0.19951923076923084 0.4879807692307692 0.25721153846153855 0.6730769230769231 0.25721153846153855
0 0.12980769230769235 0.24759615384615385 0.031250000000000035 0.24759615384615385 0.031250000000000035 0.2860576923076923 0.12980769230769235 0.2860576923076923
0 0.4879807692307692 0.2836538461538462 0.06971153846153849 0.28365384615384615 0.06971153846153849 0.32211538461538464 0.4879807692307692 0.32211538461538464
0 0.17067307692307698 0.3245192307692308 0.07211538461538465 0.3245192307692308 0.07211538461538466 0.3557692307692308 0.17067307692307698 0.3557692307692308
0 0.39903846153846156 0.32211538461538464 0.21394230769230776 0.32211538461538464 0.21394230769230776 0.35096153846153844 0.39903846153846156 0.35096153846153844
0 0.38461538461538464 0.35336538461538464 0.18269230769230776 0.35336538461538464 0.18269230769230776 0.38221153846153844 0.38461538461538464 0.38221153846153844
0 0.26201923076923084 0.38461538461538464 0.03605769230769236 0.38461538461538464 0.03605769230769236 0.42788461538461536 0.26201923076923084 0.42788461538461536
0 0.36778846153846156 0.3918269230769231 0.295673076923077 0.3918269230769231 0.295673076923077 0.4206730769230769 0.36778846153846156 0.4206730769230769
0 0.4639423076923077 0.43028846153846156 0.057692307692307744 0.43028846153846156 0.057692307692307744 0.4567307692307692 0.4639423076923077 0.4567307692307692
0 0.47596153846153844 0.45913461538461536 0.0649038461538462 0.45913461538461536 0.0649038461538462 0.4855769230769231 0.47596153846153844 0.4855769230769231
0 0.4735576923076923 0.4807692307692308 0.20432692307692316 0.4807692307692308 0.20432692307692316 0.5072115384615384 0.4735576923076923 0.5072115384615384
0 0.4831730769230769 0.5048076923076923 0.19471153846153852 0.5048076923076923 0.19471153846153852 0.5360576923076923 0.4831730769230769 0.5360576923076923
0 0.21153846153846162 0.5240384615384616 0.06490384615384623 0.5240384615384616 0.06490384615384623 0.5600961538461539 0.21153846153846162 0.5600961538461539
0 0.46634615384615385 0.5288461538461539 0.2163461538461539 0.5288461538461539 0.2163461538461539 0.5528846153846154 0.46634615384615385 0.5528846153846154
0 0.44471153846153855 0.5552884615384616 0.2163461538461539 0.5552884615384616 0.2163461538461539 0.5817307692307693 0.4447115384615386 0.5817307692307693
0 0.4375000000000001 0.5817307692307693 0.20432692307692316 0.5817307692307693 0.20432692307692316 0.6129807692307693 0.4375000000000001 0.6129807692307693
0 0.23076923076923084 0.6177884615384616 0.03605769230769239 0.6177884615384616 0.03605769230769239 0.65625 0.23076923076923084 0.65625
0 0.48557692307692324 0.6514423076923077 0.09134615384615391 0.6514423076923077 0.09134615384615391 0.6899038461538461 0.48557692307692324 0.6899038461538461
0 0.4951923076923078 0.6875 0.08894230769230776 0.6875 0.08894230769230778 0.7211538461538461 0.4951923076923078 0.7211538461538461
0 0.46634615384615397 0.7235576923076923 0.09134615384615395 0.7235576923076923 0.09134615384615395 0.7548076923076923 0.46634615384615397 0.7548076923076923
0 0.7067307692307693 0.6274038461538461 0.5192307692307694 0.6274038461538461 0.5192307692307694 0.6706730769230769 0.7067307692307693 0.6706730769230769
0 0.8028846153846154 0.6706730769230769 0.5480769230769232 0.6706730769230769 0.5480769230769232 0.7019230769230769 0.8028846153846154 0.7019230769230769
0 0.9591346153846154 0.7019230769230769 0.5528846153846155 0.7019230769230769 0.5528846153846155 0.7572115384615384 0.9591346153846154 0.7572115384615384
0 0.6057692307692307 0.25721153846153855 0.5024038461538461 0.25721153846153855 0.5024038461538461 0.2860576923076924 0.6057692307692307 0.2860576923076924
0 0.7019230769230769 0.2860576923076924 0.5240384615384616 0.2860576923076924 0.5240384615384616 0.32451923076923084 0.7019230769230769 0.3245192307692309
0 0.9663461538461539 0.2740384615384616 0.7043269230769231 0.2740384615384616 0.7043269230769231 0.3125000000000001 0.9663461538461539 0.3125000000000001
0 0.8605769230769231 0.31009615384615397 0.6971153846153846 0.31009615384615397 0.6971153846153846 0.3437500000000001 0.8605769230769231 0.3437500000000001
0 0.6490384615384616 0.34375000000000006 0.5384615384615384 0.34375 0.5384615384615384 0.3846153846153847 0.6490384615384616 0.38461538461538475
0 0.9903846153846154 0.3461538461538463 0.6586538461538461 0.3461538461538463 0.6586538461538461 0.3822115384615386 0.9903846153846154 0.3822115384615386
0 0.8245192307692307 0.37980769230769246 0.6754807692307693 0.37980769230769246 0.6754807692307693 0.40384615384615397 0.8245192307692307 0.40384615384615397
0 0.75 0.41826923076923084 0.5096153846153846 0.4182692307692308 0.5096153846153846 0.46394230769230776 0.75 0.4639423076923078
0 0.8774038461538461 0.42067307692307704 0.8076923076923077 0.42067307692307704 0.8076923076923077 0.4567307692307694 0.8774038461538461 0.4567307692307694
0 0.6346153846153846 0.4591346153846155 0.5480769230769231 0.45913461538461536 0.5480769230769231 0.48557692307692313 0.6346153846153846 0.48557692307692324
0 0.9543269230769231 0.4567307692307694 0.6466346153846154 0.4567307692307694 0.6466346153846154 0.48557692307692324 0.9543269230769231 0.48557692307692324
0 0.8125 0.4807692307692309 0.6586538461538461 0.4807692307692309 0.6586538461538461 0.5072115384615385 0.8125 0.5072115384615385
0 0.6826923076923077 0.5048076923076924 0.5576923076923077 0.5048076923076923 0.5576923076923077 0.5408653846153847 0.6826923076923077 0.5408653846153848
0 0.9567307692307693 0.5072115384615385 0.6923076923076923 0.5072115384615385 0.6923076923076923 0.5360576923076924 0.9567307692307693 0.5360576923076924
0 0.9615384615384616 0.5336538461538463 0.6850961538461539 0.5336538461538463 0.6850961538461539 0.5625000000000001 0.9615384615384616 0.5625000000000001
0 0.9326923076923077 0.5576923076923078 0.6730769230769231 0.5576923076923078 0.6730769230769231 0.5817307692307694 0.9326923076923077 0.5817307692307694
0 0.016826923076923114 0.28846153846153844 3.5326349975404423e-17 0.28846153846153844 3.900617809784239e-17 0.3485576923076923 0.01682692307692312 0.3485576923076923
0 0.7316666658653846 0.615 0.7308313351502645 0.5760178999610658 0.549997705135397 0.5798929063185271 0.550833035850517 0.6188750063574614
0 0.9299999999999999 0.5787500000000001 0.7283333341346154 0.5787500000000001 0.7283333341346154 0.6100000000000001 0.9299999999999999 0.6100000000000001
0 0.9750000000000001 0.62375 0.9746281832233014 0.5999537262912825 0.7346281832233014 0.6037037262912824 0.735 0.6275000000000001
0 0.9133333341346154 0.625 0.7283333341346154 0.625 0.7283333341346154 0.6487499999999999 0.9133333341346154 0.6487499999999999