0 0.8533653846153846 0.16346153846153857 0.7668269230769231 0.16346153846153852 0.7668269230769231 0.8389423076923077 0.8533653846153846 0.8389423076923077
0 0.7884615384615384 0.10096153846153856 0.7211538461538461 0.10096153846153856 0.7211538461538461 0.8269230769230769 0.7884615384615384 0.8269230769230769
0 0.7475961538461539 0.15625000000000006 0.6682692307692307 0.15625000000000006 0.6682692307692307 0.8677884615384616 0.7475961538461539 0.8677884615384616
0 0.6923076923076923 0.11057692307692314 0.6105769230769231 0.11057692307692314 0.6105769230769231 0.8485576923076923 0.6923076923076923 0.8485576923076923
0 0.6418269230769231 0.10336538461538468 0.5649038461538461 0.10336538461538468 0.5649038461538463 0.8629807692307693 0.6418269230769231 0.8629807692307693
0 0.5889423076923077 0.0865384615384616 0.5192307692307693 0.0865384615384616 0.5192307692307693 0.8557692307692307 0.5889423076923078 0.8557692307692307
0 0.5432692307692308 0.08894230769230776 0.46153846153846156 0.08894230769230776 0.4615384615384616 0.8653846153846154 0.543269230769231 0.8653846153846154
0 0.4903846153846155 0.06730769230769237 0.4110576923076923 0.06730769230769236 0.4110576923076924 0.8629807692307693 0.49038461538461553 0.8629807692307693
0 0.4423076923076924 0.10096153846153852 0.3581730769230769 0.10096153846153849 0.358173076923077 0.875 0.44230769230769246 0.875
0 0.38701923076923084 0.10576923076923081 0.3125 0.10576923076923081 0.31250000000000006 0.8798076923076923 0.3870192307692309 0.8798076923076923
0 0.34375000000000006 0.06730769230769235 0.24278846153846154 0.06730769230769235 0.24278846153846162 0.8870192307692307 0.3437500000000001 0.8870192307692307