0 0.8149038461538461 0.18269230769230774 0.13942307692307696 0.18269230769230768 0.13942307692307696 0.24278846153846156 0.8149038461538461 0.24278846153846162
0 0.8774038461538461 0.24519230769230776 0.15144230769230774 0.24519230769230768 0.15144230769230774 0.2836538461538462 0.8774038461538461 0.2836538461538463
0 0.8221153846153846 0.29086538461538464 0.11298076923076926 0.29086538461538464 0.11298076923076926 0.3413461538461539 0.8221153846153846 0.34134615384615397
0 0.8701923076923077 0.34375000000000006 0.13461538461538464 0.34375 0.13461538461538464 0.3942307692307693 0.8701923076923077 0.3942307692307694
0 0.8798076923076923 0.39182692307692313 0.12259615384615388 0.3918269230769231 0.1225961538461539 0.4423076923076924 0.8798076923076923 0.44230769230769246
0 0.8990384615384616 0.4471153846153847 0.12980769230769237 0.44711538461538464 0.12980769230769237 0.48557692307692313 0.8990384615384616 0.48557692307692324
0 0.8966346153846154 0.4927884615384616 0.12019230769230776 0.49278846153846156 0.12019230769230776 0.5432692307692308 0.8966346153846154 0.543269230769231
0 0.9206730769230769 0.545673076923077 0.12500000000000006 0.5456730769230769 0.12500000000000006 0.591346153846154 0.9206730769230769 0.591346153846154
0 0.8894230769230769 0.5937500000000001 0.1129807692307693 0.59375 0.1129807692307693 0.6466346153846154 0.8894230769230769 0.6466346153846154
0 0.8846153846153846 0.6490384615384616 0.1129807692307693 0.6490384615384616 0.1129807692307693 0.6923076923076923 0.8846153846153846 0.6923076923076923
0 0.9230769230769231 0.6923076923076923 0.10576923076923084 0.6923076923076923 0.10576923076923085 0.7596153846153846 0.9230769230769231 0.7596153846153846