0 0.8798076923076923 0.14182692307692313 0.04086538461538463 0.14182692307692307 0.040865384615384644 0.23557692307692316 0.8798076923076923 0.2355769230769232
0 0.8725961538461539 0.1971153846153847 0.08894230769230772 0.1971153846153846 0.08894230769230772 0.28846153846153855 0.8725961538461539 0.2884615384615386
0 0.8918269230769231 0.24519230769230776 0.07451923076923081 0.24519230769230768 0.07451923076923081 0.3365384615384616 0.8918269230769231 0.3365384615384617
0 0.8822115384615384 0.30769230769230776 0.12500000000000003 0.3076923076923077 0.12500000000000003 0.38701923076923084 0.8822115384615384 0.3870192307692309
0 0.8822115384615384 0.35096153846153855 0.05288461538461543 0.35096153846153844 0.05288461538461543 0.4278846153846155 0.8822115384615384 0.42788461538461553
0 0.8533653846153846 0.40144230769230776 0.03365384615384621 0.4014423076923077 0.03365384615384621 0.4903846153846155 0.8533653846153846 0.49038461538461553
0 0.8918269230769231 0.4471153846153847 0.026442307692307744 0.44711538461538464 0.02644230769230775 0.5432692307692308 0.8918269230769231 0.543269230769231
0 0.8701923076923077 0.5072115384615385 0.076923076923077 0.5072115384615384 0.076923076923077 0.5889423076923077 0.8701923076923077 0.5889423076923078
0 0.8269230769230769 0.6514423076923077 0.4447115384615386 0.6514423076923077 0.4447115384615386 0.7596153846153846 0.8269230769230769 0.7596153846153846
0 0.845770949301243 0.6041935869098042 0.8445973221153845 0.5711316874999998 0.10096933675644926 0.5975289010709649 0.1021429639423077 0.6305908004807693
0 0.8406304879807694 0.6491771033653849 0.8378447195193771 0.5967790280803759 0.0539016017309154 0.6384577348111448 0.0566873701923077 0.6908558100961538