0 0.23317307692307698 0.1274038461538462 0.16105769230769232 0.1274038461538462 0.16105769230769237 0.8581730769230769 0.23317307692307707 0.8581730769230769
0 0.2836538461538462 0.12980769230769235 0.21875 0.12980769230769235 0.21875000000000006 0.8581730769230769 0.2836538461538463 0.8581730769230769
0 0.32932692307692313 0.1274038461538462 0.27163461538461536 0.1274038461538462 0.2716346153846155 0.8990384615384616 0.32932692307692324 0.8990384615384616
0 0.3846153846153847 0.14663461538461542 0.3125 0.14663461538461542 0.31250000000000006 0.9423076923076923 0.38461538461538475 0.9423076923076923
0 0.4399038461538462 0.13461538461538466 0.37740384615384615 0.13461538461538464 0.3774038461538462 0.8918269230769231 0.4399038461538463 0.8918269230769231
0 0.4927884615384616 0.15144230769230776 0.42788461538461536 0.15144230769230776 0.4278846153846155 0.9711538461538461 0.4927884615384617 0.9711538461538461
0 0.5360576923076924 0.1442307692307693 0.47836538461538464 0.1442307692307693 0.4783653846153847 0.9759615384615384 0.5360576923076924 0.9759615384615384
0 0.5865384615384616 0.12500000000000006 0.5192307692307693 0.12500000000000006 0.5192307692307693 0.8990384615384616 0.5865384615384617 0.8990384615384616
0 0.6418269230769231 0.1346153846153847 0.5697115384615384 0.1346153846153847 0.5697115384615385 0.9375 0.6418269230769231 0.9375
0 0.7008759471153846 0.9454947259615383 0.6683877379807694 0.11909273798076922 0.5964764461959191 0.1219197750893742 0.6289646553305344 0.9483217630701434
0 0.7555879212088757 0.15535540565988581 0.6873053341346155 0.15515867067307704 0.6856363530712064 0.734426988098977 0.7539189401454666 0.7346237230857857