0 0.84375 0.7620192307692307 0.007211538461538556 0.7620192307692307 0.007211538461538559 0.8221153846153846 0.84375 0.8221153846153846
0 0.84375 0.7067307692307693 0.06250000000000008 0.7067307692307693 0.06250000000000008 0.7668269230769231 0.84375 0.7668269230769231
0 0.8701923076923077 0.6610576923076923 0.05528846153846163 0.6610576923076923 0.05528846153846163 0.71875 0.8701923076923077 0.71875
0 0.8701923076923077 0.6057692307692308 0.1129807692307693 0.6057692307692307 0.1129807692307693 0.65625 0.8701923076923077 0.65625
0 0.875 0.5697115384615385 0.04567307692307699 0.5697115384615384 0.04567307692307699 0.6129807692307693 0.875 0.6129807692307694
0 0.8557692307692307 0.5072115384615385 0.03605769230769237 0.5072115384615384 0.036057692307692374 0.5625000000000001 0.8557692307692307 0.5625000000000001
0 0.8990384615384616 0.45432692307692313 0.033653846153846215 0.4543269230769231 0.033653846153846215 0.5168269230769231 0.8990384615384616 0.5168269230769232
0 0.8846153846153846 0.40625000000000006 0.09375000000000003 0.40625 0.09375000000000006 0.4567307692307693 0.8846153846153846 0.4567307692307694
0 0.8653846153846154 0.2187500000000001 0.4831730769230769 0.21875000000000006 0.4831730769230769 0.31250000000000006 0.8653846153846154 0.3125000000000001
0 0.8697229058959568 0.39255573541264815 0.8695483293268568 0.35937499998735273 0.12285505083474606 0.3633036395747047 0.12302962740384618 0.39648437500000006
0 0.8724270528846154 0.30468750000000006 0.08451724038461542 0.3046875 0.08451724038461542 0.35742187500000006 0.8724270528846154 0.3574218750000001