0 0.8461538461538461 0.1754807692307693 0.12019230769230772 0.17548076923076922 0.12019230769230772 0.23557692307692316 0.8461538461538461 0.2355769230769232
0 0.84375 0.23557692307692316 0.12019230769230772 0.23557692307692307 0.12019230769230772 0.2860576923076924 0.84375 0.28605769230769246
0 0.8846153846153846 0.28846153846153855 0.11298076923076926 0.28846153846153844 0.11298076923076926 0.3317307692307693 0.8846153846153846 0.3317307692307694
0 0.9254807692307693 0.32932692307692313 0.1322115384615385 0.3293269230769231 0.1322115384615385 0.38701923076923084 0.9254807692307693 0.3870192307692309
0 0.8701923076923077 0.39182692307692313 0.11538461538461542 0.3918269230769231 0.11538461538461543 0.4423076923076924 0.8701923076923077 0.44230769230769246
0 0.9471153846153846 0.44471153846153855 0.12980769230769237 0.44471153846153844 0.12980769230769237 0.49519230769230776 0.9471153846153846 0.4951923076923078
0 0.9519230769230769 0.49519230769230776 0.12019230769230776 0.4951923076923077 0.12019230769230776 0.5384615384615385 0.9519230769230769 0.5384615384615385
0 0.8725961538461539 0.5360576923076924 0.10096153846153853 0.5360576923076923 0.10096153846153853 0.5889423076923077 0.8725961538461539 0.5889423076923078
0 0.9086538461538461 0.5865384615384616 0.108173076923077 0.5865384615384616 0.108173076923077 0.6418269230769231 0.9086538461538461 0.6418269230769231
0 0.9126279004967581 0.644548989118398 0.08811519754425332 0.6386314338340497 0.08759667204749542 0.710879319715652 0.9121093750000002 0.7167968750000001
0 0.7004099945009823 0.7011961037017149 0.12304687500000008 0.689453125 0.12165951261902584 0.7576651087312345 0.699022632120008 0.7694080874329494