0 0.8365384615384616 0.1682692307692308 0.08894230769230772 0.16826923076923078 0.08894230769230772 0.24038461538461542 0.8365384615384616 0.24038461538461545
0 0.8125 0.22836538461538464 0.11298076923076926 0.2283653846153846 0.11298076923076926 0.2884615384615385 0.8125 0.28846153846153855
0 0.8725961538461539 0.26682692307692313 0.10096153846153849 0.2668269230769231 0.10096153846153849 0.3365384615384616 0.8725961538461539 0.3365384615384617
0 0.8509615384615384 0.3221153846153847 0.09375000000000003 0.32211538461538464 0.09375000000000003 0.38701923076923084 0.8509615384615384 0.3870192307692309
0 0.8269230769230769 0.37500000000000006 0.09375000000000003 0.375 0.09375000000000006 0.4399038461538462 0.8269230769230769 0.4399038461538463
0 0.8701923076923077 0.4254807692307693 0.09855769230769237 0.4254807692307692 0.09855769230769237 0.49519230769230776 0.8701923076923077 0.4951923076923078
0 0.8269230769230769 0.4783653846153847 0.08413461538461545 0.47836538461538464 0.08413461538461545 0.5408653846153847 0.8269230769230769 0.5408653846153848
0 0.7884615384615384 0.5312500000000001 0.09855769230769237 0.53125 0.09855769230769237 0.6033653846153847 0.7884615384615384 0.6033653846153848
0 0.7716346153846154 0.5841346153846154 0.0865384615384616 0.5841346153846154 0.0865384615384616 0.6418269230769231 0.7716346153846154 0.6418269230769231
0 0.8653846153846154 0.6322115384615384 0.0817307692307693 0.6322115384615384 0.08173076923076932 0.6995192307692307 0.8653846153846154 0.6995192307692307
0 0.8341346153846154 0.6826923076923077 0.06730769230769239 0.6826923076923077 0.06730769230769239 0.7548076923076923 0.8341346153846154 0.7548076923076923