0 0.8942307692307693 0.18750000000000006 0.14663461538461542 0.1875 0.14663461538461542 0.24278846153846162 0.8942307692307693 0.24278846153846168
0 0.8653846153846154 0.2475961538461539 0.1658653846153846 0.24759615384615385 0.16586538461538464 0.2908653846153847 0.8653846153846154 0.29086538461538475
0 0.875 0.2860576923076924 0.10576923076923081 0.2860576923076923 0.10576923076923081 0.33894230769230776 0.875 0.3389423076923078
0 0.8774038461538461 0.3413461538461539 0.12259615384615388 0.34134615384615385 0.12259615384615388 0.389423076923077 0.8774038461538461 0.38942307692307704
0 0.8725961538461539 0.3942307692307693 0.1418269230769231 0.3942307692307692 0.14182692307692313 0.4423076923076924 0.8725961538461539 0.44230769230769246
0 0.8653846153846154 0.4471153846153847 0.09375000000000007 0.44711538461538464 0.09375000000000007 0.5000000000000001 0.8653846153846154 0.5000000000000001
0 0.875 0.4975961538461539 0.1346153846153847 0.49759615384615385 0.1346153846153847 0.5432692307692308 0.875 0.543269230769231
0 0.8557692307692307 0.5480769230769231 0.17067307692307698 0.5480769230769231 0.17067307692307698 0.6057692307692308 0.8557692307692307 0.605769230769231
0 0.8653846153846154 0.6033653846153847 0.18028846153846162 0.6033653846153846 0.18028846153846162 0.6466346153846154 0.8653846153846154 0.6466346153846154
0 0.8653846153846154 0.6538461538461539 0.08413461538461545 0.6538461538461539 0.08413461538461547 0.7019230769230769 0.8653846153846154 0.7019230769230769
0 0.8774038461538461 0.7043269230769231 0.11298076923076933 0.7043269230769231 0.11298076923076933 0.7572115384615384 0.8774038461538461 0.7572115384615384