0 0.2788461538461539 0.16346153846153846 0.20192307692307693 0.16346153846153846 0.20192307692307698 0.8485576923076923 0.27884615384615397 0.8485576923076923
0 0.32451923076923084 0.14903846153846156 0.25961538461538464 0.14903846153846156 0.2596153846153847 0.8581730769230769 0.3245192307692309 0.8581730769230769
0 0.37500000000000006 0.11298076923076926 0.30528846153846156 0.11298076923076926 0.30528846153846156 0.8365384615384616 0.3750000000000001 0.8365384615384616
0 0.4302884615384616 0.07932692307692313 0.35336538461538464 0.07932692307692311 0.3533653846153847 0.8533653846153846 0.4302884615384617 0.8533653846153846
0 0.47596153846153855 0.12980769230769235 0.40865384615384615 0.12980769230769235 0.4086538461538462 0.8461538461538461 0.4759615384615386 0.8461538461538461
0 0.528846153846154 0.033653846153846215 0.4543269230769231 0.033653846153846215 0.45432692307692313 0.8341346153846154 0.528846153846154 0.8341346153846154
0 0.5817307692307693 0.09615384615384623 0.5096153846153846 0.09615384615384623 0.5096153846153847 0.8197115384615384 0.5817307692307694 0.8197115384615384
0 0.6274038461538461 0.10096153846153853 0.5649038461538461 0.10096153846153853 0.5649038461538463 0.8341346153846154 0.6274038461538461 0.8341346153846154
0 0.6826923076923077 0.09615384615384623 0.6081730769230769 0.09615384615384623 0.608173076923077 0.8293269230769231 0.6826923076923077 0.8293269230769231
0 0.7307692307692307 0.06971153846153855 0.6658653846153846 0.06971153846153855 0.6658653846153846 0.8269230769230769 0.7307692307692307 0.8269230769230769
0 0.7932692307692307 0.028846153846153934 0.7067307692307693 0.02884615384615393 0.7067307692307693 0.8173076923076923 0.7932692307692307 0.8173076923076923