0 0.8173076923076923 0.1947115384615385 0.13461538461538464 0.19471153846153846 0.13461538461538464 0.24759615384615388 0.8173076923076923 0.2475961538461539
0 0.8269230769230769 0.2524038461538462 0.12019230769230772 0.25240384615384615 0.12019230769230772 0.2932692307692308 0.8269230769230769 0.29326923076923084
0 0.8605769230769231 0.3004807692307693 0.13942307692307696 0.3004807692307692 0.13942307692307696 0.34375000000000006 0.8605769230769231 0.3437500000000001
0 0.8894230769230769 0.35096153846153855 0.12019230769230772 0.35096153846153844 0.12019230769230772 0.40144230769230776 0.8894230769230769 0.4014423076923078
0 0.8341346153846154 0.40144230769230776 0.12019230769230772 0.4014423076923077 0.12019230769230774 0.4471153846153847 0.8341346153846154 0.44711538461538475
0 0.9254807692307693 0.451923076923077 0.12980769230769237 0.4519230769230769 0.12980769230769237 0.4975961538461539 0.9254807692307693 0.49759615384615397
0 0.8605769230769231 0.5048076923076924 0.13942307692307698 0.5048076923076923 0.13942307692307698 0.5504807692307693 0.8605769230769231 0.5504807692307694
0 0.8509615384615384 0.560096153846154 0.12259615384615391 0.5600961538461539 0.12259615384615391 0.5985576923076924 0.8509615384615384 0.5985576923076924
0 0.8509615384615384 0.6033653846153847 0.12259615384615391 0.6033653846153846 0.12259615384615391 0.6514423076923077 0.8509615384615384 0.6514423076923077
0 0.8725961538461539 0.6610576923076923 0.12019230769230776 0.6610576923076923 0.12019230769230778 0.6995192307692307 0.8725961538461539 0.6995192307692307
0 0.9110576923076923 0.7043269230769231 0.1250000000000001 0.7043269230769231 0.1250000000000001 0.7620192307692307 0.9110576923076923 0.7620192307692307