0 0.8052884615384616 0.19471153846153852 0.7475961538461539 0.19471153846153852 0.7475961538461539 0.8798076923076923 0.8052884615384616 0.8798076923076923
0 0.7475961538461539 0.1850961538461539 0.7019230769230769 0.1850961538461539 0.7019230769230769 0.8918269230769231 0.7475961538461539 0.8918269230769231
0 0.6995192307692307 0.15144230769230776 0.6514423076923077 0.15144230769230776 0.6514423076923077 0.875 0.6995192307692307 0.875
0 0.6490384615384616 0.12259615384615391 0.59375 0.12259615384615391 0.5937500000000001 0.8918269230769231 0.6490384615384616 0.8918269230769231
0 0.5961538461538463 0.17788461538461545 0.5480769230769231 0.17788461538461545 0.5480769230769231 0.8894230769230769 0.5961538461538463 0.8894230769230769
0 0.5480769230769231 0.0817307692307693 0.4951923076923077 0.0817307692307693 0.49519230769230776 0.8798076923076923 0.5480769230769232 0.8798076923076923
0 0.49519230769230776 0.14903846153846162 0.4423076923076923 0.14903846153846162 0.4423076923076924 0.8701923076923077 0.4951923076923078 0.8701923076923077
0 0.4399038461538462 0.15625000000000006 0.39663461538461536 0.15625000000000006 0.3966346153846155 0.8870192307692307 0.4399038461538463 0.8870192307692307
0 0.3966346153846155 0.15625000000000006 0.34375 0.15625000000000006 0.34375000000000006 0.8846153846153846 0.39663461538461553 0.8846153846153846
0 0.33894230769230776 0.1322115384615385 0.2956730769230769 0.1322115384615385 0.295673076923077 0.8870192307692307 0.3389423076923078 0.8870192307692307
0 0.295673076923077 0.09375000000000003 0.23317307692307693 0.09375000000000003 0.23317307692307698 0.8798076923076923 0.29567307692307704 0.8798076923076923