0 0.8485576923076923 0.19471153846153852 0.10336538461538465 0.19471153846153846 0.10336538461538465 0.24519230769230776 0.8485576923076923 0.24519230769230782
0 0.8293269230769231 0.25480769230769235 0.1322115384615385 0.2548076923076923 0.1322115384615385 0.29086538461538464 0.8293269230769231 0.2908653846153847
0 0.8894230769230769 0.29326923076923084 0.12019230769230772 0.2932692307692308 0.12019230769230772 0.33894230769230776 0.8894230769230769 0.3389423076923078
0 0.8701923076923077 0.3485576923076924 0.11778846153846158 0.3485576923076923 0.11778846153846158 0.39182692307692313 0.8701923076923077 0.39182692307692324
0 0.8509615384615384 0.3990384615384616 0.12019230769230772 0.39903846153846156 0.12019230769230774 0.4423076923076924 0.8509615384615384 0.44230769230769246
0 0.8966346153846154 0.451923076923077 0.12740384615384623 0.4519230769230769 0.12740384615384623 0.5000000000000001 0.8966346153846154 0.5000000000000001
0 0.8557692307692307 0.5024038461538463 0.11538461538461545 0.5024038461538461 0.11538461538461545 0.5432692307692308 0.8557692307692307 0.543269230769231
0 0.8197115384615384 0.5552884615384616 0.1346153846153847 0.5552884615384616 0.1346153846153847 0.608173076923077 0.8197115384615384 0.6081730769230771
0 0.8076923076923077 0.608173076923077 0.12500000000000006 0.6081730769230769 0.12500000000000006 0.6466346153846154 0.8076923076923077 0.6466346153846154
0 0.9014423076923077 0.6586538461538461 0.12500000000000006 0.6586538461538461 0.12500000000000008 0.7019230769230769 0.9014423076923077 0.7019230769230769
0 0.875 0.7091346153846154 0.11057692307692318 0.7091346153846154 0.11057692307692318 0.7572115384615384 0.875 0.7572115384615384