0 0.560096153846154 0.5336538461538463 0.076923076923077 0.5336538461538461 0.076923076923077 0.608173076923077 0.560096153846154 0.6081730769230771
0 0.6682692307692307 0.43750000000000006 0.06730769230769236 0.4375 0.06730769230769237 0.5120192307692308 0.6682692307692307 0.512019230769231
0 0.9158653846153846 0.6153846153846154 0.7259615384615384 0.6153846153846154 0.7259615384615384 0.6778846153846154 0.9158653846153846 0.6778846153846154
0 0.8918269230769231 0.6850961538461539 0.7379807692307693 0.6850961538461539 0.7379807692307693 0.7524038461538461 0.8918269230769231 0.7524038461538461
0 0.8605769230769231 0.14663461538461547 0.7427884615384616 0.14663461538461547 0.7427884615384616 0.23076923076923087 0.8605769230769231 0.2307692307692309
0 0.8725961538461539 0.24038461538461547 0.78125 0.24038461538461545 0.78125 0.2860576923076924 0.8725961538461539 0.28605769230769246
0 0.9230769230769231 0.3004807692307694 0.8461538461538461 0.3004807692307694 0.8461538461538461 0.3509615384615386 0.9230769230769231 0.3509615384615386
0 0.7980769230769231 0.32211538461538475 0.7379807692307693 0.32211538461538475 0.7379807692307693 0.3701923076923078 0.7980769230769231 0.3701923076923078
0 0.6940306978879426 0.23809657750673643 0.676359954326923 0.15001056250000006 0.06262439586205736 0.27313071576249454 0.08029513942307694 0.3612167307692309
0 0.5859375000000001 0.3496303341346154 0.5752173287459241 0.2766278811391648 0.07174510759207792 0.35056112873531864 0.08246527884615387 0.42356358173076925
2 0.967447915865385 0.047528516826923196 0.0072788232484842 0.042267591954284506 0.0020704915177149575 0.9928379333004382 0.9622395841346159 0.998098858173077