2 0.9838396899038463 0.05981308413461551 0.03907905432519692 0.03253168893071458 0.01192973220981236 0.9727186047960992 0.9566903677884617 1.0000000000000002
0 0.7088823246023619 0.2159777596610611 0.6973173894230769 0.14252336538461538 0.0805488340514843 0.23962971870432345 0.09211376923076922 0.31308411298076916
0 0.5977456658696461 0.31645757605734615 0.588937573036485 0.2574694446165784 0.08734575332068507 0.33236700798230917 0.09615384615384616 0.3913551394230769
0 0.6730769230769231 0.40625000000000006 0.08894230769230772 0.40625 0.08894230769230774 0.4663461538461539 0.6730769230769231 0.46634615384615397
0 0.5697115384615385 0.48076923076923084 0.06730769230769236 0.4807692307692308 0.06730769230769237 0.576923076923077 0.5697115384615385 0.5769230769230771
0 0.9158653846153846 0.5817307692307694 0.7259615384615384 0.5817307692307694 0.7259615384615384 0.65625 0.9158653846153846 0.65625
0 0.8870192307692307 0.6634615384615384 0.7403846153846154 0.6634615384615384 0.7403846153846154 0.7283653846153846 0.8870192307692307 0.7283653846153846
0 0.8822115384615384 0.14663461538461547 0.7475961538461539 0.14663461538461547 0.7475961538461539 0.21634615384615394 0.8822115384615384 0.216346153846154
0 0.8653846153846154 0.23076923076923087 0.7884615384615384 0.23076923076923084 0.7884615384615384 0.2812500000000001 0.8653846153846154 0.2812500000000001
0 0.7908653846153846 0.295673076923077 0.7451923076923077 0.295673076923077 0.7451923076923077 0.3437500000000001 0.7908653846153846 0.3437500000000001
0 0.9350961538461539 0.29086538461538475 0.8485576923076923 0.29086538461538475 0.8485576923076923 0.34134615384615397 0.9350961538461539 0.34134615384615397