2 0.9912217980769231 0.06677964182692304 0.013786689903846154 0.01041056971153846 -0.043139849071210164 0.9975121077164016 0.9342952591018668 1.0538811798317862
0 0.8214214110576924 0.17665821875000015 0.7383388336436257 0.1586729271145591 0.6747893221153846 0.4522382091346155 0.7578718995294513 0.4702235007700566
0 0.7248384206730769 0.13119059855769238 0.6624625952845987 0.1171472434585849 0.5947324433420559 0.4179816310595692 0.657108268730534 0.4320249861586767
0 0.6568037235576922 0.14270919951923086 0.6125553388075049 0.13298138579847116 0.5501524566546038 0.4168300303432942 0.594400841404791 0.42655784406405384
0 0.5993619519230771 0.18415642307692315 0.542661509143884 0.17287273371922163 0.49830892103954777 0.39574411064192927 0.5550093638187408 0.40702779999963085
0 0.5219591033653846 0.13072512980769235 0.463717233173077 0.1261571129807693 0.44225643098234885 0.3997807231322018 0.5004983011746564 0.40434873995912485
0 0.4614143543027352 0.09831094065670334 0.40742898557692303 0.09580732451923081 0.3937055759857264 0.3917246242471429 0.4476909447115386 0.3942282403846154
0 0.3989760480769232 0.16964369230769238 0.35473272639293785 0.16831624443766796 0.3481759307198609 0.386851696360745 0.3924192524038463 0.3881791442307694
0 0.33707011066160075 0.13746519666110119 0.2928523149038461 0.1369360120192308 0.2898965648191685 0.3839136134350527 0.3341143605769231 0.3844427980769231
0 0.28745885085092365 0.11166377305815955 0.23191973557692305 0.11130285576923077 0.23016182943753788 0.38181511636491733 0.2857009447115385 0.3821760336538461
0 0.2307443533653846 0.3719685865384616 0.2267231319809055 0.044884271088300204 0.1711679831730769 0.04556727403846154 0.17518920455755602 0.3726515894886229
0 0.18128698557692308 0.364620673076923 0.18006144153385495 0.2673252993037909 0.1328844975961538 0.2679195456730769 0.13411004163922194 0.365214919446209