2 0.9827518816907327 0.10788941658325703 0.00001582932692307696 0.00030202403846153845 -0.10750939564613107 0.9824702188439371 0.8752266567176785 1.0900576113887326
0 0.8721130625000002 0.8752976009615386 0.7999629903846157 0.8689852884615387 0.7885165740645684 0.9998184439737414 0.8606666461799529 1.0061307564737414
0 0.7862063233609292 0.8430995109341318 0.7178601550486458 0.8397407089515446 0.7099843774038462 1.0000000000000002 0.7783305457161298 1.0033588019825874
0 0.7109178028846154 0.8448267331730771 0.6437008461538464 0.8412843125000001 0.6353751897797764 0.9992625245470228 0.7025921465105454 1.0028049452200998
0 0.6457312932692307 0.9301973461538461 0.5900209110576925 0.9301973461538461 0.5900209110576925 1 0.6457312932692307 1
0 0.50263975 1.0000000000000002 0.5017794379880696 0.8394382114014868 0.4393357403846154 0.8397727932692309 0.44019605239654597 1.0003345818677443
0 0.4489470240384615 0.9318074254807691 0.4168325089481137 0.8027221666774682 0.3646590120192308 0.8157021658653847 0.3967735271095786 0.9447874246686856
0 0.38860615625000006 1 0.3543939448884809 0.8062518233086008 0.2865880384615384 0.818225045673077 0.3208002498230575 1.0119732223644762
0 0.9035461319527569 0.5822600523994189 0.8278027740384617 0.577964125 0.8159262286241662 0.787364644715966 0.8916695865384615 0.7916605721153848
0 0.8148283498244477 0.5606164211048357 0.7427427824556555 0.555437590344935 0.725722966346154 0.7923410841346157 0.7978085337149463 0.7975199148945163
0 0.7344330863363464 0.5584516363627109 0.6653735072115385 0.5544001995192308 0.6509271516444226 0.8006484501757508 0.7199867307692306 0.8046998870192308
0 0.6156701250000001 0.5500517163461539 0.5278547062349926 0.5434291890673463 0.5090222951773004 0.7931489703173462 0.5968377139423078 0.7997714975961538
0 0.6632132692307694 0.5740867668269232 0.6114671979025228 0.5728258631263375 0.6058952604025227 0.801491918414799 0.6576413317307692 0.8027528221153848
0 0.5162459014423078 0.723740735576923 0.5082643573586357 0.571443774206692 0.4525579350961539 0.5743632235576923 0.4605394791798258 0.7266601849279233
0 0.4774807475030495 0.5516390035428224 0.3920034471153847 0.5456823774038462 0.37618783903541225 0.7726355974187162 0.46166513942307696 0.7785922235576923
0 0.3917389533442399 0.5393616959144634 0.3130707067307693 0.5317617548076923 0.2912556463522392 0.7575730506632563 0.3699238929657099 0.7651729917700275
0 0.5528846153846154 0.3173076923076923 0.47115384615384615 0.3173076923076923 0.47115384615384615 0.5192307692307693 0.5528846153846154 0.5192307692307693
0 0.9447115384615384 0.2692307692307694 0.8581730769230769 0.2692307692307694 0.8581730769230769 0.35336538461538475 0.9447115384615384 0.35336538461538475
0 0.7980769230769231 0.4254807692307694 0.7115384615384616 0.4254807692307694 0.7115384615384616 0.49038461538461553 0.7980769230769231 0.49038461538461553
0 0.8125 0.3197115384615386 0.7355769230769231 0.3197115384615386 0.7355769230769231 0.3677884615384617 0.8125 0.3677884615384617
0 0.7067307692307693 0.42307692307692324 0.6370192307692307 0.42307692307692324 0.6370192307692307 0.49038461538461553 0.7067307692307693 0.49038461538461553
0 0.7115384615384616 0.295673076923077 0.6418269230769231 0.295673076923077 0.6418269230769231 0.3557692307692309 0.7115384615384616 0.3557692307692309
0 0.6177884615384616 0.420673076923077 0.5480769230769231 0.4206730769230769 0.5480769230769231 0.4783653846153847 0.6177884615384616 0.47836538461538475
0 0.6177884615384616 0.2908653846153847 0.5504807692307693 0.2908653846153847 0.5504807692307693 0.3629807692307693 0.6177884615384616 0.3629807692307694
0 0.4519230769230769 0.23317307692307698 0.3798076923076923 0.23317307692307698 0.3798076923076923 0.34134615384615385 0.4519230769230769 0.34134615384615385
0 0.46634615384615385 0.4014423076923077 0.40865384615384615 0.4014423076923077 0.40865384615384615 0.4639423076923077 0.46634615384615385 0.4639423076923077