0 0.71875 0.033653846153846236 0.6394230769230769 0.03365384615384623 0.6394230769230769 0.16826923076923084 0.71875 0.16826923076923084
0 0.6370192307692307 0.028846153846153917 0.5697115384615384 0.028846153846153914 0.5697115384615384 0.1658653846153847 0.6370192307692307 0.1658653846153847
0 0.5625 0.033653846153846215 0.5 0.033653846153846215 0.5 0.10096153846153853 0.5625 0.10096153846153853
0 0.834333158653846 0.9030987067307692 0.7926748965966133 0.7338824567678173 0.7204108442899356 0.7516726798047197 0.7620691063471685 0.9208889297676717
0 0.7398015504807695 0.8402318221153846 0.7314305895529783 0.7634725343262687 0.6682418124999998 0.7703635673076922 0.6766127734277909 0.8471228550968081
0 0.6900685408653846 0.9231295 0.6460589106444977 0.7604570227160244 0.5795015167421825 0.7784635493455624 0.6235111469630694 0.9411360266295379
0 0.6112728269230769 0.9364490817307692 0.5963731629323704 0.7662675307993297 0.5523034509370741 0.7701259037974796 0.5672031149277805 0.940307454728919
0 0.5480769230769232 0.7644230769230769 0.5000000000000001 0.7644230769230769 0.5000000000000001 0.9182692307692307 0.5480769230769232 0.9182692307692307
0 0.49759615384615397 0.7740384615384616 0.45192307692307704 0.7740384615384616 0.45192307692307704 0.8774038461538461 0.49759615384615397 0.8774038461538461
0 0.44711538461538475 0.7716346153846154 0.39182692307692324 0.7716346153846154 0.39182692307692324 0.8990384615384616 0.44711538461538475 0.8990384615384616
2 0.984306685096154 0.9465213701923078 0.9599659949009 -0.009177164374684356 0.03362876413166907 0.014415722644546321 0.05796945432692308 0.9701142572115385