2 0.96875 5.931882933369992e-17 0 0 6.079076058267511e-17 0.9927884615384616 0.96875 0.9927884615384616
0 0.264423076923077 0.06250000000000003 0.17067307692307693 0.06250000000000001 0.17067307692307696 0.3485576923076923 0.264423076923077 0.3485576923076923
0 0.34179277884615394 0.3245391418269231 0.3228271655583015 0.04174676235938761 0.25321084825060913 0.0464156157247722 0.27217646153846153 0.3292079951923077
0 0.38372455769230773 0.31825992548076926 0.3681413245192309 0.05682959374999999 0.3117525608456704 0.060190792302781376 0.3273357940187473 0.32162112403355064
0 0.4494798004807692 0.09848556250000005 0.38172773923678 0.09831616994348388 0.38120316016050065 0.30813243598470386 0.4489552214044898 0.30830182854122
0 0.5192307692307693 0.0552884615384616 0.4543269230769231 0.05528846153846159 0.4543269230769231 0.3076923076923077 0.5192307692307693 0.3076923076923077
0 0.5649038461538461 0.03125000000000006 0.5 0.03125000000000006 0.5 0.29807692307692313 0.5649038461538461 0.29807692307692313
0 0.6225961538461539 0.108173076923077 0.5552884615384616 0.108173076923077 0.5552884615384616 0.29326923076923084 0.6225961538461539 0.29326923076923084
0 0.6754807692307693 0.06730769230769239 0.6177884615384616 0.06730769230769237 0.6177884615384616 0.295673076923077 0.6754807692307693 0.295673076923077
0 0.7379807692307693 0.04326923076923085 0.6634615384615384 0.04326923076923085 0.6634615384615384 0.3028846153846155 0.7379807692307693 0.3028846153846155
0 0.7956730769230769 9.317324806012915e-17 0.7259615384615384 8.890464743810112e-17 0.7259615384615384 0.28125000000000006 0.7956730769230769 0.28125000000000006
0 0.8269230769230769 0.18750000000000006 0.7788461538461539 0.18750000000000006 0.7788461538461539 0.27644230769230776 0.8269230769230769 0.27644230769230776