2 0.9391574182692308 1.1529239101876627e-16 0.0017380894216914465 -0.004366947522544387 -0.0028203144244624287 0.9741508505543788 0.934599014423077 0.9785177980769232
0 0.3108225496660001 0.14078471499898904 0.30055720192307694 0.08498673557692307 0.14047375321861527 0.11443784269331868 0.15073910096153845 0.17023582211538463
0 0.42269856372685266 0.18318270920352625 0.4139381995192308 0.13052896153846152 0.1201279795423781 0.17941217781570448 0.12888834374999997 0.2320659254807692
0 0.11427460336538463 0.21050551923076927 0.11356125721153848 0.14920060096153848 0.0776589598409311 0.1496183613381381 0.07837230599477725 0.21092327960736887
0 0.7121147437800085 0.19970404029917554 0.7033048461538461 0.13547416826923078 0.29476012400845314 0.1915109789315937 0.30357002163461544 0.2557408509615385
0 0.7052002914143374 0.31063439995708336 0.7034341466346153 0.23475362019230767 0.06049991291258572 0.24971808081214733 0.06226605769230769 0.32559886057692294
0 0.7714753587468517 0.37494717335341193 0.7708990817307692 0.3018050625 0.1700363421730055 0.3065391805420882 0.17061261918908807 0.3796812913955001
0 0.7432511562499999 0.3944308605769232 0.2458797276267482 0.38869300584273153 0.24498379578476037 0.4663545920699295 0.7423552244080122 0.47209244680412116
0 0.7051394894982577 0.5053261584844969 0.3018971095415276 0.4594896806524161 0.2929690022548086 0.5380339188025347 0.6962113822115387 0.5838703966346155
0 0.7016003284960599 0.6019950982697578 0.27298488461538467 0.5367796899038463 0.2615034575616325 0.6122391108648578 0.6901189014423077 0.6774545192307694
0 0.7354104652047605 0.7126406947725111 0.2243485721153847 0.5890129807692308 0.20403947710293185 0.6729683028236427 0.7151013701923077 0.7965960168269232
0 0.7337708971782858 0.8189737856694135 0.26237563942307696 0.6830302451923077 0.23974983359094493 0.7614870628882789 0.7111450913461538 0.8974306033653847