1 0.5504807692307693 0.02403846153846159 0.2548076923076923 0.02403846153846157 0.25480769230769235 0.6514423076923077 0.5504807692307694 0.6514423076923077
0 0.14663461538461547 0.6129807692307693 0.009615384615384692 0.6129807692307693 0.009615384615384696 0.6995192307692307 0.14663461538461547 0.6995192307692307
0 0.17307692307692316 0.5432692307692307 0.019230769230769298 0.5432692307692307 0.019230769230769305 0.6153846153846154 0.17307692307692316 0.6153846153846154
0 0.18269230769230776 0.47115384615384615 0.021634615384615443 0.47115384615384615 0.02163461538461545 0.5432692307692307 0.18269230769230776 0.5432692307692307
0 0.1939333547322337 0.44021250037690035 0.0368497572115385 0.41537323317307695 0.029635315274480455 0.46099738481482944 0.18671891279517566 0.4858366520186529
2 0.9928508271119572 0.0865421926086029 0.025134446751836462 0.017723527459845626 -0.041658558304430146 0.9569554196610107 0.9260578220556905 1.025774084809768
0 0.9216269039178624 0.8234539365810238 0.7475138149038464 0.7749146153846156 0.7219929510560046 0.8664592915220036 0.8961060400700206 0.9149986127184119
0 0.8592254096486035 0.7450126061788557 0.7692696201923077 0.7097566418269232 0.7455525195825138 0.7702709561616964 0.8355083090388096 0.805526920513629
0 0.9271888891691774 0.6903970042278968 0.7723426995192308 0.6553296177884617 0.7599593223692842 0.7100105895221034 0.9148055120192308 0.7450779759615386
0 0.9459198896735489 0.6306512884306065 0.7807940600961538 0.5992856971153846 0.770752431243194 0.6521503881709165 0.9358782608205891 0.6835159794861384
0 0.9286898688716669 0.576857577902709 0.7735681658653847 0.5420538245192309 0.7622319489427747 0.5925797909375166 0.9173536519490568 0.6273835443209946
0 0.8929885124307635 0.5291251221055467 0.7828896081730767 0.5022713581730771 0.7740438946094617 0.5385382805002602 0.8841427988671484 0.5653920444327298
0 0.9266767599593291 0.4594653397591167 0.7889681562500002 0.43592543028846165 0.7778259514546377 0.5011073914393955 0.9155345551639666 0.5246473009100506