1 1 0.5745192307692308 0.4495192307692309 0.5745192307692307 0.4495192307692309 0.8269230769230769 1 0.8269230769230769
2 1.0026470567035213 0.9998700997222287 0.9524284887190938 -0.023464101752415235 0.04719324038461539 0.020958939903846157 0.09741180836904288 1.0442931413784902
0 0.46414224038461543 0.9548375072115386 0.428662493504947 0.8091118513136291 0.3455136594167011 0.8293560531229333 0.3809934062963694 0.9750817090208428
0 0.5203918485576924 0.9585294254807691 0.5048954253847218 0.8127714568154405 0.45365888405323734 0.8182187276141651 0.4691553072262079 0.9639766962794938
0 0.5848811370192308 0.9615330625000001 0.5752778149744711 0.8053643554487088 0.5132207764423078 0.8091804447115384 0.5228240984870676 0.9653491517628298
0 0.6454543942307692 0.9675704591346153 0.622675454828098 0.8125080162932753 0.568070062034766 0.8205296423602081 0.5908490014374371 0.975592085201548
0 0.3157454182692308 0.22750805288461545 0.2528458295276565 0.04462642556756992 0.17101621880237342 0.07277058054373078 0.23391580754394775 0.2556522078607763
0 0.3811736850961538 0.2155467211538462 0.34387924400988185 0.12159578192498119 0.2847752525412268 0.14505749870911797 0.32206969362749877 0.239008437937983
0 0.4356690889423077 0.22344513461538465 0.4075194570989073 0.06346643657892649 0.3496911995192308 0.07364181730769231 0.3778408313626312 0.23362051534415046
0 0.48751353124999997 0.22371572836538464 0.4561957326482586 0.04648695424979178 0.40838942788461535 0.05493472596153848 0.43970722648635674 0.23216350007713132
0 0.5357680336538462 0.23132346875 0.5149245167041658 0.07230977863135855 0.46410767548076914 0.07897085096153848 0.4849511924304496 0.2379845410801799
0 0.5791282331730769 0.2290548004807692 0.5685323704525993 0.11872549821712147 0.5275342283653847 0.12266289903846153 0.5381300910858623 0.23299220130210926
0 0.6408506888120205 0.1068771020789941 0.5758309615384615 0.10347135096153853 0.5688484794572102 0.23677500849792907 0.633868206730769 0.24018075961538463