2 0.9831371298076925 0.012793177884615519 0.059584571004332156 -0.040784217755136895 0.0023144460043319067 0.9464226043602477 0.9258670048076922 1.0000000000000002
0 0.258860650208078 0.1906892415742461 0.24802591586538458 0.1370420625 0.09040033296499884 0.16887656611806165 0.1012350673076923 0.22252374519230772
0 0.2571370721153846 0.22523744951923078 0.12790131789053524 0.22248801306368945 0.1265438341346154 0.28629579326923077 0.25577958835946474 0.2890452297247721
0 0.2601741250000001 0.29308005288461547 0.11941241027238328 0.2814108654410795 0.11435065546469095 0.3424692115949257 0.25511237019230776 0.35413839903846167
0 0.18433670530198543 0.35027310408361906 0.1113585745192308 0.34464043509615383 0.1081133128042581 0.38668677838147525 0.18109144358701268 0.39231944736894053
0 0.14710757146569559 0.40496175887575053 0.06681514423076929 0.3907734062499999 0.056374914111227595 0.4498550656434801 0.13666734134615388 0.46404341826923073
0 0.23587770913461548 0.47082768028846156 0.06349135463017677 0.4596435131929182 0.05944195078402289 0.5220587079044567 0.2318283052884616 0.5332428750000001
0 0.25511237019230776 0.5345997283653847 0.07278336725876625 0.49319743496644297 0.058610458604920104 0.5556126320818275 0.24093946153846163 0.5970149254807693
0 0.24482273472760346 0.6067409942328935 0.06276574278846161 0.5576662139423078 0.04673426046470437 0.6171396019209526 0.2287912524038462 0.6662143822115384
0 0.2572350194017213 0.6791263554040883 0.057703987980769256 0.6051560384615384 0.03432197579058645 0.6682277840189887 0.23385300721153846 0.7421981009615385
0 0.23534873681709914 0.7476672765697577 0.05365458653846177 0.6621438269230772 0.02685009010597824 0.7190898484302427 0.2085442403846156 0.8046132980769232
0 0.5078851655236449 0.18112341169170926 0.5031382884615384 0.10719131730769231 0.3232547431302012 0.11874090321213686 0.32800162019230766 0.1926729975961538
0 0.5069976598982219 0.2571783625074226 0.5021259375 0.19538670192307692 0.30490758529408574 0.21093561345411588 0.30977930769230766 0.27272727403846153
0 0.48343871028614716 0.33634974383369837 0.4818789230769231 0.2672998629807692 0.2952427683257013 0.2715158396539189 0.29680255553492535 0.3405657205068481
0 0.46239387934335585 0.3488888461010729 0.2895322932692308 0.33785617307692317 0.285733272098952 0.39737981014892737 0.45859485817307694 0.4084124831730771
0 0.4869406754807693 0.4124830384615385 0.2851168240979301 0.3932599003366469 0.2790427207325455 0.45703195081741615 0.4808665721153847 0.4762550889423078
0 0.4524393851975507 0.48868775740762344 0.2834581899038462 0.4694708293269232 0.2774654537447571 0.5221670623039152 0.4464466490384616 0.5413839903846155
0 0.46613949398783344 0.5396820049522255 0.2819749388879678 0.5250643878677693 0.27637173557692307 0.5956580721153846 0.4605362906767887 0.6102756891998408
0 0.4584450327902799 0.616203099053187 0.271309983173077 0.5970149254807692 0.2643733518251048 0.6646652855621975 0.4515084014423077 0.6838534591346155
0 0.6782749543269231 0.48710990384615394 0.5071876899038462 0.46540027163461545 0.4986031176743968 0.5330527755862124 0.6696903820974736 0.5547624077977509
0 0.805831139423077 0.08005427403846163 0.7319295408653846 0.0719131610576924 0.7232042407295013 0.15111776483368658 0.7971058392871938 0.1592588778144558
0 0.6201923076923077 0.22355769230769237 0.5697115384615384 0.22355769230769237 0.5697115384615384 0.295673076923077 0.6201923076923077 0.295673076923077
0 0.7283653846153846 0.20192307692307698 0.6850961538461539 0.20192307692307698 0.6850961538461539 0.2740384615384616 0.7283653846153846 0.2740384615384616
0 0.6081730769230769 0.30769230769230776 0.5552884615384616 0.3076923076923077 0.5552884615384616 0.3798076923076924 0.6081730769230769 0.37980769230769246
0 0.7331730769230769 0.295673076923077 0.6850961538461539 0.295673076923077 0.6850961538461539 0.3750000000000001 0.7331730769230769 0.3750000000000001
0 0.7163461538461539 0.3990384615384617 0.65625 0.3990384615384617 0.65625 0.47355769230769246 0.7163461538461539 0.47355769230769246
0 0.7596153846153846 0.5793269230769232 0.6514423076923077 0.5793269230769232 0.6514423076923077 0.6610576923076923 0.7596153846153846 0.6610576923076923
0 0.5889423076923077 0.5408653846153847 0.5336538461538461 0.5408653846153846 0.5336538461538463 0.608173076923077 0.5889423076923078 0.6081730769230771