2 0.986229889423077 6.038916386527096e-17 0 0 5.654918417679888e-17 0.9235182620192308 0.986229889423077 0.9235182620192308
0 0.7019230769230769 0.3942307692307693 0.5024038461538461 0.3942307692307692 0.5024038461538461 0.4879807692307693 0.7019230769230769 0.4879807692307694
0 0.4831730769230769 0.24038461538461542 0.2548076923076923 0.2403846153846154 0.25480769230769235 0.3269230769230769 0.4831730769230769 0.3269230769230769
0 0.47836538461538464 0.31971153846153844 0.2548076923076924 0.31971153846153844 0.2548076923076924 0.40625 0.47836538461538464 0.40625
0 0.4831730769230769 0.46153846153846156 0.24278846153846162 0.46153846153846156 0.24278846153846162 0.5528846153846154 0.4831730769230769 0.5528846153846154
0 0.4495192307692308 0.40384615384615385 0.295673076923077 0.40384615384615385 0.295673076923077 0.46875 0.4495192307692308 0.46875
0 0.1971153846153847 0.6418269230769231 0.016826923076923152 0.6418269230769231 0.01682692307692316 0.71875 0.1971153846153847 0.71875
0 0.21153846153846162 0.5769230769230769 0.007211538461538532 0.5769230769230769 0.007211538461538537 0.65625 0.21153846153846162 0.65625
0 0.12500000000000006 0.5288461538461539 0.007211538461538525 0.5288461538461539 0.00721153846153853 0.5913461538461539 0.12500000000000006 0.5913461538461539
0 0.4678069182692309 0.7642466754807694 0.2493134687500001 0.7602136490384617 0.24793869316704553 0.8346935622578441 0.4664321426862763 0.8387265887001518
0 0.4694601506231101 0.6779872234458438 0.2466005120192308 0.6698255624999999 0.24418134453430515 0.7358825569022648 0.46704098313818443 0.7440442178481087
0 0.20214781260735462 0.4386631217779806 0.20107456490384612 0.37678696394230765 0.021650572008029983 0.3798990897604808 0.02272381971153846 0.4417752475961538
0 0.23482276361148768 0.31398414031098615 0.22363158413461534 0.2350693100961539 -0.0027339438999492514 0.2671709726697831 0.008457235576923084 0.34608580288461543
0 0.17558245327484082 0.7440588417462292 8.540177112501205e-17 0.7147075432692306 -0.011076587441903412 0.7809688161218376 0.1645058658329373 0.8103201145988361
0 0.25558953299533455 0.2178323118990619 0.2368859663461538 0.14964812980769232 0.017071608831588477 0.2099452890624766 0.03577517548076922 0.2781294711538462
0 0.2458366846329463 0.14213380065900585 0.22214542584567087 0.06499634900232959 0.03240612342426308 0.12327106276640068 0.056097382211538475 0.20040851442307694
0 0.7620192307692307 0.7836538461538461 0.6850961538461539 0.7836538461538461 0.6850961538461539 0.8653846153846154 0.7620192307692307 0.8653846153846154
0 0.6009615384615385 0.6538461538461539 0.5504807692307694 0.6538461538461539 0.5504807692307694 0.7211538461538461 0.6009615384615385 0.7211538461538461
0 0.71875 0.6754807692307693 0.6634615384615384 0.6754807692307693 0.6634615384615384 0.7403846153846154 0.71875 0.7403846153846154
0 0.605769230769231 0.5649038461538463 0.5504807692307694 0.5649038461538461 0.5504807692307694 0.6346153846153846 0.605769230769231 0.6346153846153846
0 0.71875 0.5817307692307694 0.6682692307692307 0.5817307692307694 0.6682692307692307 0.6442307692307693 0.71875 0.6442307692307693
0 0.6057692307692307 0.483173076923077 0.5552884615384616 0.4831730769230769 0.5552884615384616 0.5480769230769231 0.6057692307692307 0.5480769230769232
0 0.7211538461538461 0.4879807692307694 0.6706730769230769 0.4879807692307694 0.6706730769230769 0.5625000000000001 0.7211538461538461 0.5625000000000001
0 0.7884615384615384 0.3125000000000001 0.6826923076923077 0.3125000000000001 0.6826923076923077 0.3774038461538463 0.7884615384615384 0.3774038461538463
0 0.6177884615384616 0.3437500000000001 0.5625 0.3437500000000001 0.5625 0.40384615384615397 0.6177884615384616 0.40384615384615397