2 0.9925009759615384 0.0344795240384616 0.09448375961538467 0.034479524038461544 0.09448375961538474 1 0.9925009759615384 1
0 0.7566019914740529 0.8642709590795399 0.6674679451909141 0.8568838336225577 0.6577770570822459 0.9738153889660948 0.7469111033653847 0.9812025144230769
0 0.6586538461538461 0.8221153846153846 0.5961538461538463 0.8221153846153846 0.5961538461538463 0.9735576923076923 0.6586538461538461 0.9735576923076923
0 0.5937500000000001 0.8076923076923077 0.5312500000000001 0.8076923076923077 0.5312500000000001 0.96875 0.5937500000000001 0.96875
0 0.5360576923076924 0.8149038461538461 0.47355769230769246 0.8149038461538461 0.47355769230769246 0.9663461538461539 0.5360576923076924 0.9663461538461539
0 0.8269230769230769 0.10817307692307702 0.7379807692307693 0.10817307692307702 0.7379807692307693 0.2740384615384616 0.8269230769230769 0.2740384615384616
0 0.7403846153846154 0.1754807692307693 0.6730769230769231 0.1754807692307693 0.6730769230769231 0.24519230769230776 0.7403846153846154 0.24519230769230776
0 0.6903755793269231 0.09897786778846163 0.622862845866972 0.08596448032506965 0.5944400849312919 0.2334201899659724 0.6619528183912428 0.2464335774293644
0 0.6192833725961541 0.08273865144230778 0.561434866656965 0.08210683577671103 0.5596347560800419 0.24692343193055719 0.617483262019231 0.24755524759615397
0 0.5623606057692307 0.09470355769230777 0.5187024306201053 0.09257128534057826 0.511573519562413 0.23853540072519364 0.5552316947115384 0.24066767307692313
0 0.5173272379807693 0.13144416586538468 0.4794522884254653 0.1266919549296251 0.46710839106662605 0.22507237114049683 0.5049833406219301 0.22982458207625645
0 0.47852272355769226 0.10462896153846159 0.40219770432692314 0.10318626682692313 0.3999127086808165 0.22407278234296577 0.4762377279115857 0.22551547705450423
1 0.6610576923076923 0.5793269230769231 0.06730769230769237 0.5793269230769231 0.06730769230769239 0.8149038461538461 0.6610576923076923 0.8149038461538461