0 0.19471153846153852 0.2860576923076923 0.06250000000000003 0.2860576923076923 0.06250000000000004 0.3629807692307692 0.19471153846153852 0.3629807692307692
0 0.18990384615384623 0.36778846153846156 0.05528846153846159 0.36778846153846156 0.05528846153846159 0.4326923076923077 0.18990384615384623 0.4326923076923077
0 0.12259615384615391 0.4423076923076923 0.057692307692307744 0.4423076923076923 0.05769230769230775 0.5024038461538461 0.12259615384615391 0.5024038461538461
0 0.9457506386033275 0.2672479535427512 0.9359854615384615 0.19290123557692304 0.7676984743774417 0.21500513299571036 0.7774636514423077 0.28935185096153854
0 0.87534911501575 0.3472929335712548 0.8692230080742406 0.2842306402529936 0.790521712770029 0.2918759783163543 0.7966478197115384 0.3549382716346154
0 0.9510176388638771 0.4089012773488135 0.9501211634615382 0.33757716105769237 0.7927222649822763 0.33955551351657126 0.7936187403846152 0.4108796298076924
0 0.9622642439704572 0.4608456541270867 0.9602180937499999 0.41666666586538464 0.7895532031449275 0.424571011738298 0.7915993533653847 0.46875000000000006
0 0.9375 0.4807692307692309 0.7860576923076923 0.4807692307692309 0.7860576923076923 0.5216346153846155 0.9375 0.5216346153846155
0 0.8966346153846154 0.528846153846154 0.7932692307692307 0.528846153846154 0.7932692307692307 0.5697115384615385 0.8966346153846154 0.5697115384615385
0 0.9158653846153846 0.5793269230769232 0.7884615384615384 0.5793269230769232 0.7884615384615384 0.6322115384615384 0.9158653846153846 0.6322115384615384
2 0.985460420673077 0.04436728365384628 0.02757331242511224 0.029743641990789826 0.013437608098189177 0.9556695674715591 0.9713247163461538 0.9702932091346155