1 0.8173076923076923 0.2740384615384616 0.49038461538461536 0.2740384615384616 0.4903846153846155 0.9639423076923077 0.8173076923076923 0.9639423076923077
2 1.0159901198097403 0.9121386061203047 0.9972265455763453 -0.005667446219961381 0.022524281610324888 0.014259310896916082 0.0412878558437199 0.9320653632371823
0 0.9211572536515418 0.1907828507246947 0.8921819785063995 0.0938238240780517 0.5926607272587037 0.18333287719951089 0.6216360024038461 0.2802919038461539
0 0.9616953966346153 0.28705354086538465 0.9474519519230769 0.22055481490384615 0.7128969194813842 0.27079444864252344 0.7271403641929227 0.337293174604062
0 0.9271906298747982 0.3344955144806424 0.9171079582271583 0.28470362414076994 0.7143879172946679 0.3257536745639737 0.7244705889423078 0.3755455649038462
0 0.8846153846153846 0.36538461538461553 0.6730769230769231 0.36538461538461553 0.6730769230769231 0.42307692307692324 0.8846153846153846 0.42307692307692324
0 0.9350961538461539 0.42788461538461553 0.6682692307692307 0.42788461538461553 0.6682692307692307 0.49038461538461553 0.9350961538461539 0.49038461538461553
0 0.9639423076923077 0.4711538461538463 0.7331730769230769 0.4711538461538463 0.7331730769230769 0.5360576923076924 0.9639423076923077 0.5360576923076924
0 0.8846153846153846 0.5336538461538463 0.7524038461538461 0.5336538461538463 0.7524038461538461 0.591346153846154 0.8846153846153846 0.591346153846154
0 0.9206730769230769 0.5937500000000001 0.7764423076923077 0.5937500000000001 0.7764423076923077 0.6514423076923077 0.9206730769230769 0.6514423076923077
0 0.9423076923076923 0.6466346153846154 0.7908653846153846 0.6466346153846154 0.7908653846153846 0.7115384615384616 0.9423076923076923 0.7115384615384616
0 1 0.7019230769230769 0.8245192307692307 0.7019230769230769 0.8245192307692307 0.7740384615384616 1 0.7740384615384616