2 1 1.0870889847793576e-16 0.0025059975961538505 4.763000661730814e-17 0.002505997596153909 0.9560985721153846 1 0.9560985721153846
0 0.9000993131709303 0.7168240209758328 0.605297548076923 0.6849240552884617 0.5961379331370394 0.7695721291554546 0.8909396982310468 0.8014720948428258
0 0.9334813100462218 0.6352728630306298 0.6314767187500002 0.6114400552884616 0.6264277163960859 0.675420007161678 0.9284323076923076 0.6992528149038463
0 0.9155823686672805 0.5876985905939123 0.629776264423077 0.5616966274038462 0.6256578236404118 0.6069653445022416 0.9114639278846153 0.6329673076923078
0 0.865751037978823 0.5222258763073769 0.6431783566334256 0.5216890668582299 0.6430378162507565 0.5799601160316222 0.8656104975961539 0.5804969254807693
0 0.913373316240805 0.497736257128695 0.9122464375000001 0.4394205024038461 0.6376117126053489 0.44472747364053566 0.6387385913461539 0.5030432283653845
0 0.9412983728936187 0.433965809622524 0.9378421658653846 0.3801862475961538 0.641066963644843 0.3992588562428606 0.6445231706730771 0.45303841826923075
0 0.8640567616494652 0.3799040775082961 0.8605093870192307 0.33592983653846153 0.6425027335428424 0.35351629749170405 0.646050108173077 0.39749053846153853
0 0.8919999592386689 0.3147878179498336 0.8876691610576924 0.2709492163461539 0.6407015936459466 0.2953470450309356 0.6450323918269232 0.33918564663461537
0 0.9139388057998612 0.2626439306102262 0.9082003966346155 0.20762300480769233 0.6376183528539852 0.23584336746669698 0.6433567620192308 0.2908642932692308
0 0.9753676996767907 0.19495174635110282 0.9686021514423077 0.1400586105769231 0.6422765046501323 0.18027806374505112 0.6490420528846154 0.23517119951923085
0 0.7502698103368428 0.17315281536722077 0.7445105889423077 0.12654000240384614 0.6465723963939265 0.13864070386354846 0.6523316177884616 0.18525351682692306