1 0.8269230769230769 8.331130869199543e-17 0.5336538461538461 6.535374745449818e-17 0.5336538461538463 0.6466346153846154 0.8269230769230769 0.6466346153846154
0 0.9254807692307693 0.6033653846153848 0.7764423076923077 0.6033653846153848 0.7764423076923077 0.6995192307692307 0.9254807692307693 0.6995192307692307
0 0.9326923076923077 0.543269230769231 0.7548076923076923 0.543269230769231 0.7548076923076923 0.6009615384615385 0.9326923076923077 0.6009615384615385
0 0.9230769230769231 0.47355769230769246 0.75 0.47355769230769246 0.75 0.5384615384615385 0.9230769230769231 0.5384615384615385
0 0.21016197278624724 0.7848211297941994 0.19318852822760657 0.7364547497600765 0.048295738133667054 0.7873026680428002 0.06526918269230772 0.8356690480769231
0 0.199365600024402 0.729796628844488 0.17673347711823859 0.6826139381408844 0.10228578334383658 0.7183242660271657 0.12491790625000002 0.7655069567307694
0 0.18899114369451123 0.7021510963578363 0.17801149284689485 0.6377379848409704 0.0542211111716144 0.6588388932908262 0.06520076201923077 0.7232520048076923
0 0.18506835703203636 0.6296515188954009 0.17770571941078137 0.586736009793609 0.03801477343643729 0.6107015606097463 0.0453774110576923 0.6536170697115384
0 0.19077748087781293 0.5834349144964256 0.18429765824408198 0.5433149546118726 0.05507827832780749 0.5641853309808316 0.06155810096153847 0.6043052908653845
0 0.18896639597234505 0.5328429810067834 0.17942704291842862 0.497929428177834 0.09058288973454508 0.5222041202479736 0.1001222427884615 0.5571176730769231
0 0.18516050734777115 0.49296202820744817 0.1794874158653846 0.4507872235576924 0.07193476622486222 0.46525453468458067 0.07760785770724878 0.5074293393343364
2 1.0117000296772967 0.910237978172285 0.9685388197115384 0.03524324038461538 -0.005834294100373501 0.0833065266354074 0.03732691586538462 0.9583012644230772