1 0.8870192307692307 0.32932692307692324 0.6466346153846154 0.32932692307692324 0.6466346153846154 0.8942307692307693 0.8870192307692307 0.8942307692307693
0 0.29326923076923084 0.3125 0.12980769230769235 0.3125 0.12980769230769235 0.38221153846153844 0.29326923076923084 0.38221153846153844
0 0.7668269230769231 0.2475961538461539 0.4014423076923077 0.2475961538461539 0.4014423076923077 0.34375000000000006 0.7668269230769231 0.3437500000000001
0 0.5865384615384616 0.3846153846153847 0.43990384615384615 0.38461538461538464 0.43990384615384615 0.4663461538461539 0.5865384615384616 0.46634615384615397
0 0.3269230769230769 0.3894230769230769 0.14903846153846156 0.3894230769230769 0.1490384615384616 0.44471153846153844 0.3269230769230769 0.44471153846153844
0 0.6274038461538461 0.48076923076923084 0.4375 0.4807692307692308 0.43750000000000006 0.5649038461538463 0.6274038461538461 0.5649038461538463
0 0.6418269230769231 0.5841346153846154 0.43509615384615397 0.5841346153846154 0.43509615384615397 0.6754807692307693 0.6418269230769231 0.6754807692307693
0 0.512019230769231 0.6995192307692307 0.4302884615384617 0.6995192307692307 0.4302884615384617 0.7908653846153846 0.512019230769231 0.7908653846153846
0 0.353249811898967 0.48498317075390757 0.3439126364899625 0.4271404065072402 0.13566282459099555 0.4607567982533327 0.14500000000000002 0.5185995625
0 0.3498544896163643 0.531248382501318 0.34333333413461536 0.48796498798076915 0.13681217865286638 0.5190798434602204 0.14333333413461535 0.5623632379807693
2 0.9933935721045523 0.9039718057046252 0.9456825821647485 0.030488329996912276 0.061666665865384614 0.07877461778846154 0.10937765580518838 0.9522580934961744
0 0.9476840706573806 0.4872923825633576 0.9439142246259529 0.45921680774737184 0.8601851850961538 0.47045951923076923 0.8639550311275817 0.498535094046755
0 0.9305007656705221 0.4644819141192996 0.9286578365533125 0.4269780852995825 0.8564904050174058 0.4305243755072059 0.8583333341346153 0.46802820432692305
0 0.9469404392184864 0.26934693909281016 0.9379264164260344 0.22774899120700687 0.8345044964383173 0.2501598934603505 0.8435185192307693 0.2917578413461538
0 0.9071333031066018 0.32210419929216677 0.8981481490384616 0.2844638942307692 0.8504517090088239 0.29584955812135283 0.859436863076964 0.33348986318275037
0 0.9480042232498873 0.3522258646365049 0.9407037690854173 0.3175795955590895 0.8555555552884617 0.3355215168269231 0.8628560094529317 0.37016778590433846
0 0.9583333341346155 0.3853634807692308 0.9514582957440096 0.3542525835947237 0.8579397765132405 0.3749187638831853 0.8648148149038464 0.4060296610576924