2 1 0.04086538461538468 0.014423076923076927 0.040865384615384616 0.014423076923076985 0.96875 1 0.96875
0 0.19230769230769237 0.2860576923076923 0.05769230769230772 0.2860576923076923 0.05769230769230774 0.36538461538461536 0.19230769230769237 0.36538461538461536
0 0.2067307692307693 0.37740384615384615 0.04807692307692313 0.37740384615384615 0.04807692307692313 0.4326923076923077 0.2067307692307693 0.4326923076923077
0 0.21153846153846162 0.44711538461538464 0.060096153846153896 0.44711538461538464 0.0600961538461539 0.5024038461538461 0.21153846153846162 0.5024038461538461
0 0.20192307692307698 0.5024038461538461 0.06009615384615392 0.5024038461538461 0.06009615384615392 0.5625 0.20192307692307698 0.5625
0 0.1850961538461539 0.5649038461538461 0.06490384615384623 0.5649038461538461 0.06490384615384623 0.6177884615384616 0.1850961538461539 0.6177884615384616
0 0.9759615384615384 0.1923076923076924 0.8125 0.19230769230769237 0.8125 0.2812500000000001 0.9759615384615384 0.2812500000000001
0 0.8990384615384616 0.28365384615384626 0.8245192307692307 0.2836538461538462 0.8245192307692307 0.3509615384615386 0.8990384615384616 0.3509615384615386
0 0.9735576923076923 0.35336538461538475 0.8221153846153846 0.35336538461538475 0.8221153846153846 0.4086538461538463 0.9735576923076923 0.4086538461538463
0 1 0.41586538461538475 0.8269230769230769 0.41586538461538475 0.8269230769230769 0.4687500000000001 1 0.4687500000000001
0 0.9759615384615384 0.4687500000000001 0.8100961538461539 0.4687500000000001 0.8100961538461539 0.5168269230769232 0.9759615384615384 0.5168269230769232
0 0.9350961538461539 0.5168269230769232 0.8197115384615384 0.5168269230769232 0.8197115384615384 0.560096153846154 0.9350961538461539 0.560096153846154
0 0.9591346153846154 0.5625000000000001 0.8245192307692307 0.5625000000000001 0.8245192307692307 0.6346153846153846 0.9591346153846154 0.6346153846153846
1 0.8269230769230769 0.3461538461538463 0.5697115384615384 0.3461538461538463 0.5697115384615385 0.9807692307692307 0.8269230769230769 0.9807692307692307