0 0.9112188497667078 0.25596372863206557 0.8918604639423079 0.15856236778846158 0.5841299867717541 0.21972337473331915 0.6034883725961538 0.31712473557692317
0 0.9288152693504572 0.32653692426799796 0.9162790697115384 0.26638477884615386 0.6165335671880041 0.3288541959243098 0.629069766826923 0.3890063413461539
0 0.905813954326923 0.3826638485576924 0.8953488365384616 0.3234672307692309 0.6227633515587924 0.37165645701744326 0.6332284693472539 0.4308530748059048
0 0.8593023245192307 0.4630021129807692 0.8546511634615384 0.39746300240384613 0.6366941245262056 0.41293091588058023 0.6413452855838979 0.47847002645750336
0 0.9104651153846153 0.5285412259615384 0.9087935097292189 0.4754468603066308 0.6401888582869113 0.48390352136432313 0.6418604639423076 0.5369978870192308
0 0.9382826466346155 0.5822084879807693 0.9377258695772773 0.5333652374352552 0.6523949224618927 0.5366177999352552 0.6529516995192309 0.5854610504807692
0 0.8568872980769231 0.6407545937500002 0.8550983894230769 0.590339891826923 0.6568944897477631 0.5973729329405298 0.6586833984016093 0.6477876348636069
0 0.8881932019230769 0.6537648389423077 0.6574239711538462 0.6537648389423077 0.6574239711538462 0.6976744182692307 0.8881932019230769 0.6976744182692307
0 0.905010007677672 0.7074853622036007 0.6574239711538463 0.6993006995192308 0.6557064624955653 0.7512553344012777 0.903292499019391 0.7594399970856477
0 0.9681397263149254 0.7578630187521179 0.6612024223615338 0.7562168004189403 0.6608623378735315 0.8196255316668224 0.967799641826923 0.82127175
0 0.7640701309120174 0.8148443355712273 0.6694757315453348 0.8081651196743216 0.6656918265948559 0.8617546759300173 0.7602862259615384 0.868433891826923
2 0.9946332740384617 0.9806472596153846 0.9749552764423076 0.009757685096153853 0.009091104855179177 0.02933382778582522 0.02876910245133317 1.000223402305056