2 0.9519230769230769 5.82884774594173e-17 0 0 6.123233995736766e-17 1 0.9519230769230769 1
1 0.6322115384615384 0.3341346153846155 4.0919688721510124e-17 0.33413461538461536 5.740531871003219e-17 0.6033653846153847 0.6322115384615384 0.6033653846153848
0 0.6995192307692307 0.048076923076923156 0.6057692307692307 0.04807692307692314 0.6057692307692307 0.19951923076923084 0.6995192307692307 0.19951923076923084
0 0.6009615384615384 0.04807692307692314 0.5288461538461539 0.04807692307692314 0.5288461538461539 0.22596153846153852 0.6009615384615384 0.22596153846153852
0 0.5408653846153846 0.05288461538461545 0.46634615384615385 0.05288461538461543 0.46634615384615385 0.22596153846153852 0.5408653846153846 0.22596153846153852
0 0.4831730769230769 0.04807692307692313 0.41346153846153844 0.04807692307692313 0.41346153846153844 0.21875000000000006 0.4831730769230769 0.21875000000000006
0 0.42788461538461536 0.05528846153846159 0.35096153846153844 0.05528846153846159 0.35096153846153844 0.2475961538461539 0.42788461538461536 0.2475961538461539
0 0.7427884615384616 0.875 0.65625 0.875 0.65625 1 0.7427884615384616 1
0 0.6634615384615384 0.9038461538461539 0.5865384615384617 0.9038461538461539 0.5865384615384617 0.9735576923076923 0.6634615384615384 0.9735576923076923
0 0.5384615384615385 0.9014423076923077 0.4711538461538463 0.9014423076923077 0.4711538461538463 1 0.5384615384615385 1
0 0.47355769230769246 0.8966346153846154 0.4182692307692309 0.8966346153846154 0.4182692307692309 1 0.47355769230769246 1
0 0.43509615384615397 0.8870192307692307 0.37259615384615397 0.8870192307692307 0.37259615384615397 1 0.43509615384615397 1
0 0.3750000000000001 0.8942307692307693 0.31009615384615397 0.8942307692307693 0.31009615384615397 0.9951923076923077 0.3750000000000001 0.9951923076923077
0 0.5937500000000001 0.8966346153846154 0.528846153846154 0.8966346153846154 0.528846153846154 1 0.5937500000000001 1