2 1.022239430779628 0.8854136284934777 0.9275085754281208 -0.06613942627408674 0.002121262019230769 0.025986526442307686 0.09685211737073787 0.9775395812098722
0 0.1754807692307693 0.34375 0.08413461538461542 0.34375 0.08413461538461543 0.5288461538461539 0.1754807692307693 0.5288461538461539
0 0.18990384615384615 0.21394230769230768 0.08413461538461542 0.21394230769230768 0.08413461538461542 0.2764423076923077 0.18990384615384615 0.2764423076923077
0 0.15865384615384615 0.08173076923076925 0.07692307692307693 0.08173076923076923 0.07692307692307694 0.15625 0.15865384615384615 0.15625
0 0.326923076923077 0.5264423076923077 0.24038461538461545 0.5264423076923077 0.24038461538461547 0.8581730769230769 0.32692307692307704 0.8581730769230769
0 0.2379807692307693 0.2980769230769231 0.16105769230769237 0.2980769230769231 0.16105769230769237 0.4855769230769231 0.2379807692307693 0.4855769230769231
0 0.8317307692307693 0.2596153846153847 0.7163461538461539 0.2596153846153847 0.7163461538461539 0.8052884615384616 0.8317307692307693 0.8052884615384616
0 0.6033653846153847 0.4879807692307693 0.5048076923076923 0.4879807692307692 0.5048076923076924 0.8173076923076923 0.6033653846153848 0.8173076923076923
0 0.6682692307692307 0.4326923076923078 0.5769230769230769 0.4326923076923078 0.576923076923077 0.8076923076923077 0.6682692307692307 0.8076923076923077
0 0.6298076923076923 0.07932692307692314 0.5408653846153846 0.07932692307692314 0.5408653846153846 0.38221153846153855 0.6298076923076923 0.3822115384615386
0 0.7548076923076923 0.11298076923076932 0.6225961538461539 0.1129807692307693 0.6225961538461539 0.8317307692307693 0.7548076923076923 0.8317307692307693
0 0.5216346153846154 0.4206730769230769 0.43028846153846156 0.4206730769230769 0.4302884615384616 0.8509615384615384 0.5216346153846155 0.8509615384615384
0 0.3979694975961539 0.8365193076923076 0.30782377133143507 0.06944986979796873 0.23207307211538467 0.07835206490384615 0.3222187983801034 0.8454215027981852
0 0.47317506343463517 0.8581361660431204 0.38216350378443675 0.0420504138048403 0.3005000072115385 0.051157694711538464 0.3915115668617369 0.8672434469498186