0 0.9519230769230769 0.6778846153846154 0.2475961538461539 0.6778846153846154 0.2475961538461539 0.8173076923076923 0.9519230769230769 0.8173076923076923
0 0.9350961538461539 0.5889423076923077 0.3365384615384617 0.5889423076923077 0.3365384615384617 0.7115384615384616 0.9350961538461539 0.7115384615384616
0 0.9302884615384616 0.46875000000000006 0.2596153846153847 0.46875 0.2596153846153847 0.5985576923076924 0.9302884615384616 0.5985576923076924
0 0.9326923076923077 0.37500000000000006 0.3605769230769231 0.375 0.3605769230769231 0.4879807692307693 0.9326923076923077 0.4879807692307694
0 0.9182692307692307 0.2980769230769232 0.40384615384615385 0.29807692307692313 0.40384615384615385 0.40144230769230776 0.9182692307692307 0.4014423076923078
0 0.9855769230769231 0.20913461538461553 0.84375 0.20913461538461553 0.84375 0.27163461538461553 0.9855769230769231 0.27163461538461553
0 0.96875 0.153846153846154 0.8653846153846154 0.153846153846154 0.8653846153846154 0.20673076923076936 0.96875 0.20673076923076936
0 0.2379807692307693 0.7379807692307693 0.11538461538461549 0.7379807692307693 0.11538461538461549 0.8125 0.2379807692307693 0.8125
0 0.22596153846153852 0.35096153846153844 0.07211538461538466 0.35096153846153844 0.07211538461538466 0.4182692307692308 0.22596153846153852 0.4182692307692308
0 0.21394230769230776 0.2860576923076923 0.08173076923076926 0.2860576923076923 0.08173076923076926 0.3557692307692308 0.21394230769230776 0.3557692307692308
0 0.19471153846153852 0.6826923076923077 0.12019230769230776 0.6826923076923077 0.12019230769230778 0.7355769230769231 0.19471153846153852 0.7355769230769231
2 1 8.726633908987427e-17 0.036888225961538464 2.829275152500773e-17 0.03688822596153852 0.9081621802884615 1 0.9081621802884615