0 0.7620192307692307 0.8365384615384616 0.6634615384615384 0.8365384615384616 0.6634615384615384 0.9783653846153846 0.7620192307692307 0.9783653846153846
0 0.6634615384615384 0.8052884615384616 0.5961538461538463 0.8052884615384616 0.5961538461538463 0.9735576923076923 0.6634615384615384 0.9735576923076923
0 0.5961538461538463 0.8004807692307693 0.5312500000000001 0.8004807692307693 0.5312500000000001 0.9807692307692307 0.5961538461538463 0.9807692307692307
0 0.5408653846153848 0.7956730769230769 0.4807692307692309 0.7956730769230769 0.4807692307692309 0.96875 0.5408653846153848 0.96875
0 0.7980769230769231 0.3389423076923078 0.6730769230769231 0.3389423076923078 0.6730769230769231 0.7355769230769231 0.7980769230769231 0.7355769230769231
0 0.6370192307692307 0.5384615384615385 0.5336538461538461 0.5384615384615384 0.5336538461538463 0.7067307692307693 0.6370192307692307 0.7067307692307693
0 0.5168269230769231 0.4807692307692308 0.41586538461538464 0.4807692307692308 0.4158653846153847 0.7043269230769231 0.5168269230769232 0.7043269230769231
0 0.3846153846153847 0.46875 0.27644230769230776 0.46875 0.27644230769230776 0.7115384615384616 0.38461538461538475 0.7115384615384616
0 0.264423076923077 0.6009615384615384 0.16346153846153852 0.6009615384615384 0.16346153846153852 0.7067307692307693 0.264423076923077 0.7067307692307693
0 0.8028846153846154 0.10817307692307702 0.7211538461538461 0.10817307692307702 0.7211538461538461 0.2524038461538462 0.8028846153846154 0.2524038461538462
0 0.7235576923076923 0.15865384615384623 0.6658653846153846 0.15865384615384623 0.6658653846153846 0.2283653846153847 0.7235576923076923 0.2283653846153847
0 0.6706730769230769 0.09615384615384623 0.6105769230769231 0.09615384615384623 0.6105769230769231 0.24278846153846162 0.6706730769230769 0.24278846153846162
0 0.6153846153846154 0.0817307692307693 0.5600961538461539 0.0817307692307693 0.5600961538461539 0.23076923076923084 0.6153846153846154 0.23076923076923084
0 0.5649038461538461 0.09615384615384623 0.5168269230769231 0.09615384615384623 0.5168269230769231 0.23076923076923084 0.5649038461538461 0.23076923076923084
0 0.5192307692307693 0.12019230769230776 0.4855769230769231 0.12019230769230776 0.4855769230769231 0.21875000000000006 0.5192307692307693 0.21875000000000006
0 0.4807692307692308 0.08894230769230776 0.43509615384615385 0.08894230769230776 0.43509615384615385 0.21875000000000006 0.4807692307692308 0.21875000000000006
1 0.6634615384615384 0.1899038461538462 0.016826923076923097 0.18990384615384615 0.016826923076923114 0.44471153846153855 0.6634615384615384 0.4447115384615386
1 1.0638971251946858 0.11279180246969353 0.14939322836538463 0.03615638942307694 0.07101745603647232 0.971428300441516 0.9855213528657735 1.0480637134881325