2 0.9662885049156844 0.9538486314852068 0.9542073461538462 0.048134778846153845 -0.009756658761838236 0.060992926207100645 0.0023245000000000006 0.9667067788461536
0 0.17285956371587632 0.3867476206591839 0.1485490092826036 0.2975241522289906 0.00009669797057345095 0.3379726806082682 0.024407252403846166 0.42719614903846154
0 0.1786271617081809 0.4631285853255 0.1754997668269231 0.405134375 0.056215586512141154 0.41156689184672834 0.05934298139339899 0.46956110217222835
0 0.19188841258147174 0.5185244532077778 0.18449069418886344 0.47136786729743635 0.0890690412227763 0.48633719774350465 0.09646675961538462 0.5334937836538461
0 0.18394023330844186 0.571610524654734 0.17561446243045167 0.5165362157180324 0.0695449863335483 0.5325710997171447 0.07787075721153848 0.5876454086538462
0 0.9414083711312494 0.2387764136945258 0.9286378437499998 0.16847172115384626 0.7636125495418272 0.19844781467085904 0.7763830769230768 0.26875250721153854
0 0.8822924893631695 0.3065488136619124 0.8642358884357115 0.24281498438586466 0.7711112283994648 0.2691983798585677 0.7891678293269229 0.33293220913461546
0 0.9367735937499998 0.3610108293269232 0.9264719956428699 0.2948008274097767 0.784677481219793 0.31686260144823825 0.7949790793269229 0.3830726033653847
0 0.9399038461538461 0.5168269230769232 0.8028846153846154 0.5168269230769232 0.8028846153846154 0.5625000000000001 0.9399038461538461 0.5625000000000001
0 0.9592846976962469 0.398108994870072 0.9507205961538462 0.35499398317307684 0.7840904777845222 0.38809236811069703 0.7926545793269231 0.43120737980769225
0 0.9460270947416245 0.4531684703213043 0.9349343488707406 0.3983143001532893 0.775750583456039 0.43050483463967737 0.7868433293269229 0.4853590048076924
0 0.9048829293312044 0.5063740089846156 0.8984193389423075 0.4592859999999999 0.7885154889380261 0.47437207995769204 0.7949790793269229 0.5214600889423077