0 0.16586538461538464 0.19951923076923078 0.09375000000000003 0.19951923076923078 0.09375000000000003 0.33413461538461536 0.1658653846153847 0.33413461538461536
0 0.23798076923076927 0.22596153846153846 0.1778846153846154 0.22596153846153846 0.17788461538461542 0.6177884615384616 0.2379807692307693 0.6177884615384616
0 0.30528846153846156 0.2259615384615385 0.23798076923076922 0.22596153846153846 0.23798076923076927 0.4423076923076923 0.3052884615384616 0.4423076923076923
0 0.3605769230769231 0.23557692307692316 0.31490384615384615 0.23557692307692316 0.31490384615384615 0.3245192307692308 0.3605769230769231 0.3245192307692308
0 0.4615384615384616 0.2379807692307693 0.38221153846153844 0.2379807692307693 0.38221153846153855 0.6153846153846154 0.4615384615384617 0.6153846153846154
0 0.5625000000000001 0.21394230769230776 0.47115384615384615 0.21394230769230776 0.4711538461538462 0.6634615384615384 0.5625000000000001 0.6634615384615384
0 0.6057692307692307 0.389423076923077 0.5480769230769231 0.3894230769230769 0.5480769230769231 0.5576923076923077 0.6057692307692307 0.5576923076923078
0 0.6706730769230769 0.4062500000000001 0.6033653846153846 0.4062500000000001 0.6033653846153846 0.5552884615384617 0.6706730769230769 0.5552884615384617
0 0.7427884615384616 0.37980769230769246 0.6850961538461539 0.37980769230769246 0.6850961538461539 0.5865384615384617 0.7427884615384616 0.5865384615384617
0 0.8125 0.4014423076923078 0.75 0.4014423076923078 0.75 0.6225961538461539 0.8125 0.6225961538461539
0 0.9254807692307693 0.37980769230769246 0.7980769230769231 0.37980769230769246 0.7980769230769231 0.6875 0.9254807692307693 0.6875
2 1 6.123233995736766e-17 0 0 6.123233995736766e-17 1 1 1