2 1.016381736185735 0.9027060397212481 0.9434369101229352 -0.021189912665383667 0.049250536057692314 0.04940923798076924 0.12219536212049203 0.9733051903674009
0 0.32766303136827263 0.3103721087785309 0.11777301923076927 0.302900108173077 0.11473140089644952 0.388339783946396 0.3246214130339528 0.3958117845518499
0 0.36812773086988315 0.4357472883280928 0.3634460619560912 0.379747706949971 0.12633832932692307 0.39957035336538466 0.13101999824071509 0.4555699347435064
0 0.38603429843242004 0.49379449518491164 0.3830044311937132 0.44417799308356976 0.12847965624999996 0.4597207307692307 0.13150952348870687 0.5093372328705725
0 0.38919160792692975 0.5599431262196821 0.38324562627170883 0.4913440126130044 0.12681633084477906 0.5135705955279378 0.13276231249999998 0.5821697091346154
0 0.574519230769231 0.7043269230769231 0.4759615384615386 0.7043269230769231 0.4759615384615386 0.7836538461538461 0.574519230769231 0.7836538461538461
0 0.6995192307692307 0.591346153846154 0.47836538461538475 0.5913461538461539 0.47836538461538475 0.6802884615384616 0.6995192307692307 0.6802884615384616
0 0.6875 0.4903846153846155 0.4879807692307692 0.49038461538461536 0.4879807692307693 0.5745192307692308 0.6875 0.574519230769231
0 0.6370192307692307 0.40625000000000006 0.4951923076923077 0.40625 0.4951923076923077 0.48076923076923084 0.6370192307692307 0.4807692307692309
0 0.8052884615384616 0.28125000000000006 0.4567307692307692 0.28125000000000006 0.4567307692307692 0.37500000000000006 0.8052884615384616 0.3750000000000001
0 0.847623727600488 0.6116810197476353 0.8390967635780673 0.565487044352514 0.7312633822115383 0.5853920504807693 0.7397903462339589 0.6315860258758905
0 0.8591386283210609 0.42306460625430736 0.8572411728532665 0.37928248833313527 0.7219333124999999 0.3851465408653846 0.7238307679677944 0.4289286587865567
0 0.8677884615384616 0.4375000000000001 0.7115384615384616 0.4375000000000001 0.7115384615384616 0.48557692307692324 0.8677884615384616 0.48557692307692324
0 0.7836538461538461 0.4879807692307694 0.7307692307692307 0.4879807692307694 0.7307692307692307 0.5192307692307694 0.7836538461538461 0.5192307692307694
0 0.9038461538461539 0.5312500000000001 0.7307692307692307 0.5312500000000001 0.7307692307692307 0.5721153846153848 0.9038461538461539 0.5721153846153848