1 0.9951923076923077 0.19951923076923087 0.36778846153846156 0.19951923076923084 0.36778846153846156 0.4711538461538462 0.9951923076923077 0.4711538461538463
2 0.9664246477088346 0.07287456660651824 0.06415107692307692 0.0158044951923077 0.003196035944460214 0.9794991449150372 0.9054696067302179 1.0365692163292477
0 0.3937936153846154 0.07067572355769235 0.2939518509615384 0.06816162019230773 0.2905501909867851 0.20325062986585257 0.390391955409862 0.20576473323123723
0 0.46237585096153844 0.07493804326923081 0.3937439495192307 0.07280951201923082 0.3891126883449602 0.2221388960562836 0.45774458978726795 0.2242674273062836
0 0.5226669110576924 0.07774614663461545 0.46457484210109407 0.07487105940777311 0.45665601897257696 0.23487344644566294 0.5147480879291753 0.23774853367250526
0 0.5807796418269231 0.08472499278846159 0.5267255865384615 0.08220738461538467 0.5195281359634468 0.2367395296402905 0.5735821912519085 0.2392571378133674
0 0.26011109134615396 0.8067447019230768 0.187037905547995 0.7864005883257578 0.14027504953208964 0.9543661696108084 0.2133482353302486 0.9747102832081276
0 0.32223283173076944 0.820318576923077 0.2484172688760187 0.8102087233808001 0.23733449278846164 0.8911279326923078 0.31115005564321235 0.9012377862345848
0 0.3805573928476408 0.8226870584500333 0.3243863317307693 0.8172147259615384 0.3104038784461006 0.9607383951954831 0.36657493956297205 0.9662107276839781
0 0.4385576177884616 0.8300086947115385 0.38457806250000015 0.8242904038461538 0.3675950643619546 0.9846066082046766 0.42157461965041604 0.9903248990700612
0 0.49281032932692326 0.8239911490384617 0.44207873108267925 0.8147466237170824 0.4146885507549057 0.9650569507397676 0.4654201489991498 0.9743014760611468
0 0.528103701923077 0.8277710649038463 0.4933676362868742 0.8222831098366595 0.4757104657693798 0.934044344492637 0.5104465314055826 0.9395322995598238
0 0.5899080223533195 0.8335973904404252 0.5254305982758374 0.8334716739645012 0.5251948018840565 0.9544068484279223 0.5896722259615387 0.9545325649038465