0 0.35096153846153844 0.295673076923077 0.14423076923076927 0.2956730769230769 0.14423076923076927 0.36778846153846156 0.35096153846153844 0.36778846153846156
0 0.3918269230769231 0.38461538461538464 0.13942307692307696 0.38461538461538464 0.13942307692307698 0.4423076923076923 0.3918269230769231 0.4423076923076923
0 0.3918269230769231 0.44471153846153844 0.14663461538461545 0.44471153846153844 0.14663461538461545 0.5 0.3918269230769231 0.5
0 0.4182692307692308 0.5 0.13221153846153852 0.5 0.13221153846153852 0.5552884615384616 0.4182692307692308 0.5552884615384616
0 0.7980769230769231 0.2788461538461539 0.4639423076923077 0.2788461538461539 0.4639423076923077 0.37019230769230776 0.7980769230769231 0.3701923076923078
0 0.6370192307692307 0.40625000000000006 0.4879807692307692 0.40625 0.4879807692307692 0.4711538461538462 0.6370192307692307 0.4711538461538463
0 0.6850961538461539 0.4903846153846155 0.47836538461538464 0.49038461538461536 0.4783653846153847 0.5673076923076924 0.6850961538461539 0.5673076923076924
0 0.6995192307692307 0.591346153846154 0.4759615384615386 0.5913461538461539 0.4759615384615386 0.6778846153846154 0.6995192307692307 0.6778846153846154
0 0.5721153846153848 0.6995192307692307 0.4759615384615386 0.6995192307692307 0.4759615384615386 0.7716346153846154 0.5721153846153848 0.7716346153846154
0 0.8413491033846549 0.6002130795133152 0.8313009128361617 0.5615581776898024 0.7353495738745839 0.5865003529841797 0.745397764423077 0.6251552548076924
0 0.8678500985576924 0.4645193341346153 0.8619985201873402 0.42120270388372855 0.7148913543219557 0.44107518946065166 0.7207429326923077 0.4843918197115385
0 0.8953202565606945 0.5465625305060076 0.8870714328016424 0.5070246656116724 0.7207123853755633 0.5417323177979725 0.7289612091346154 0.5812701826923077
2 1.0077328840991064 0.9065834324743816 0.9458412966547791 -0.010969142581995448 0.04914529807692309 0.049515608173076923 0.11103688552125043 0.9670681832294539