2 1 1.2246467991473532e-16 5.750089856568438e-17 6.123233995736766e-17 1.1873323852305206e-16 1 1 1
0 0.8938141390813195 0.25814616966407866 0.8697215153179882 0.1488000067844596 0.5088314844097458 0.22831617365884257 0.532924108173077 0.3376623365384616
0 0.9396562332661145 0.36123147583211324 0.9319196418269229 0.2937062932692307 0.5447187667338853 0.3380692236871174 0.5524553581730769 0.40559440624999993
0 0.916804889760874 0.4233452007097984 0.9123883918269229 0.3656343653846153 0.5438535910083565 0.39383761659789396 0.5482700889423077 0.4515484519230769
0 0.8523995528846153 0.4975024975961538 0.8519983946947305 0.44148139484347754 0.567715212967389 0.44351710140748335 0.568116371157274 0.4995382041601596
0 0.9134615384615384 0.5144230769230771 0.5673076923076923 0.5144230769230771 0.5673076923076924 0.5769230769230771 0.9134615384615384 0.5769230769230771
0 0.9543269230769231 0.574519230769231 0.5697115384615385 0.574519230769231 0.5697115384615385 0.6274038461538461 0.9543269230769231 0.6274038461538461
0 0.8509615384615384 0.625 0.5673076923076924 0.625 0.5673076923076924 0.6826923076923077 0.8509615384615384 0.6826923076923077
0 0.8728265097615856 0.7114456878231631 0.5789620528846156 0.6913086899038461 0.57527616812303 0.7450977665037601 0.869140625 0.7652347644230771
0 0.9089805197932299 0.7717261237472871 0.5705915168269232 0.7452547451923078 0.5656288552067704 0.8086934555796361 0.9040178581730771 0.8351648341346155
0 0.9908783137352929 0.8645905639015738 0.5845867702174276 0.7969780179135193 0.5758513146552116 0.8494703722811762 0.982142858173077 0.9170829182692307
0 0.7107543229386051 0.8757060656740753 0.5873325889423078 0.84515484375 0.5735763395140068 0.9007277488843956 0.6969980735103041 0.9312789708084707
0 0.3028846153846155 0.3245192307692308 0.021634615384615426 0.3245192307692308 0.021634615384615467 0.9735576923076923 0.30288461538461553 0.9735576923076923