1 0.6370192307692307 0.37019230769230776 4.5335482468435667e-17 0.3701923076923077 6.24098849565478e-17 0.6490384615384616 0.6370192307692307 0.6490384615384616
0 0.7067307692307693 0.7572115384615384 0.6225961538461539 0.7572115384615384 0.6225961538461539 0.9134615384615384 0.7067307692307693 0.9134615384615384
0 0.6129807692307694 0.7548076923076923 0.5528846153846155 0.7548076923076923 0.5528846153846155 0.9158653846153846 0.6129807692307694 0.9158653846153846
0 0.5504807692307694 0.7451923076923077 0.49038461538461553 0.7451923076923077 0.49038461538461553 0.9182692307692307 0.5504807692307694 0.9182692307692307
0 0.4879807692307694 0.7548076923076923 0.43509615384615397 0.7548076923076923 0.43509615384615397 0.9206730769230769 0.4879807692307694 0.9206730769230769
0 0.75 0.2788461538461539 0.6201923076923077 0.2788461538461539 0.6201923076923077 0.6634615384615384 0.75 0.6634615384615384
0 0.591346153846154 0.514423076923077 0.4831730769230769 0.5144230769230769 0.483173076923077 0.65625 0.591346153846154 0.65625
0 0.4615384615384617 0.5600961538461539 0.3942307692307694 0.5600961538461539 0.3942307692307694 0.6730769230769231 0.4615384615384617 0.6730769230769231
0 0.7572115384615384 0.036057692307692395 0.6947115384615384 0.036057692307692395 0.6947115384615384 0.17788461538461545 0.7572115384615384 0.17788461538461545
0 0.6875 0.09855769230769237 0.6274038461538461 0.09855769230769237 0.6274038461538461 0.16346153846153852 0.6875 0.16346153846153852
0 0.625 0.040865384615384685 0.5721153846153846 0.040865384615384685 0.5721153846153846 0.1754807692307693 0.625 0.1754807692307693
0 0.5673076923076923 0.024038461538461602 0.5216346153846154 0.0240384615384616 0.5216346153846154 0.17067307692307698 0.5673076923076923 0.17067307692307698
0 0.5192307692307693 0.048076923076923135 0.4831730769230769 0.04807692307692313 0.4831730769230769 0.18750000000000006 0.5192307692307693 0.18750000000000006
0 0.47596153846153844 0.076923076923077 0.43990384615384615 0.076923076923077 0.43990384615384615 0.17788461538461545 0.47596153846153844 0.17788461538461545
0 0.4326923076923077 0.06250000000000006 0.38221153846153844 0.06250000000000006 0.38221153846153844 0.18028846153846162 0.4326923076923077 0.18028846153846162
2 0.9364942163461538 0.9405758749999998 0.9090935714960768 -0.0011231902692609601 0.029045350342230682 0.024483598192277613 0.05644599519230769 0.9661826634615385