0 0.9302884615384616 0.3149038461538463 0.8028846153846154 0.3149038461538463 0.8028846153846154 0.4086538461538463 0.9302884615384616 0.4086538461538463
0 0.9350961538461539 0.4182692307692309 0.7836538461538461 0.4182692307692309 0.7836538461538461 0.47836538461538475 0.9350961538461539 0.47836538461538475
0 0.9302884615384616 0.48317307692307704 0.7668269230769231 0.48317307692307704 0.7668269230769231 0.5504807692307694 0.9302884615384616 0.5504807692307694
0 0.9375 0.5480769230769232 0.7740384615384616 0.5480769230769232 0.7740384615384616 0.605769230769231 0.9375 0.605769230769231
0 0.6971153846153846 0.2740384615384616 0.32211538461538464 0.2740384615384616 0.32211538461538464 0.40144230769230776 0.6971153846153846 0.4014423076923078
0 0.6754807692307693 0.4471153846153847 0.53125 0.44711538461538464 0.53125 0.5504807692307693 0.6754807692307693 0.5504807692307694
0 0.6850961538461539 0.5649038461538463 0.4927884615384617 0.5649038461538461 0.4927884615384617 0.6634615384615384 0.6850961538461539 0.6634615384615384
0 0.6971153846153846 0.6995192307692307 0.47836538461538475 0.6995192307692307 0.47836538461538475 0.8004807692307693 0.6971153846153846 0.8004807692307693
0 0.7091346153846154 0.8125 0.6201923076923077 0.8125 0.6201923076923077 0.9158653846153846 0.7091346153846154 0.9158653846153846
0 0.4254807692307692 0.41586538461538464 0.23317307692307698 0.41586538461538464 0.23317307692307698 0.49759615384615385 0.4254807692307692 0.49759615384615385
0 0.4471153846153847 0.5096153846153846 0.2379807692307693 0.5096153846153846 0.2379807692307693 0.5865384615384616 0.44711538461538475 0.5865384615384616
0 0.42307692307692324 0.5865384615384616 0.35336538461538475 0.5865384615384616 0.35336538461538475 0.6442307692307693 0.42307692307692324 0.6442307692307693
0 0.42307692307692324 0.6490384615384616 0.19230769230769237 0.6490384615384616 0.19230769230769237 0.7283653846153846 0.42307692307692324 0.7283653846153846
0 0.4302884615384617 0.7307692307692307 0.2908653846153847 0.7307692307692307 0.2908653846153847 0.8004807692307693 0.4302884615384617 0.8004807692307693
0 0.20192307692307696 0.2620192307692308 0.05528846153846157 0.2620192307692308 0.05528846153846157 0.33653846153846156 0.20192307692307698 0.33653846153846156
0 0.18990384615384623 0.3389423076923077 0.1274038461538462 0.3389423076923077 0.1274038461538462 0.40384615384615385 0.18990384615384623 0.40384615384615385
0 0.18990384615384623 0.40625 0.04807692307692313 0.40625 0.04807692307692313 0.46153846153846156 0.18990384615384623 0.46153846153846156
0 0.19471153846153852 0.4639423076923077 0.03605769230769237 0.4639423076923077 0.03605769230769237 0.5096153846153846 0.19471153846153852 0.5096153846153846
0 0.19471153846153852 0.5144230769230769 0.05769230769230776 0.5144230769230769 0.05769230769230776 0.5625 0.19471153846153852 0.5625
0 0.19230769230769237 0.5649038461538461 0.09615384615384623 0.5649038461538461 0.09615384615384623 0.6009615384615384 0.19230769230769237 0.6009615384615384
0 0.19230769230769237 0.6057692307692307 0.07932692307692314 0.6057692307692307 0.07932692307692314 0.6610576923076923 0.19230769230769237 0.6610576923076923
2 0.9781448197115388 0.07812462019230781 0.028079217304890637 0.06358391634411921 0.014245695670275092 0.9674433995171958 0.9643112980769233 0.9819841033653846