2 0.9887250715457584 0.979622223602525 0.96853490625 0 -0.02019016529575843 0.020377776397474925 0 1
0 0.6160653509615385 0.13762132451923076 0.6147064498161827 0.0737649744173981 0.4066152521121834 0.07819327898612863 0.4079741532575391 0.14204962908796126
0 0.7692307692307693 0.07451923076923087 0.7019230769230769 0.07451923076923085 0.7019230769230769 0.1514423076923078 0.7692307692307693 0.1514423076923078
0 0.9014423076923077 0.06971153846153856 0.8389423076923077 0.06971153846153856 0.8389423076923077 0.14663461538461547 0.9014423076923077 0.14663461538461547
0 0.6688223293269231 0.1955671442307693 0.6644521975973372 0.1229370214407166 0.2518720216346154 0.14776184134615386 0.25624215336420136 0.2203919641362066
0 0.3999319278846153 0.2665507764423077 0.39427020038681626 0.19931503787645585 -0.0014071313439528593 0.23263388403030202 0.004254596153846153 0.29986962259615385
0 0.9129814495192308 0.272345358173077 0.9055227032743429 0.206068254966493 0.004454119139727469 0.30747344006264693 0.01191286538461539 0.37375054326923085
0 0.9417694473581821 0.3297324450153503 0.9350792935162053 0.270517008662127 0.0069388461580233195 0.37537821989677683 0.013629000000000006 0.43459365625000007
0 0.5266425930880786 0.447210061005786 0.5180281315458309 0.37946170053479195 0.10457103845775235 0.4320343414520829 0.1131855 0.49978270192307694
0 0.4388766838693049 0.5313018467460252 0.4311246164224741 0.46079631928770753 0.019490615245476923 0.5060553884070671 0.027242682692307698 0.5765609158653848
0 0.5012045600961539 0.601187889423077 0.49512588698274984 0.5389912444652807 0.035629632175057484 0.5838992540806652 0.04170830528846154 0.6460958990384615
0 0.9012054109338107 0.564391691920635 0.8921599109108673 0.48342251786257084 0.5627853365155181 0.5202187153650129 0.5718308365384617 0.601187889423077
0 0.8638633808188346 0.6355400871415271 0.8559537902617975 0.5671874317779716 0.023821137019230772 0.6634796466346156 0.03173072757626785 0.7318323019981711
0 0.6970998648070064 0.7338875464361185 0.6896247515309069 0.6649788369854372 0.02996072807005429 0.736538199203165 0.03743584134615384 0.8054469086538462