1 1 0.5432692307692308 0.4230769230769231 0.5432692307692307 0.42307692307692313 0.8581730769230769 1 0.8581730769230769
0 0.4302884615384617 0.7788461538461539 0.3437500000000001 0.7788461538461539 0.3437500000000001 0.9134615384615384 0.4302884615384617 0.9134615384615384
0 0.4879807692307694 0.7620192307692307 0.4326923076923078 0.7620192307692307 0.4326923076923078 0.9134615384615384 0.4879807692307694 0.9134615384615384
0 0.5625000000000001 0.8269230769230769 0.4927884615384617 0.8269230769230769 0.4927884615384617 0.9038461538461539 0.5625000000000001 0.9038461538461539
0 0.6081730769230771 0.7596153846153846 0.5528846153846155 0.7596153846153846 0.5528846153846155 0.90625 0.6081730769230771 0.90625
0 0.28846153846153844 0.009615384615384644 0.18990384615384615 0.009615384615384637 0.18990384615384615 0.18028846153846156 0.28846153846153844 0.18028846153846162
0 0.3557692307692308 0.0697115384615385 0.28846153846153844 0.06971153846153849 0.28846153846153844 0.15865384615384623 0.3557692307692308 0.15865384615384623
0 0.4142185144360618 0.13734916595554023 0.39263373703955057 -0.005449657085882076 0.3301757139423076 0.003991194711538466 0.3517604913388188 0.14679001775296077
0 0.4653696177884615 0.14009753124999996 0.45231224015014637 -0.004013643274643734 0.4080146129807692 0 0.4210719906190843 0.1441111745246437
0 0.5185699254807692 0.14408530288461538 0.4965216935511819 -0.005685324276151538 0.4521086015772715 0.0008528746425172138 0.4741568335068588 0.15062350180328415
0 0.5632890552884615 0.13276585096153848 0.5512004399038462 0.028925742788461536 0.5120149665770797 0.033487545776203435 0.5241035819616952 0.13732765394928037
0 0.6358157319364637 0.12738389003393463 0.6225027536760399 0.001363206082519625 0.5523437187500001 0.00877489182692308 0.5656566970104238 0.1347955757783381
2 0.9883197054810624 0.9157376457645542 0.9331057621137939 -0.05040235480700819 0.05115949759615384 0 0.10637344096342234 0.9661400005715624