2 0.9854771778846154 1.1932502524345378e-16 1.0902652608057277e-17 5.898195166699571e-17 7.213499256542492e-17 1 0.9854771778846154 1
0 0.7115384615384616 0.4711538461538462 0.53125 0.47115384615384615 0.53125 0.5432692307692308 0.7115384615384616 0.543269230769231
0 0.48557692307692324 0.6346153846153846 0.26682692307692313 0.6346153846153846 0.26682692307692313 0.7211538461538461 0.48557692307692324 0.7211538461538461
0 0.4879807692307694 0.5649038461538461 0.26682692307692313 0.5649038461538461 0.26682692307692313 0.6394230769230769 0.4879807692307694 0.6394230769230769
0 0.4711538461538462 0.5072115384615384 0.26201923076923084 0.5072115384615384 0.26201923076923084 0.5649038461538461 0.4711538461538463 0.5649038461538461
0 0.5072115384615384 0.4375 0.26201923076923084 0.4375 0.26201923076923084 0.49759615384615385 0.5072115384615384 0.49759615384615385
0 0.47836538461538464 0.3701923076923077 0.2596153846153847 0.3701923076923077 0.2596153846153847 0.4326923076923077 0.47836538461538464 0.4326923076923077
0 0.49759615384615385 0.295673076923077 0.26201923076923084 0.2956730769230769 0.26201923076923084 0.3605769230769231 0.49759615384615385 0.3605769230769231
0 0.2211538461538462 0.2644230769230769 0.03605769230769234 0.2644230769230769 0.036057692307692346 0.3245192307692308 0.22115384615384623 0.3245192307692308
0 0.22355769230769237 0.33413461538461536 0.03125000000000004 0.33413461538461536 0.03125000000000005 0.3894230769230769 0.22355769230769237 0.3894230769230769
0 0.13221153846153852 0.3918269230769231 0.026442307692307744 0.3918269230769231 0.026442307692307744 0.4495192307692308 0.13221153846153852 0.4495192307692308
0 0.2067307692307693 0.5360576923076923 0.03846153846153853 0.5360576923076923 0.03846153846153853 0.59375 0.2067307692307693 0.59375
0 0.8052884615384616 0.06490384615384624 0.7235576923076923 0.06490384615384624 0.7235576923076923 0.14663461538461547 0.8052884615384616 0.14663461538461547
0 0.6201923076923077 0.21875000000000006 0.5769230769230769 0.21875000000000006 0.5769230769230769 0.28846153846153855 0.6201923076923077 0.28846153846153855
0 0.7524038461538461 0.20192307692307698 0.6971153846153846 0.20192307692307698 0.6971153846153846 0.26682692307692313 0.7524038461538461 0.26682692307692313
0 0.6225961538461539 0.31730769230769246 0.5817307692307693 0.31730769230769246 0.5817307692307693 0.39182692307692324 0.6225961538461539 0.39182692307692324
0 0.7475961538461539 0.3028846153846155 0.6947115384615384 0.3028846153846155 0.6947115384615384 0.36538461538461553 0.7475961538461539 0.36538461538461553
0 0.6298076923076923 0.4062500000000001 0.5697115384615384 0.4062500000000001 0.5697115384615384 0.46634615384615397 0.6298076923076923 0.46634615384615397
0 0.7403846153846154 0.3870192307692309 0.6947115384615384 0.3870192307692309 0.6947115384615384 0.45192307692307704 0.7403846153846154 0.45192307692307704
0 0.8004807692307693 0.560096153846154 0.6995192307692307 0.560096153846154 0.6995192307692307 0.6274038461538461 0.8004807692307693 0.6274038461538461
0 0.6298076923076923 0.5456730769230771 0.5817307692307693 0.5456730769230771 0.5817307692307693 0.6033653846153848 0.6298076923076923 0.6033653846153848
0 0.2326615288461539 0.600414079326923 0.00296384134615392 0.600414079326923 0.0029638413461539237 0.6625258798076923 0.2326615288461539 0.6625258798076923
0 0.2420861963087668 0.6687514766535358 0.009788792398879025 0.6624699983468544 0.007773728301650753 0.7369897428471647 0.24007113221153853 0.7432712211538461
0 0.24451689423076936 0.7536231875 0.04743549735187081 0.7023270157105882 0.0296524516787939 0.770649998883665 0.22673384855769244 0.821946170673077
0 0.2387691272266218 0.8337757576583906 0.06520450480769241 0.7826086947115385 0.04022834997820245 0.867330713776028 0.21379297239713185 0.9184977767228801