0 0.15454656250000004 0.23412240625000003 0.04566409048549231 0.2271449000154033 0.03242745294642743 0.4336997590089066 0.14130992496093517 0.44067726524350337
0 0.23738501923076918 0.05065955048076926 0.1481615656662098 0.02528585820906655 0.1009031730769231 0.19146415625000002 0.19012662664148247 0.21683784852170268
0 0.22629241346153853 0.2002273028846154 0.14403426441040004 0.19004410013839446 0.09712862546287192 0.5689397320962796 0.17938677451401042 0.5791229348425004
0 0.27373977163461555 0.42140571875000005 0.1873994076550619 0.4136522066877856 0.14541318990384625 0.8811958557692309 0.23175355388339988 0.8889493678314454
0 0.3475139662372617 0.8725086825102325 0.3460152572115386 0.04655206009615384 0.260788855878123 0.046706704508998394 0.26228756490384614 0.872663326923077
0 0.4468150865384616 0.9213252451923076 0.4083022700049994 0.0321416469803583 0.30788227000499935 0.03649109409574291 0.34639508653846146 0.9256746923076923
0 0.543731556922037 0.8998868390382155 0.5094912620192308 0.32599639663461544 0.4154816065395016 0.33160533884639976 0.4497219014423078 0.90549578125
0 0.6525932379807693 0.8445227620192307 0.6072792196832902 0.3907155790492517 0.519813981702521 0.39944924731848247 0.565128 0.8532564302884615
0 0.7687054399038461 0.8266531658653846 0.6422483721197426 0.05395431920576459 0.557810894316848 0.06777304806785513 0.6842679621009514 0.8404718947274752
0 0.8989866177884616 0.8537622524038462 0.7165196620231231 0.0698907885117407 0.62156784253218 0.09199335282868468 0.8040347982975184 0.8758648167207901
0 0.9982210048076924 0.8348884783653847 0.8349416147992794 0.16656035799741092 0.7557576137995548 0.18590581868899758 0.9190370038079674 0.8542339390569714
2 1.029815335953206 0.9392374787216704 0.9667809716161185 -0.04440019251125922 0.018133896634615388 0.016391872596153847 0.08116826097170288 1.0000295438290834