0 0.7139423076923077 0.02403846153846162 0.6394230769230769 0.024038461538461616 0.6394230769230769 0.14663461538461547 0.7139423076923077 0.14663461538461547
0 0.6394230769230769 0.019230769230769305 0.5721153846153846 0.019230769230769298 0.5721153846153846 0.15625000000000006 0.6394230769230769 0.15625000000000006
0 0.5841346153846154 0.026442307692307758 0.5192307692307693 0.02644230769230775 0.5192307692307693 0.1658653846153847 0.5841346153846154 0.1658653846153847
0 0.5264423076923077 0.02884615384615391 0.4567307692307692 0.028846153846153907 0.4567307692307692 0.17307692307692316 0.5264423076923077 0.17307692307692316
0 0.7620192307692307 0.2283653846153847 0.6274038461538461 0.2283653846153847 0.6274038461538461 0.5985576923076924 0.7620192307692307 0.5985576923076924
0 0.6081730769230769 0.24278846153846162 0.4951923076923077 0.24278846153846162 0.4951923076923077 0.3846153846153847 0.6081730769230769 0.38461538461538475
0 0.4879807692307692 0.2379807692307693 0.375 0.2379807692307693 0.375 0.4375 0.4879807692307692 0.4375
0 0.3701923076923077 0.22836538461538464 0.27403846153846156 0.2283653846153846 0.27403846153846156 0.36778846153846156 0.3701923076923077 0.36778846153846156
0 0.264423076923077 0.2403846153846154 0.1418269230769231 0.2403846153846154 0.1418269230769231 0.31971153846153844 0.264423076923077 0.31971153846153844
0 0.7620192307692307 0.7163461538461539 0.6754807692307693 0.7163461538461539 0.6754807692307693 0.8894230769230769 0.7620192307692307 0.8894230769230769
0 0.6802884615384616 0.7475961538461539 0.6081730769230771 0.7475961538461539 0.6081730769230771 0.8173076923076923 0.6802884615384616 0.8173076923076923
0 0.6105769230769232 0.7524038461538461 0.5456730769230771 0.7524038461538461 0.5456730769230771 0.8966346153846154 0.6105769230769232 0.8966346153846154
0 0.5504807692307694 0.7475961538461539 0.4927884615384617 0.7475961538461539 0.4927884615384617 0.9182692307692307 0.5504807692307694 0.9182692307692307
0 0.5024038461538463 0.7403846153846154 0.4399038461538463 0.7403846153846154 0.4399038461538463 0.9014423076923077 0.5024038461538463 0.9014423076923077
0 0.4495192307692309 0.7548076923076923 0.3990384615384617 0.7548076923076923 0.3990384615384617 0.8677884615384616 0.4495192307692309 0.8677884615384616
0 0.4014423076923078 0.7524038461538461 0.3389423076923078 0.7524038461538461 0.3389423076923078 0.8918269230769231 0.4014423076923078 0.8918269230769231
1 0.6923076923076923 0.358173076923077 4.3863551219460483e-17 0.3581730769230769 6.491216807980562e-17 0.7019230769230769 0.6923076923076923 0.7019230769230769
2 0.9387685961538461 9.28210865953012e-17 4.9631869619809357e-17 3.533808877430812e-17 1.0845275373795472e-16 0.9606179374999999 0.9387685961538461 0.9606179374999999
0 0.6177884615384616 0.5504807692307693 0.5432692307692307 0.5504807692307693 0.5432692307692308 0.7115384615384616 0.6177884615384616 0.7115384615384616
0 0.5168269230769232 0.5600961538461539 0.44230769230769246 0.5600961538461539 0.44230769230769246 0.6778846153846154 0.5168269230769232 0.6778846153846154