1 0.9855769230769231 0.12740384615384623 0.2620192307692308 0.1274038461538462 0.2620192307692308 0.4110576923076924 0.9855769230769231 0.41105769230769246
2 0.9231216105769231 0.0008164062500000609 3.3526137726991544e-17 0.0008164062500000043 9.47084872193159e-17 1 0.9231216105769231 1
0 0.23076923076923087 0.5336538461538461 0.12259615384615391 0.5336538461538461 0.12259615384615394 0.9038461538461539 0.2307692307692309 0.9038461538461539
0 0.31250000000000006 0.5576923076923077 0.23317307692307698 0.5576923076923077 0.23317307692307704 0.9350961538461539 0.3125000000000001 0.9350961538461539
0 0.3677884615384617 0.5600961538461539 0.2908653846153847 0.5600961538461539 0.2908653846153847 0.9182692307692307 0.3677884615384617 0.9182692307692307
0 0.42307692307692324 0.5769230769230769 0.3509615384615386 0.5769230769230769 0.3509615384615386 0.84375 0.42307692307692324 0.84375
0 0.48684668352134175 0.9044424892259213 0.48029025721153845 0.5692586081730769 0.4334732467671198 0.5701743809663865 0.4400296730769231 0.9053582620192309
0 0.5422106201923077 0.9384068509615384 0.5250851514423076 0.5787658870192307 0.47500226714263155 0.5811507456865587 0.4921277358926316 0.9407917096288663
0 0.5989364676545412 0.8281369921470391 0.5753855710058404 0.573440647262796 0.52209052162053 0.5783686575196032 0.5456414182692308 0.8330650024038463
0 0.6703125841346154 0.8696429375 0.6428428364942804 0.5780139323241065 0.5906505486443934 0.5829301407620957 0.6181202962847283 0.8745591459379891
0 0.7424780793269231 0.8933562235576923 0.691467611597392 0.5638160676562609 0.63106927648094 0.5731652995152661 0.682079744210471 0.9027054554166973
0 0.8072128557692309 0.9700823822115385 0.7457248281167922 0.5721499590053796 0.6914145640974113 0.5805419140738532 0.75290259174985 0.9784743372800122
0 0.8192696322115386 0.6908384519230769 0.7989616784269195 0.5742863239764483 0.7453145078017849 0.5836337660259808 0.765622461586404 0.7001858939726096