2 1 1.1022201406887101e-16 0.04539653125000002 5.1769409945888625e-17 0.04539653125000008 0.90743746875 1 0.90743746875
0 0.3027944526563615 0.7899683925233696 0.14560226682692318 0.7782182139423077 0.14302059061286945 0.812755504111246 0.3002127764423078 0.8245056826923077
0 0.5734040721153847 0.8005366995192309 0.3761219399038463 0.7893435817307695 0.37317342231935186 0.8413121080096508 0.5704555545308903 0.8525052257981123
0 0.31575918251328583 0.7292214132966603 0.16882937259615394 0.7258075336538461 0.1677418511405605 0.7726133198764166 0.31467166105769245 0.7760271995192307
0 0.31135350000000006 0.6790620889423077 0.16765153869793933 0.6754546244061057 0.1663981396594778 0.7253832926753364 0.31010010096153856 0.7289907572115383
0 0.24844443972860547 0.6830672233182125 0.24673086537983777 0.6496976142973168 0.14412929824738613 0.6549663429021813 0.14584287259615383 0.688335951923077
0 0.19084224519230772 0.6440788149038461 0.18493539526905395 0.6026267728966134 0.09922843132674622 0.6148398786658443 0.10513528125 0.656291920673077
0 0.2792966177884615 0.5883593966346153 0.2735220144230769 0.5520344110576922 0.10808250751499338 0.5783344224186304 0.11385711088037799 0.6146594079955535
0 0.29719116826923075 0.5453391971153846 0.28904405528846155 0.5042923125000001 0.10277689453040831 0.5412631963447189 0.11092400751117751 0.5823100809601034
0 0.29167955528846157 0.49919093269230774 0.28258598057372686 0.45945965807101613 0.09049092288141922 0.503425797494093 0.09958449759615387 0.5431570721153846
0 0.2952439182692308 0.4531718798076923 0.2833889287873368 0.4157430216079304 0.09352648888349065 0.47587889901177655 0.10538147836538461 0.5133077572115384
0 0.2672494038461538 0.41607978125 0.2525771546402264 0.37669959692587035 0.07917121473638028 0.4413070945220242 0.09384346394230768 0.48068727884615386
0 0.5738186796542549 0.730681851705209 0.3626143148238221 0.7306308581788615 0.3626025846887981 0.7792145882044218 0.5738069495192308 0.7792655817307694
0 0.5564159927884614 0.7225802403846155 0.5550514350253892 0.6749681782701101 0.3469810912753892 0.6809314571162637 0.34834564903846144 0.7285435192307692
0 0.4131924182692307 0.6803316009615384 0.4011708147973021 0.6320645450194763 0.33423927884615384 0.6487348052884615 0.3462608823180825 0.6970018612305237
0 0.4766682815151865 0.6273218876072065 0.4738369338608051 0.5899569276636037 0.3286045609994648 0.6009619799602435 0.3314359086538461 0.6383269399038463
0 0.5092343509615385 0.5652171370192308 0.5038183742713647 0.5285509757580777 0.32910256250000003 0.5543583341346154 0.3345185391901738 0.5910244953957685
0 0.5173139283417854 0.5284768346525747 0.5102241237549839 0.47838110730206146 0.3210727074324293 0.5051507870725638 0.32816251201923075 0.555246514423077
0 0.5093072291651726 0.4793400798396717 0.5012830745192308 0.4204033052884615 0.3103125785271351 0.4464036557372513 0.3183367331730768 0.5053404302884615
0 0.761498310096154 0.5575389591346155 0.7550883236100424 0.5014685466313114 0.5619851905222693 0.5235441551074487 0.568395177008381 0.5796145676107527
0 0.7091346153846154 0.6971153846153846 0.6442307692307693 0.6971153846153846 0.6442307692307693 0.7644230769230769 0.7091346153846154 0.7644230769230769
0 0.8485576923076923 0.7043269230769231 0.7764423076923077 0.7043269230769231 0.7764423076923077 0.7740384615384616 0.8485576923076923 0.7740384615384616
0 0.9543269230769231 0.8028846153846154 0.8389423076923077 0.8028846153846154 0.8389423076923077 0.8870192307692307 0.9543269230769231 0.8870192307692307
0 0.6875 0.6442307692307693 0.6298076923076923 0.6442307692307693 0.6298076923076923 0.6875 0.6875 0.6875
0 0.8413461538461539 0.6370192307692307 0.7740384615384616 0.6370192307692307 0.7740384615384616 0.6995192307692307 0.8413461538461539 0.6995192307692307
0 0.6730769230769231 0.5649038461538463 0.591346153846154 0.5649038461538463 0.591346153846154 0.6346153846153846 0.6730769230769231 0.6346153846153846
0 0.6466346153846154 0.47355769230769246 0.59375 0.47355769230769246 0.59375 0.5240384615384617 0.6466346153846154 0.5240384615384617
0 0.8461538461538461 0.4254807692307694 0.7235576923076923 0.4254807692307694 0.7235576923076923 0.4951923076923078 0.8461538461538461 0.4951923076923078