2 0.997504006904401 0.019865316772455135 0.012551954915013538 0.00015105314449510073 -0.0073502339205694205 0.9944921100879571 0.977601818068818 1.0142063737159173
0 0.6263102569656855 0.20727393051180393 0.24072747596153848 0.08542749759615388 0.21413406274585287 0.16958229785358084 0.59971684375 0.2914287307692309
0 0.5910899138046476 0.3014614582115926 0.15877544471153848 0.1718804423076923 0.13576790833814012 0.24863930087214905 0.5680823774312492 0.37822031677604934
0 0.5793495932038307 0.3634751579271124 0.1855587860576923 0.2655576346153846 0.1719530206181169 0.320275372289717 0.5657438277642554 0.4181928956014446
0 0.5623455427871938 0.4016380813693971 0.2519646033653846 0.34927390625000004 0.24245282935058837 0.4056535464820645 0.5528337687723975 0.45801772160146154
0 0.556376766826923 0.4611127980769231 0.17464488221153845 0.43580770673076924 0.17033742194609275 0.5007865247299541 0.5520693065614772 0.526091616076108
0 0.5506291778846154 0.5089488870192308 0.11982431250000006 0.5014291586538462 0.11870900786137636 0.5653249061275045 0.5495138732459917 0.5728446344928892
0 0.5389717987794972 0.6126667530467481 0.5365220675862673 0.5569998974270428 0.2558408697683085 0.5693518342841408 0.2582906009615385 0.6250186899038461
0 0.5420093841112278 0.6569839545810855 0.5358462546156336 0.6096730077938244 0.1959009858890212 0.653957192635816 0.20206411538461538 0.701268139423077
0 0.54266255832972 0.7031790157814903 0.5275773446960224 0.6336132636650854 0.14095825752014857 0.7174509474028261 0.1560434711538462 0.7870166995192311
0 0.534436973163187 0.760064632531606 0.5195597803465206 0.7013299801533986 0.021845963433333553 0.8273983932948696 0.03672315625000003 0.8861330456730769
0 0.5307654219372171 0.8144217045943104 0.5146861994698134 0.7583943182727388 0.3689036693595194 0.8002322458899669 0.384982891826923 0.8562596322115384