1 0.3990384615384616 0.2932692307692308 0.12500000000000003 0.2932692307692308 0.12500000000000008 0.9951923076923077 0.3990384615384617 0.9951923076923077
2 1 0.9998051057692308 0.9990205673076922 0.017540439903846152 -0.000824916415511011 0.018537402726643018 0.00015451627679675042 1.0008020685920278
0 0.9014423076923077 0.18990384615384626 0.5336538461538461 0.18990384615384623 0.5336538461538461 0.2716346153846155 0.9014423076923077 0.27163461538461553
0 0.9326923076923077 0.3028846153846155 0.5552884615384616 0.3028846153846155 0.5552884615384616 0.3533653846153847 0.9326923076923077 0.35336538461538475
0 0.9158653846153846 0.36057692307692313 0.5576923076923077 0.3605769230769231 0.5576923076923077 0.4110576923076924 0.9158653846153846 0.41105769230769246
0 0.8389423076923077 0.4134615384615386 0.5721153846153846 0.4134615384615386 0.5721153846153846 0.46634615384615397 0.8389423076923077 0.46634615384615397
0 0.9012774295945996 0.5083544485122855 0.5664381322115386 0.4774897692307694 0.5621571112707856 0.5239329553338687 0.8969964086538464 0.5547976346153848
0 0.9365102142240423 0.5631354701104576 0.5767098236100637 0.5252030243138742 0.5714761358283291 0.5748460902611091 0.9312765264423077 0.6127785360576924
0 0.8259875937500003 0.608231014423077 0.5705190985576926 0.5775352427884617 0.5641970755576847 0.6301508838483473 0.8196655707499925 0.6608466554829627
0 0.8695846787903296 0.6842681391208567 0.5754162596153846 0.6355161442307693 0.5669154846712088 0.6868096253022201 0.8610839038461537 0.7355616201923078
0 0.8952773469535167 0.7497561601370701 0.563173360576923 0.6866757620192309 0.5518333309310987 0.7463784456321606 0.8839373173076924 0.8094588437500001
0 0.9709170294857211 0.8265342069552778 0.5705190985576923 0.7435197812500002 0.5594453599373558 0.7969310045831839 0.9598432908653846 0.8799454302884617
0 0.6921453440986729 0.8180515217141154 0.573783872596154 0.792405639423077 0.5623437184013276 0.8452045047281925 0.6807051899038464 0.870850387019231