2 0.9972393100961539 6.106329645465848e-17 0 0 5.96987601062779e-17 0.9749547403846154 0.9972393100961539 0.9749547403846154
0 0.13595307211538457 0.7472535408653846 0.1277759111146245 0.5735853138393463 0.04096242548076923 0.5776729230769232 0.049139586481529315 0.7513411501029614
0 0.21760663221153848 0.7787733798076923 0.14425941414488966 0.40600946878705807 0.06809327852653227 0.4209963653007186 0.1414404965931811 0.7937602763213529
0 0.19851329585237634 0.8429748559500343 0.1968059014423077 0.7940814951923075 0.11117515862815339 0.7970717877257946 0.11288255303822205 0.8459651484835213
0 0.235058670673077 0.54693921875 0.15024763954620143 0.08755476973398514 0.06744564423076924 0.10284157932692307 0.1522566753576448 0.5622260283429379
0 0.3478664350961539 0.9065018149038462 0.2777862018238121 0.09136866551423542 0.19693603365384613 0.09831967548076923 0.26701626692618796 0.9134528248703799
0 0.4148092379807692 0.9229120697115383 0.35912869872131775 0.03399130395387113 0.27179685576923074 0.03946162740384615 0.32747739502868206 0.9283823931615134
0 0.4946898332085692 0.6191592303967979 0.45958680555669135 0.05263860538874632 0.3805289254807692 0.05753722836538462 0.415631953132647 0.6240578533734362
0 0.5959226899038461 0.09688538942307699 0.4810158293269231 0.09464870913461544 0.4721552537245355 0.5498505234605923 0.5870621143014586 0.5520872037490538
0 0.7087652259615383 0.10336036778846161 0.607833443255526 0.10059548547685192 0.5945808845727193 0.5843789606921107 0.6955126672787315 0.5871438430037205
0 0.6617720793269234 0.6434842091346156 0.5887441795948394 0.6412367409475714 0.5816010964545537 0.8733398525083002 0.6546289961866377 0.8755873206953443
0 0.8255243653846155 0.06491180528846165 0.7305626366761806 0.05229216472794476 0.6271673120663225 0.8303332442846324 0.7221290407747574 0.8429528848451493
0 0.9634113846153848 0.06738755528846169 0.8483945015158343 0.042342455998205485 0.7016344648172944 0.7163218956089259 0.8166513479168447 0.7413669948991821