2 1.0072343227981695 0.9293433139027379 0.9372344450948253 -0.022666860256942114 -0.01869333924180574 0.04762107343647384 0.05130653846153847 0.999631247596154
0 0.21876449759615382 0.07862096153846157 0.18438700147565978 0.07483755818113341 0.16721432211538462 0.23087530048076926 0.20159181823587868 0.23465870383809742
0 0.19963981490384622 0.30797914182692315 0.14788414971650046 0.3032222677389759 0.1298495102934235 0.4994424624505144 0.1816051754807693 0.5041993365384616
0 0.27022789182692314 0.1039055697115385 0.22356789299630309 0.10118826534991233 0.21506128124999999 0.24725894471153848 0.26172128008062007 0.24997624907316465
0 0.31690545123938274 0.10415306220891032 0.267098485684835 0.10241376424535995 0.2620790849262215 0.2461505626133727 0.3118860504807692 0.24788986057692305
0 0.34174553125 0.08235059134615388 0.30840390051938993 0.08211898767846057 0.3076930519616976 0.18445264392846059 0.3410346826923077 0.1846842475961539
0 0.38839619553070776 0.12722352194851136 0.38391193749352515 0.041039115347035124 0.341778420673077 0.04323136298076924 0.3462626787102596 0.12941576958224546
0 0.43989610096153847 0.21533487259615386 0.420374981350908 0.04922492002137138 0.3839447433701388 0.053506174829063696 0.40346586298076925 0.21961612740384615
0 0.48697159134615386 0.2327484879807692 0.4509098533653846 0.04644160096153845 0.40997194974250384 0.0543655804641208 0.4460336877232731 0.24067246748335153
0 0.5315481052032857 0.22426276900015965 0.47763593236016477 0.03576438225474069 0.438055543503033 0.04708471661996563 0.4919677163461538 0.2355831033653846
0 0.5753332092696142 0.22885467099816562 0.5141759201154359 0.03965276365783485 0.4765838863265908 0.05180394602505389 0.5377411754807692 0.24100585336538466
0 0.6150022822358858 0.19974294708529738 0.5496232683642692 0.026886923847546207 0.5103313803591527 0.04174822195455649 0.5757103942307692 0.21460424519230767
0 0.2585690697115385 0.2968940360576923 0.2101006787191488 0.2952124614331043 0.20280612259615388 0.5054650384615385 0.2512745135885435 0.5071466130861265
0 0.30760442310102626 0.49013209908071703 0.30630526519114004 0.2824762377786363 0.2586484069939599 0.2827743935056115 0.25994756490384613 0.4904302548076923
0 0.3540397778452995 0.340684986128251 0.34133621634615385 0.27193713221153853 0.2943694216739314 0.28061588406405674 0.30707298317307696 0.34936373798076925
0 0.39428684151647475 0.41352102346658354 0.3892141809675177 0.2682591402159543 0.3518142524038461 0.26956517548076925 0.35688691295280317 0.41482705873139847
0 0.452133566122899 0.44663813407861697 0.43564251923076924 0.2706499375 0.39892136466673656 0.2740909085061327 0.4154124115588663 0.4500791050847497
0 0.4976564567307692 0.4550475264423077 0.4850284519230769 0.26491323317307697 0.4346950777917857 0.26825618661713185 0.4473230825994779 0.4583904798863626
0 0.5632472115384615 0.44774190625000004 0.510054798163562 0.25496904428821004 0.4539848512502317 0.2704405985504158 0.5071772646251311 0.4632134605122058
0 0.4732673510313177 0.6932543711913947 0.4450631487572799 0.5041572413961553 0.3892063433990392 0.5124883918393759 0.4174105456730769 0.7015855216346154
0 0.28125000000000006 0.5769230769230769 0.21394230769230776 0.5769230769230769 0.21394230769230776 0.6418269230769231 0.28125000000000006 0.6418269230769231
0 0.2692307692307693 0.7115384615384616 0.20192307692307698 0.7115384615384616 0.20192307692307698 0.78125 0.2692307692307693 0.78125
0 0.16586538461538472 0.7692307692307693 0.08653846153846165 0.7692307692307693 0.08653846153846165 0.8822115384615384 0.16586538461538475 0.8822115384615384
0 0.33413461538461553 0.5673076923076923 0.29326923076923084 0.5673076923076923 0.29326923076923084 0.6225961538461539 0.33413461538461553 0.6225961538461539
0 0.33413461538461553 0.7115384615384616 0.2740384615384616 0.7115384615384616 0.2740384615384616 0.7740384615384616 0.33413461538461553 0.7740384615384616
0 0.41346153846153855 0.53125 0.34615384615384615 0.53125 0.3461538461538462 0.6105769230769231 0.4134615384615386 0.6105769230769231
0 0.5048076923076924 0.5384615384615384 0.4543269230769231 0.5384615384615384 0.45432692307692313 0.5889423076923077 0.5048076923076924 0.5889423076923077
0 0.5480769230769232 0.6706730769230769 0.4807692307692309 0.6706730769230769 0.4807692307692309 0.7884615384615384 0.5480769230769232 0.7884615384615384