0 0.9038461538461539 0.4182692307692309 0.8125 0.4182692307692309 0.8125 0.6177884615384616 0.9038461538461539 0.6177884615384616
0 0.8990384615384616 0.2668269230769232 0.7932692307692307 0.26682692307692313 0.7932692307692307 0.3317307692307694 0.8990384615384616 0.3317307692307694
0 0.8942307692307693 0.11057692307692318 0.7956730769230769 0.11057692307692318 0.7956730769230769 0.18509615384615394 0.8942307692307693 0.185096153846154
0 0.8317307692307693 0.3677884615384617 0.7331730769230769 0.3677884615384617 0.7331730769230769 0.7572115384615384 0.8317307692307693 0.7572115384615384
0 0.7475961538461539 0.6225961538461539 0.6538461538461539 0.6225961538461539 0.6538461538461539 0.9519230769230769 0.7475961538461539 0.9519230769230769
0 0.7091346153846154 0.11778846153846162 0.5721153846153846 0.1177884615384616 0.5721153846153847 0.9567307692307693 0.7091346153846154 0.9567307692307693
0 0.6394230769230769 0.07451923076923085 0.5144230769230769 0.07451923076923084 0.514423076923077 0.9711538461538461 0.6394230769230769 0.9711538461538461
0 0.545673076923077 0.5 0.4375 0.5 0.43750000000000006 0.9543269230769231 0.5456730769230771 0.9543269230769231
0 0.45913461538461553 0.5793269230769231 0.3701923076923078 0.5793269230769231 0.3701923076923078 0.9254807692307693 0.45913461538461553 0.9254807692307693
0 0.38221153846153855 0.5384615384615384 0.27644230769230776 0.5384615384615384 0.2764423076923078 0.9110576923076923 0.3822115384615386 0.9110576923076923
0 0.36067179326923077 0.4712285168269231 0.34239315026456923 0.13247212841609846 0.2607358894230769 0.13687819711538463 0.2790145324277385 0.47563458552620924
0 0.2694115057548291 0.9239745078735255 0.253418470543783 0.21620017892202992 0.18440950961538458 0.21775952163461537 0.2004025448264306 0.9255338505861109
0 0.20754474519230776 0.9016100504807694 0.18182166112052617 0.3463494227621506 0.10689584134615385 0.3498204471153846 0.1326189254179354 0.9050810748340032
2 0.9998269375 0.031797646634615505 5.00274885300252e-18 0.03179764663461544 6.428804450179515e-17 1 0.9998269375 1