0 0.7926428790332355 0.06095839615570791 0.5875963942307693 0.0230173677884616 0.5737088108706108 0.09807068797890763 0.7787552956730769 0.13601171634615394
0 1.0011245796895865 0.1671564968340752 0.8243727596153847 0.10253190865384629 0.7922706639547722 0.19033291436989236 0.9690224840289741 0.2549575025501213
0 0.8185611948192388 0.1610717658915878 0.4170739663461539 0.09625444711538465 0.4065935792192228 0.16117138074302773 0.8080808076923078 0.22598869951923087
0 0.5965815432149811 0.1900437978926908 0.1173020528846154 0.06905210336538464 0.09005461445882877 0.17698627564505112 0.5693341047891946 0.29797797017235733
0 0.9691260320444965 0.29127812135328307 0.1020962307692308 0.18832391826923078 0.0918207127616871 0.2748592909806055 0.9588505140369529 0.37781349406465775
0 0.9816881090426028 0.36009781508142846 0.03258390384615388 0.2699309471153846 0.023983355735814407 0.36046105604177686 0.9730875609322636 0.4506279240078207
0 0.6681680735158148 0.4295265949034327 0.06625393750000004 0.3787403221153846 0.060110589928280125 0.4515507006463894 0.6620247259440948 0.5023369734344375
0 0.5843692271779501 0.5761560108509396 0.5796410253355565 0.46684644409226955 0.10101010096153848 0.48754969711538465 0.10573830280393219 0.5968592638740546
0 0.9349181766021339 0.6650271249935604 0.9315111842795698 0.5804368096177706 0.1205604423076923 0.6130989759615384 0.1239674346302564 0.6976892913373283
0 0.9098123544140063 0.7272735337092335 0.9001268888085258 0.6504268510272262 0.06734006730769232 0.75538815625 0.0770255329131729 0.8322348389320073
0 0.804822418269231 0.8328102115384617 0.7929475069730458 0.7441883177422743 0.08946735905533751 0.8384513039786317 0.10134227035152257 0.927073197774819
2 1.0006544630610075 0.007623499264020181 0.0015332784502948326 -0.017665799500775944 -0.02374467316795988 0.981007085827314 0.975376511442753 1.0062963845921102