2 0.9639423076923077 0.04086538461538468 0.01923076923076924 0.040865384615384616 0.019230769230769294 0.96875 0.9639423076923077 0.96875
0 0.18269230769230774 0.27403846153846156 0.06009615384615388 0.27403846153846156 0.06009615384615389 0.3605769230769231 0.18269230769230776 0.3605769230769231
0 0.19951923076923084 0.36538461538461536 0.05288461538461543 0.36538461538461536 0.05288461538461543 0.43509615384615385 0.19951923076923084 0.43509615384615385
0 0.20913461538461545 0.43990384615384615 0.057692307692307744 0.43990384615384615 0.05769230769230775 0.5 0.20913461538461545 0.5
0 0.19951923076923084 0.5 0.05769230769230776 0.5 0.05769230769230776 0.5600961538461539 0.19951923076923084 0.5600961538461539
0 0.6682692307692307 0.23076923076923084 0.2860576923076923 0.23076923076923084 0.28605769230769235 0.3413461538461539 0.6682692307692307 0.34134615384615397
0 0.44471153846153844 0.40625 0.29807692307692313 0.40625 0.29807692307692313 0.5 0.44471153846153844 0.5
0 0.49519230769230776 0.5192307692307693 0.2836538461538462 0.5192307692307693 0.2836538461538462 0.6298076923076923 0.4951923076923078 0.6298076923076923
0 0.4951923076923078 0.6514423076923077 0.27644230769230776 0.6514423076923077 0.27644230769230776 0.7716346153846154 0.4951923076923078 0.7716346153846154
0 0.35817307692307704 0.7764423076923077 0.2716346153846155 0.7764423076923077 0.2716346153846155 0.8798076923076923 0.35817307692307704 0.8798076923076923
0 0.7596153846153846 0.3629807692307693 0.5504807692307693 0.3629807692307692 0.5504807692307693 0.4399038461538462 0.7596153846153846 0.4399038461538463
0 0.7620192307692307 0.45432692307692313 0.5384615384615384 0.4543269230769231 0.5384615384615384 0.5432692307692308 0.7620192307692307 0.543269230769231
0 0.6322115384615384 0.5384615384615385 0.5576923076923077 0.5384615384615384 0.5576923076923077 0.5961538461538463 0.6322115384615384 0.5961538461538463
0 0.8004807692307693 0.6129807692307693 0.5408653846153848 0.6129807692307693 0.5408653846153848 0.6947115384615384 0.8004807692307693 0.6947115384615384
0 0.7043269230769231 0.6923076923076923 0.5528846153846155 0.6923076923076923 0.5528846153846155 0.7692307692307693 0.7043269230769231 0.7692307692307693
0 0.9230769230769231 0.5721153846153848 0.7932692307692307 0.5721153846153848 0.7932692307692307 0.6201923076923077 0.9230769230769231 0.6201923076923077
0 0.9038461538461539 0.5144230769230771 0.7908653846153846 0.5144230769230771 0.7908653846153846 0.5625000000000001 0.9038461538461539 0.5625000000000001
0 0.9375 0.4687500000000001 0.7932692307692307 0.4687500000000001 0.7932692307692307 0.5216346153846155 0.9375 0.5216346153846155
0 0.9615384615384616 0.41586538461538475 0.7980769230769231 0.41586538461538475 0.7980769230769231 0.4615384615384617 0.9615384615384616 0.4615384615384617
0 0.9423076923076923 0.35817307692307704 0.7980769230769231 0.35817307692307704 0.7980769230769231 0.41105769230769246 0.9423076923076923 0.41105769230769246
0 0.8725961538461539 0.28365384615384626 0.8052884615384616 0.2836538461538462 0.8052884615384616 0.3509615384615386 0.8725961538461539 0.3509615384615386
0 0.9471153846153846 0.20913461538461547 0.7860576923076923 0.20913461538461545 0.7860576923076923 0.27884615384615397 0.9471153846153846 0.27884615384615397