2 0.9783653846153846 0.05048076923076929 0.03365384615384616 0.05048076923076923 0.033653846153846215 0.9663461538461539 0.9783653846153846 0.9663461538461539
1 0.14663461538461547 0.33413461538461536 0.009615384615384658 0.33413461538461536 0.009615384615384696 0.9855769230769231 0.14663461538461553 0.9855769230769231
0 0.1754807692307693 0.2860576923076923 0.06490384615384619 0.2860576923076923 0.0649038461538462 0.3629807692307692 0.1754807692307693 0.3629807692307692
0 0.19230769230769237 0.36778846153846156 0.10096153846153849 0.36778846153846156 0.10096153846153852 0.4326923076923077 0.19230769230769237 0.4326923076923077
0 0.16105769230769237 0.44711538461538464 0.060096153846153896 0.44711538461538464 0.0600961538461539 0.5120192307692307 0.16105769230769237 0.5120192307692307
0 0.9278846153846154 0.5528846153846155 0.7956730769230769 0.5528846153846155 0.7956730769230769 0.6322115384615384 0.9278846153846154 0.6322115384615384
0 0.8964286832712651 0.5461895110343352 0.8905000092737629 0.497138433353012 0.7875146072524978 0.509586006453292 0.79344328125 0.5586370841346153
0 0.9412711177884615 0.45364500721153855 0.7894207572115385 0.45364500721153855 0.7894207572115385 0.5031695721153848 0.9412711177884615 0.5031695721153848
0 0.9581403636649098 0.4454873967074154 0.9552208791715917 0.3980616300267385 0.790523796756682 0.40820022370393844 0.7934432812500002 0.4556259903846153
0 0.9350961538461539 0.3389423076923078 0.7908653846153846 0.3389423076923078 0.7908653846153846 0.3990384615384617 0.9350961538461539 0.3990384615384617
0 0.8629807692307693 0.2668269230769232 0.7956730769230769 0.26682692307692313 0.7956730769230769 0.3437500000000001 0.8629807692307693 0.3437500000000001
0 0.9399038461538461 0.1826923076923078 0.7692307692307693 0.18269230769230776 0.7692307692307693 0.26923076923076933 0.9399038461538461 0.2692307692307694