2 0.9603576159634092 0.9593565838635351 0.9539273052884618 0.10371102884615388 -0.006430310674947486 0.1109282670980036 0 0.9665738221153848
0 0.1668379530351414 0.3976222303209505 0.14725877755339048 0.3060818844407959 0.0023427235567106217 0.3370773632544608 0.021921899038461534 0.42861770913461533
0 0.17339378601118305 0.47351638640472166 0.17314276442307688 0.4153560721153846 0.05442201928206659 0.4158684742636638 0.05467304087017277 0.47402878855300085
0 0.18656120364971399 0.5299283644071057 0.18184841824861542 0.4821033670621185 0.08865019777197838 0.491287334385782 0.09336298317307695 0.5391123317307692
0 0.18032171394230773 0.5802904158653847 0.17407523235255462 0.5246731949100782 0.06820545350640077 0.5365636420254629 0.07445193509615386 0.5921808629807693
0 0.9364699156360294 0.29404473571646306 0.9276577043269228 0.2225587163461538 0.7660073103255088 0.24248565370661376 0.7748195216346154 0.31397167307692303
0 0.8655683774038463 0.3032068293269232 0.785348661700745 0.30274012382476734 0.7849056776703175 0.3788824723031329 0.8651253933734186 0.3793491778052888
0 0.9346732932692307 0.4155716778846155 0.9245980985576921 0.3487771201923078 0.7837967314177412 0.370015395264368 0.7938719261292797 0.4368099529566756
0 0.9350961538461539 0.5625000000000001 0.7980769230769231 0.5625000000000001 0.7980769230769231 0.6153846153846154 0.9350961538461539 0.6153846153846154
0 0.9548135739404202 0.45428315834740735 0.9486553004807692 0.4103671514423076 0.7839876135595798 0.43345824549874656 0.7901458870192308 0.47737425240384623
0 0.9413952765833538 0.5085552276174579 0.9333572156946619 0.4526615784538909 0.7759815328613081 0.4752937618941253 0.78401959375 0.5311874110576924
0 0.8995102033154352 0.5592690515144007 0.8957472908653845 0.51161296875 0.7881824000499493 0.5201062657932917 0.7919453125 0.5677623485576923