2 0.96875 0.01923076923076929 2.3550899983602946e-18 0.019230769230769232 6.123233995736766e-17 0.9807692307692307 0.96875 0.9807692307692307
0 0.3581730769230769 0.06250000000000004 0.2644230769230769 0.06250000000000003 0.2644230769230769 0.18750000000000003 0.3581730769230769 0.18750000000000006
0 0.43028846153846156 0.060096153846153896 0.3557692307692308 0.060096153846153896 0.3557692307692308 0.2067307692307693 0.43028846153846156 0.2067307692307693
0 0.4951923076923077 0.06730769230769237 0.42788461538461536 0.06730769230769236 0.42788461538461536 0.2163461538461539 0.4951923076923077 0.2163461538461539
0 0.5552884615384616 0.06490384615384623 0.49038461538461536 0.06490384615384623 0.49038461538461536 0.21153846153846162 0.5552884615384616 0.21153846153846162
0 0.32451923076923084 0.2884615384615385 0.19471153846153852 0.28846153846153844 0.19471153846153852 0.6754807692307693 0.3245192307692309 0.6754807692307693
0 0.4855769230769231 0.3052884615384616 0.38221153846153844 0.3052884615384616 0.38221153846153844 0.4543269230769231 0.4855769230769231 0.4543269230769231
0 0.6153846153846154 0.2908653846153847 0.49278846153846156 0.2908653846153847 0.49278846153846156 0.5048076923076924 0.6153846153846154 0.5048076923076924
0 0.7572115384615384 0.2860576923076924 0.625 0.2860576923076924 0.625 0.5072115384615385 0.7572115384615384 0.5072115384615385
0 0.8653846153846154 0.2860576923076924 0.7596153846153846 0.2860576923076924 0.7596153846153846 0.37259615384615397 0.8653846153846154 0.37259615384615397
0 0.4086538461538462 0.5576923076923077 0.32211538461538464 0.5576923076923077 0.3221153846153847 0.7668269230769231 0.4086538461538463 0.7668269230769231
0 0.514423076923077 0.5456730769230769 0.41346153846153844 0.5456730769230769 0.41346153846153855 0.7716346153846154 0.5144230769230771 0.7716346153846154
0 0.5673076923076924 0.5649038461538463 0.5048076923076924 0.5649038461538461 0.5048076923076924 0.6418269230769231 0.5673076923076924 0.6418269230769231
0 0.6658653846153846 0.5504807692307694 0.5721153846153846 0.5504807692307694 0.5721153846153847 0.8125 0.6658653846153846 0.8125
0 0.7379807692307693 0.5649038461538463 0.6538461538461539 0.5649038461538463 0.6538461538461539 0.71875 0.7379807692307693 0.71875
0 0.5769230769230771 0.8028846153846154 0.5216346153846155 0.8028846153846154 0.5216346153846155 0.9326923076923077 0.5769230769230771 0.9326923076923077
0 0.5216346153846155 0.8004807692307693 0.46634615384615397 0.8004807692307693 0.46634615384615397 0.9134615384615384 0.5216346153846155 0.9134615384615384
0 0.4807692307692309 0.8004807692307693 0.42067307692307704 0.8004807692307693 0.42067307692307704 0.9471153846153846 0.4807692307692309 0.9471153846153846
0 0.4182692307692309 0.8052884615384616 0.3677884615384617 0.8052884615384616 0.3677884615384617 0.96875 0.4182692307692309 0.96875
0 0.3701923076923078 0.8052884615384616 0.3076923076923078 0.8052884615384616 0.3076923076923078 0.9495192307692307 0.3701923076923078 0.9495192307692307
0 0.3076923076923078 0.8100961538461539 0.2379807692307693 0.8100961538461539 0.23798076923076933 0.8798076923076923 0.3076923076923078 0.8798076923076923
0 0.23798076923076933 0.7908653846153846 0.15865384615384623 0.7908653846153846 0.15865384615384626 0.9519230769230769 0.23798076923076936 0.9519230769230769