1 0.1826923076923078 0.40384615384615385 0.0048076923076923565 0.40384615384615385 0.004807692307692393 1 0.18269230769230782 1
2 0.9758064519230772 0.043759512019230895 0.019424853013889472 0.03912127051765778 0.01486342122523192 0.979665100732628 0.9712450201344196 0.9843033422342011
0 0.20380739550416255 0.42334824652058656 0.20161290384615388 0.3177321153846154 0.06534583045737596 0.32056347222941345 0.06754032211538462 0.42617960336538463
0 0.2263101831594351 0.4568242368186939 0.21875 0.40525114182692307 0.10332691299441106 0.4221711982774601 0.11088709615384616 0.47374429326923084
0 0.2309174937179888 0.5446060213680848 0.22983870913461543 0.47945205528846163 0.1430744413781651 0.48088865170883843 0.14415322596153846 0.5460426177884615
0 0.22496685843795022 0.597297704994867 0.2227822572115385 0.5365296802884616 0.11374281704281902 0.5404496315435947 0.11592741826923075 0.6012176562500001
0 0.9531367121047296 0.23215813148995462 0.9393484347242995 0.16855675909647458 0.7815746264657236 0.20276088001036613 0.7953629038461537 0.2663622524038462
0 0.8887788861195163 0.3203559815531153 0.8760080649038462 0.2549467283653847 0.8017453085920222 0.26944615065842314 0.8145161298076924 0.33485540384615375
0 0.9531829169531998 0.37436344119767856 0.9465725817307694 0.3063165913461538 0.8048815998737234 0.3200810035138599 0.8114919350961538 0.3881278533653847
0 0.9667462741172925 0.41428550532133196 0.9545219370582235 0.36247008996955654 0.7912030812101617 0.4010004139751477 0.8034274182692307 0.45281582932692316
0 0.9512560069369496 0.47297285594847166 0.946572581730769 0.4261796033653847 0.805800444986127 0.440269151263067 0.8104838701923076 0.48706240384615396
0 0.9183508207619344 0.5150046865399956 0.9106509369653486 0.47461569086254196 0.7977436642803374 0.49614068461100796 0.8054435480769231 0.5365296802884617
0 0.9353513800171613 0.5852471503696168 0.9284274182692307 0.5213089807692307 0.7985195863289926 0.5353768977073061 0.8054435480769231 0.5993150673076924