2 0.8847656249999999 0.0205931490384616 0 0 -0.023121799599679506 0.9934067604584068 0.8616438254003204 1.0139999094968684
0 0.7331730769230769 0.3245192307692309 0.6778846153846154 0.3245192307692309 0.6778846153846154 0.39182692307692324 0.7331730769230769 0.39182692307692324
0 0.7475961538461539 0.19471153846153852 0.6923076923076923 0.19471153846153852 0.6923076923076923 0.24278846153846162 0.7475961538461539 0.24278846153846162
0 0.6682692307692307 0.3437500000000001 0.6177884615384616 0.3437500000000001 0.6177884615384616 0.4086538461538463 0.6682692307692307 0.4086538461538463
0 0.6754807692307693 0.19230769230769237 0.625 0.19230769230769237 0.625 0.25721153846153855 0.6754807692307693 0.25721153846153855
0 0.6057692307692307 0.20432692307692316 0.5625 0.20432692307692316 0.5625 0.264423076923077 0.6057692307692307 0.264423076923077
0 0.59375 0.3629807692307693 0.5504807692307693 0.3629807692307692 0.5504807692307693 0.42307692307692313 0.59375 0.42307692307692324
0 0.5552884615384616 0.23076923076923084 0.5072115384615384 0.23076923076923084 0.5072115384615384 0.4735576923076923 0.5552884615384616 0.4735576923076923
0 0.5048076923076923 0.36778846153846156 0.46153846153846156 0.36778846153846156 0.46153846153846156 0.4254807692307692 0.5048076923076923 0.4254807692307692
0 0.49038461538461536 0.16105769230769237 0.43509615384615385 0.16105769230769237 0.43509615384615385 0.2860576923076924 0.49038461538461536 0.2860576923076924
0 0.7655466514423078 0.7918956754807692 0.7299326781918816 0.7868889229800607 0.7048349257880354 0.9654139614415993 0.7404488990384617 0.9704207139423079
0 0.8075372211538462 0.48513085336538475 0.7567176337116155 0.47971529317348993 0.7325896072745166 0.706132562279602 0.7834091947167473 0.7115481224714968
0 0.7195292596153849 0.7696571562500001 0.6696919319686483 0.7664229617399101 0.6594288605769234 0.9245717836538465 0.70926618822366 0.9278059781639365
0 0.6697077115384616 0.7554714254807693 0.6236941403445045 0.7527304223668829 0.6133300586137352 0.9267135930399598 0.6593436298076925 0.9294545961538462
0 0.6334815841346154 0.9418787740384617 0.6266980793269231 0.8407684302884616 0.5915113473648 0.843129112258075 0.5982948521724923 0.9442394560080751
0 0.5923744951923076 0.9881416947115385 0.5800026672435069 0.8888100916942197 0.5469584508973532 0.8929257743865274 0.5593302788461538 0.9922573774038461
0 0.5472368894230768 0.9854628389423077 0.5395229321996745 0.7766028709539398 0.5081203413461538 0.7777626826923076 0.5158342985695561 0.9866226506806756
0 0.5180820649038462 0.9766429278846154 0.4975317524038462 0.7547205144230771 0.461619963726244 0.7580459941177478 0.482170276226244 0.9799684075792862
0 0.4898354326923077 0.9857550721153848 0.45727695913461547 0.752155310096154 0.4149432417255702 0.75805566379064 0.44750171528326244 0.9916554258098708
0 0.4557693846153847 0.9784491129807692 0.40972635817307695 0.7477920264423076 0.3712745238412527 0.7554676580539996 0.4173175502835604 0.9861247445924614
0 0.4251381682692308 0.9842492259615387 0.3670712252500464 0.7632736258903138 0.3304736995489583 0.7728905539079014 0.3885406425681428 0.9938661539791264
0 0.47008337019230784 0.5082135697115386 0.40412337605752285 0.5077640479522391 0.4025589842305997 0.7373130599714699 0.4685189783653847 0.7377625817307695
0 0.5176877167945646 0.7382575674627719 0.5036895197972591 0.5057823571230553 0.45690536550269445 0.508599405044899 0.4709035625 0.7410746153846155
0 0.5578575841346154 0.7268158365384617 0.5406568749999999 0.5228823100961539 0.5011238501487099 0.5262167106409851 0.5183245592833252 0.7301502370832927
0 0.5999040528846155 0.4868111995192308 0.547327251099581 0.4864124091834518 0.545450344849581 0.7338650654334516 0.5980271466346154 0.7342638557692307
0 0.6484657810382214 0.7253925926344882 0.6372060600961539 0.5186164543269232 0.5917638776156249 0.5210909482308967 0.6030235985576924 0.7278670865384617
0 0.6877946778846155 0.4888568750000001 0.6380110204542631 0.48643039322449066 0.6263263969140672 0.7261615551886512 0.6761100543444195 0.7285880369641606
0 0.7430956466346156 0.4689765697115386 0.6962336385982077 0.46514692178765393 0.6754407326435987 0.7195821454195842 0.7223027406800065 0.7234117933434688
0 0.8461538461538461 0.09855769230769242 0.7764423076923077 0.09855769230769242 0.7764423076923077 0.20192307692307704 0.8461538461538461 0.20192307692307707