2 0.9827760889423077 0.019813750000000123 1.3588313930878664e-17 0.01981375000000006 7.360741161241602e-17 1 0.9827760889423077 1
0 0.19021369381200054 0.26379990416338184 0.18381820673076926 0.19813750721153844 0.04426307301492258 0.2117301126635413 0.05065856009615385 0.27739250961538464
0 0.48487480048076925 0.20210025721153846 0.47423307104239293 0.13262240886045945 0.2672566647923929 0.1643244112643056 0.2778983942307693 0.23380225961538462
0 0.4906154635017399 0.28422654294895217 0.47633505327833675 0.20911765976928173 0.2621705969881353 0.24983662883956032 0.2764510072115384 0.3249455120192308
0 0.4825972234501872 0.3634027530899454 0.4718483149038462 0.2912621370192308 0.24888187954725494 0.32448400221930596 0.25963078809359597 0.3966246182900205
0 0.48632218749999995 0.5012878942307692 0.4790852524038461 0.4200515168269231 0.253459503219854 0.44015136562678286 0.2606964383160079 0.521387743030629
0 0.4675357591660471 0.5822251015246038 0.46461137740384617 0.5111947692307692 0.26303202998247366 0.5194939697018699 0.2659564117446746 0.5905243019957045
0 0.4921117379807691 0.6459282740384613 0.4884311977724169 0.5724392820235708 0.2510596545031861 0.5843275320235708 0.25474019471153836 0.6578165240384615
0 0.4790852524038462 0.7350901514423077 0.4761904759615385 0.6518723990384617 0.2612034242231457 0.6593508448603742 0.26409820066545336 0.7425685972642202
0 0.6990881466346154 0.48147414182692316 0.5196121009615384 0.4814741418269231 0.5196121009615384 0.5508222716346155 0.6990881466346154 0.5508222716346155
0 0.20118685817307697 0.5508222716346155 0.03461078785141958 0.5468565097408272 0.03323866655622481 0.6044904725150961 0.1998147368778822 0.6084562344088844
0 0.21394230769230776 0.28846153846153844 0.04086538461538465 0.28846153846153844 0.04086538461538465 0.34134615384615385 0.21394230769230776 0.34134615384615385
0 0.21153846153846162 0.3557692307692308 0.033653846153846194 0.3557692307692308 0.0336538461538462 0.41586538461538464 0.21153846153846162 0.41586538461538464
0 0.12980769230769235 0.41346153846153844 0.021634615384615436 0.41346153846153844 0.02163461538461544 0.46875 0.12980769230769237 0.46875
0 0.22596153846153852 0.6057692307692307 0.06250000000000007 0.6057692307692307 0.06250000000000008 0.6730769230769231 0.22596153846153852 0.6730769230769231
0 0.2163461538461539 0.6730769230769231 0.009615384615384696 0.6730769230769231 0.009615384615384701 0.7307692307692307 0.2163461538461539 0.7307692307692307
0 0.23076923076923084 0.7331730769230769 0.03846153846153855 0.7331730769230769 0.038461538461538554 0.8076923076923077 0.23076923076923084 0.8076923076923077
0 0.21634615384615394 0.8076923076923077 0.10096153846153856 0.8076923076923077 0.10096153846153856 0.8798076923076923 0.216346153846154 0.8798076923076923
0 0.6274038461538461 0.23076923076923084 0.5673076923076923 0.23076923076923084 0.5673076923076923 0.3076923076923078 0.6274038461538461 0.3076923076923078
0 0.7427884615384616 0.2163461538461539 0.6730769230769231 0.2163461538461539 0.6730769230769231 0.2836538461538462 0.7427884615384616 0.2836538461538462
0 0.7932692307692307 0.07932692307692318 0.7235576923076923 0.07932692307692318 0.7235576923076923 0.16105769230769237 0.7932692307692307 0.16105769230769237
0 0.5769230769230769 0.1129807692307693 0.5408653846153846 0.1129807692307693 0.5408653846153846 0.19471153846153852 0.5769230769230769 0.19471153846153852
0 0.6129807692307693 0.3317307692307694 0.5769230769230769 0.3317307692307694 0.5769230769230769 0.39663461538461553 0.6129807692307693 0.39663461538461553
0 0.7331730769230769 0.3197115384615386 0.6899038461538461 0.3197115384615386 0.6899038461538461 0.37980769230769246 0.7331730769230769 0.37980769230769246
0 0.625 0.4182692307692309 0.5673076923076923 0.4182692307692309 0.5673076923076923 0.4879807692307694 0.625 0.4879807692307694
0 0.7355769230769231 0.3990384615384617 0.6875 0.3990384615384617 0.6875 0.4687500000000001 0.7355769230769231 0.4687500000000001
0 0.6201923076923077 0.560096153846154 0.5673076923076924 0.560096153846154 0.5673076923076924 0.6177884615384616 0.6201923076923077 0.6177884615384616
0 0.7980769230769231 0.5769230769230771 0.6802884615384616 0.5769230769230771 0.6802884615384616 0.6346153846153846 0.7980769230769231 0.6346153846153846