2 0.9985372371518522 0.03967838647193363 0 0 -0.03900013415663138 0.9814684938577497 0.9595371029952209 1.0211468803296833
0 0.9403767922797062 0.7994048027859804 0.8987631274038462 0.7987812187500001 0.8961824824101223 0.970995531073694 0.9377961472859824 0.9716191151096744
0 0.9512362091346154 0.7189002884615386 0.9506937889516442 0.5108577092148257 0.8971210576923077 0.5109973870192308 0.8976634778752788 0.7190399662659437
0 0.8922191610576924 0.9461318485576923 0.8857801315544371 0.7721959447741337 0.8322985216346155 0.7741758100961539 0.8387375511378707 0.9481117138797125
0 0.8382623806073449 0.9443306794635392 0.8363704350961538 0.7705252932692308 0.7839970370275006 0.7710953999704755 0.7858889825386917 0.944900786164784
0 0.801561357452113 0.9456481229526388 0.7921010718617103 0.8575687651458981 0.7542247812499999 0.861636920673077 0.7636850668404025 0.9497162784798177
0 0.7714397644230769 0.9922288533653846 0.7315027498186946 0.9063915569300431 0.7000113525356452 0.9210433743268422 0.7399483671400277 1.0068806707621838
0 0.8605769230769231 0.35336538461538475 0.7884615384615384 0.35336538461538475 0.7884615384615384 0.42067307692307704 0.8605769230769231 0.42067307692307704
0 0.8557692307692307 0.20673076923076933 0.7980769230769231 0.2067307692307693 0.7980769230769231 0.2716346153846155 0.8557692307692307 0.27163461538461553
0 0.7788461538461539 0.3629807692307694 0.7211538461538461 0.3629807692307694 0.7211538461538461 0.41586538461538475 0.7788461538461539 0.41586538461538475
0 0.7788461538461539 0.22115384615384623 0.7211538461538461 0.22115384615384623 0.7211538461538461 0.2860576923076924 0.7788461538461539 0.2860576923076924
0 0.7043269230769231 0.22115384615384623 0.6490384615384616 0.22115384615384623 0.6490384615384616 0.2908653846153847 0.7043269230769231 0.2908653846153847
0 0.7163461538461539 0.37980769230769246 0.6610576923076923 0.37980769230769246 0.6610576923076923 0.43509615384615397 0.7163461538461539 0.43509615384615397
0 0.6682692307692307 0.2740384615384616 0.5985576923076923 0.2740384615384616 0.5985576923076923 0.4879807692307694 0.6682692307692307 0.4879807692307694
0 0.6057692307692307 0.3750000000000001 0.5625 0.3750000000000001 0.5625 0.4302884615384617 0.6057692307692307 0.4302884615384617
0 0.5793269230769231 0.18028846153846162 0.5072115384615384 0.18028846153846162 0.5072115384615384 0.29807692307692313 0.5793269230769231 0.29807692307692313
0 0.719033639423077 0.988168627403846 0.6857690428138093 0.790398301338381 0.6475765072115386 0.7968222139423078 0.6808411038208061 0.9945925400077728
0 0.6859846971153847 0.9848038653846154 0.6341094870437888 0.7560691043769616 0.5999689951923077 0.7638118942307693 0.6518442052639036 0.9925466552384231
0 0.6456177884615385 0.9810128798076924 0.5984744591346154 0.7752438942307693 0.5543452525424496 0.7853542503346176 0.6014885818693727 0.9911232359115405
0 0.6165821201923076 0.9822015072115385 0.5421937376316215 0.7657794814502948 0.5017282692307693 0.7796882355769232 0.5761166517914553 0.9961102613381669
0 0.579008829326923 0.982892872596154 0.4942735293877375 0.7711412476821684 0.4514472932692308 0.7882787500000001 0.5361825932084161 1.0000303749139856
0 0.6031942692307694 0.7438414158653845 0.5690632859345705 0.5222639646387914 0.5045889855769231 0.5321953509615386 0.5387199688731219 0.7537728021881318
0 0.6552853966346155 0.7425557355769232 0.6157619447025154 0.5166489902791066 0.5660400414164315 0.5253480720701763 0.6055634933485317 0.751254817367993
0 0.6923476177884615 0.7504738846153847 0.6613231219959265 0.5378704099057026 0.6232503894230769 0.5434262331730769 0.6542748852156121 0.756029707882759
0 0.7416451250000002 0.7447058533653848 0.7150771995192307 0.5084578701923077 0.668059788174779 0.5137453442444478 0.6946277136555483 0.7499933274175248
0 0.7940905456730767 0.7477604519230769 0.774290829326923 0.5349447668269232 0.7236816914142076 0.5396532852556395 0.7434814077603614 0.7524689703517934
0 0.8360700913461538 0.7415661971153844 0.8215070217520586 0.5180760806492108 0.7792081562500002 0.5208323605769231 0.7937712258440954 0.7443224770430965
0 0.8881998990384615 0.7258839615384616 0.8736718028846154 0.5032961466346154 0.8205789215729078 0.5067614687822559 0.8351070177267539 0.7293492836861023