2 1.0000000000000002 0.07577546875 0.01801766826923077 0.029290259615384624 -0.02654748095108961 0.9707120572149209 0.9554348507796798 1.0171972663495363
0 0.7091346153846154 0.8413461538461539 0.5937500000000001 0.8413461538461539 0.5937500000000001 0.9110576923076923 0.7091346153846154 0.9110576923076923
0 0.07932692307692318 0.7788461538461539 0.021634615384615478 0.7788461538461539 0.02163461538461548 0.8461538461538461 0.07932692307692318 0.8461538461538461
0 0.3149038461538463 0.7668269230769231 0.25721153846153855 0.7668269230769231 0.25721153846153855 0.8076923076923077 0.3149038461538463 0.8076923076923077
0 0.6033653846153848 0.7355769230769231 0.4062500000000001 0.7355769230769231 0.4062500000000001 0.8028846153846154 0.6033653846153848 0.8028846153846154
0 0.5384615384615385 0.6778846153846154 0.4134615384615386 0.6778846153846154 0.4134615384615386 0.7355769230769231 0.5384615384615385 0.7355769230769231
0 0.2548076923076924 0.5889423076923077 0.18269230769230776 0.5889423076923077 0.18269230769230776 0.625 0.2548076923076924 0.625
0 0.6466346153846154 0.5072115384615385 0.04326923076923084 0.5072115384615384 0.04326923076923084 0.5961538461538463 0.6466346153846154 0.5961538461538463
0 0.0865384615384616 0.46153846153846156 0.033653846153846215 0.46153846153846156 0.033653846153846215 0.5048076923076923 0.0865384615384616 0.5048076923076923
0 0.6225961538461539 0.44951923076923084 0.2524038461538462 0.4495192307692308 0.2524038461538462 0.5336538461538463 0.6225961538461539 0.5336538461538463
0 0.7139423076923077 0.32932692307692313 0.3701923076923077 0.3293269230769231 0.3701923076923077 0.41826923076923084 0.7139423076923077 0.4182692307692309
0 0.6995192307692307 0.2716346153846155 0.41586538461538464 0.2716346153846155 0.41586538461538464 0.35096153846153855 0.6995192307692307 0.3509615384615386
0 0.30588699948618225 0.3888177665577651 0.2976792869142277 0.34250878906103127 0.1345749773318916 0.3714170777917277 0.14278268990384615 0.4177260552884615
0 0.1718897939032168 0.3509538783746061 0.1671003725961539 0.30363027163461537 0.07320073013524478 0.31313345576000934 0.07799015144230768 0.3604570625000001
0 0.39409963168076767 0.3082062641557603 0.383663605281042 0.26799525370434385 0.2344735096579666 0.3067147924331991 0.24490953605769228 0.3469258028846155
0 0.4804971503240507 0.22249654397365243 0.4696213056743504 0.16513318120238668 0.04620894621568424 0.24541032713258046 0.057084790865384614 0.3027736899038462
0 0.403875073379515 0.1907144455892829 0.3958687418739923 0.13608559249756025 0.06383113243678505 0.18474857960058502 0.0718374639423077 0.23937743269230768