2 0.9975961538461539 6.108514683247014e-17 0 0 6.123233995736766e-17 1 0.9975961538461539 1
0 0.23317307692307693 0.02403846153846156 0.11778846153846154 0.024038461538461557 0.11778846153846155 0.1778846153846154 0.23317307692307693 0.1778846153846154
0 0.14608442548076928 0.22190025240384617 0.07422878515435281 0.20743668168448298 0.03471741105769236 0.40373088461538453 0.10657305138410883 0.41819445533474775
0 0.2224108076923078 0.1917491033653847 0.13272429635266592 0.17482398753079334 0.058157377403846224 0.5699555120192308 0.1478438887434881 0.5868806278538222
0 0.23605057451923098 0.4180144375 0.1477173942824897 0.3987952941127449 0.04012836538461551 0.8932856514423076 0.1284615456213568 0.9125047948295629
0 0.37502293028846173 0.04293900480769238 0.30481543270911854 0.032539531968662355 0.17623478158537687 0.9005956240659672 0.2464422791647201 0.9109950969049971
0 0.436087076923077 0.03673814903846161 0.35145985061475804 0.02726339881556169 0.246414983173077 0.9655103774038462 0.33104220948139595 0.974985127626746
0 0.49395215384615404 0.3484902812500001 0.41672421283545436 0.3412212650738429 0.3604722620192309 0.9388567956730771 0.43770020302993057 0.9461258118492343
0 0.5745192307692308 0.4254807692307693 0.47596153846153844 0.4254807692307692 0.47596153846153855 0.9110576923076923 0.574519230769231 0.9110576923076923
0 0.6826923076923077 0.06971153846153853 0.5769230769230769 0.06971153846153853 0.576923076923077 0.8822115384615384 0.6826923076923077 0.8822115384615384
0 0.7845748701923078 0.9489729519230772 0.7541525697115384 0.08994483894230768 0.6362054479701217 0.0941219115249597 0.6666277484508909 0.9531500245057292
0 0.9175865985576923 0.9202442740384614 0.8778079252599693 0.22085957886018454 0.7558067762215076 0.2277985980909538 0.7955854495192306 0.9271832932692307