0 0.9038461538461539 0.5697115384615385 0.7716346153846154 0.5697115384615385 0.7716346153846154 0.6610576923076923 0.9038461538461539 0.6610576923076923
0 0.9110576923076923 0.4951923076923078 0.7475961538461539 0.4951923076923078 0.7475961538461539 0.5649038461538463 0.9110576923076923 0.5649038461538463
0 0.9134615384615384 0.4326923076923078 0.7379807692307693 0.4326923076923078 0.7379807692307693 0.5024038461538463 0.9134615384615384 0.5024038461538463
0 0.9182692307692307 0.37980769230769246 0.7524038461538461 0.37980769230769246 0.7524038461538461 0.4375000000000001 0.9182692307692307 0.4375000000000001
0 0.6658653846153846 0.5961538461538463 0.2788461538461539 0.5961538461538461 0.2788461538461539 0.7331730769230769 0.6658653846153846 0.7331730769230769
0 0.65625 0.4399038461538462 0.5 0.43990384615384615 0.5 0.5576923076923077 0.65625 0.5576923076923078
0 0.6730769230769231 0.32451923076923084 0.46153846153846156 0.3245192307692308 0.46153846153846156 0.4350961538461539 0.6730769230769231 0.43509615384615397
0 0.6899038461538461 0.18990384615384623 0.46634615384615385 0.18990384615384623 0.46634615384615385 0.30769230769230776 0.6899038461538461 0.3076923076923078
0 0.6995192307692307 0.08413461538461547 0.6057692307692307 0.08413461538461545 0.6057692307692307 0.18028846153846162 0.6995192307692307 0.18028846153846162
0 0.40144230769230776 0.5192307692307693 0.1971153846153847 0.5192307692307693 0.1971153846153847 0.5985576923076923 0.4014423076923078 0.5985576923076923
0 0.4182692307692308 0.4206730769230769 0.19471153846153852 0.4206730769230769 0.19471153846153852 0.5048076923076923 0.4182692307692308 0.5048076923076923
0 0.40384615384615385 0.3701923076923077 0.33413461538461536 0.3701923076923077 0.33413461538461536 0.4230769230769231 0.40384615384615385 0.4230769230769231
0 0.41586538461538464 0.2836538461538462 0.16826923076923084 0.28365384615384615 0.16826923076923084 0.3581730769230769 0.41586538461538464 0.3581730769230769
0 0.4110576923076923 0.21394230769230774 0.2620192307692308 0.21394230769230768 0.2620192307692308 0.28605769230769235 0.4110576923076923 0.2860576923076924
0 0.1754807692307693 0.6826923076923077 0.019230769230769315 0.6826923076923077 0.019230769230769322 0.7596153846153846 0.1754807692307693 0.7596153846153846
0 0.16105769230769237 0.6105769230769231 0.09134615384615391 0.6105769230769231 0.09134615384615391 0.6778846153846154 0.16105769230769237 0.6778846153846154
0 0.15625000000000006 0.5552884615384616 0.024038461538461606 0.5552884615384616 0.024038461538461613 0.6153846153846154 0.15625000000000006 0.6153846153846154
0 0.1658653846153847 0.5072115384615384 0.00961538461538468 0.5072115384615384 0.009615384615384682 0.5649038461538461 0.1658653846153847 0.5649038461538461
0 0.17067307692307698 0.4567307692307692 0.033653846153846215 0.4567307692307692 0.033653846153846215 0.5072115384615384 0.17067307692307698 0.5072115384615384
0 0.18028846153846162 0.4182692307692308 0.06971153846153852 0.4182692307692308 0.06971153846153852 0.4567307692307692 0.18028846153846162 0.4567307692307692
0 0.16826923076923084 0.3605769230769231 0.05048076923076928 0.3605769230769231 0.05048076923076928 0.4206730769230769 0.16826923076923084 0.4206730769230769
2 0.9750496128973108 0.8872853250468791 0.9686084927399529 -0.0002540619889221833 -0.00644112015735801 0.00682214421419887 0 0.8943615312500002