0 0.528846153846154 0.5096153846153846 0.4543269230769231 0.5096153846153846 0.45432692307692313 0.6947115384615384 0.528846153846154 0.6947115384615384
0 0.7355769230769231 0.016826923076923163 0.6682692307692307 0.01682692307692316 0.6682692307692307 0.18028846153846162 0.7355769230769231 0.18028846153846162
0 0.6682692307692307 0.021634615384615467 0.6057692307692307 0.02163461538461546 0.6057692307692307 0.1971153846153847 0.6682692307692307 0.1971153846153847
0 0.35336538461538464 0.2524038461538462 0.29086538461538464 0.2524038461538462 0.29086538461538464 0.4831730769230769 0.35336538461538464 0.4831730769230769
0 0.4326923076923077 0.25000000000000006 0.3629807692307692 0.25000000000000006 0.3629807692307692 0.49278846153846156 0.4326923076923077 0.49278846153846156
0 0.5697115384615384 0.24038461538461545 0.49278846153846156 0.24038461538461545 0.49278846153846156 0.483173076923077 0.5697115384615384 0.48317307692307704
0 0.6346153846153846 0.24519230769230776 0.5817307692307693 0.24519230769230776 0.5817307692307693 0.4567307692307694 0.6346153846153846 0.4567307692307694
0 0.8286540048076922 0.16331484134615393 0.8109781821259823 0.017641885968825672 0.7460776201923077 0.0255168605769231 0.7637534428740177 0.17118981595425134
0 0.8885218822115384 0.46558703125 0.8668019041175486 0.25743587409682583 0.7883543416175486 0.2656216529429797 0.8100743197115384 0.4737728100961538
0 0.7956234519230768 0.4815722716346154 0.7599336154279416 0.2439815973534212 0.68693718133 0.25494680381855417 0.7226270178251352 0.4925374780997484
0 0.7171758870192307 0.46171790865384615 0.6969430082145887 0.2378337989033539 0.6246886740799732 0.2443635753456616 0.6449215528846154 0.46824768509615383
0 0.465669161404609 0.19348910181309378 0.4529314615384616 0.017812776442307696 0.3947767520569295 0.02202937895613704 0.407514451923077 0.19770570432692308
0 0.3455821634615385 0.009129947115384661 0.28227032766860405 0.0034106997341952685 0.26300578125 0.2166684447115385 0.32631761704293444 0.2223876920927279
0 0.9254807692307693 0.6971153846153846 0.8485576923076923 0.6971153846153846 0.8485576923076923 0.7716346153846154 0.9254807692307693 0.7716346153846154
0 0.7764423076923077 0.560096153846154 0.7067307692307693 0.560096153846154 0.7067307692307693 0.605769230769231 0.7764423076923077 0.605769230769231
0 0.8076923076923077 0.6754807692307693 0.7115384615384616 0.6754807692307693 0.7115384615384616 0.7283653846153846 0.8076923076923077 0.7283653846153846
0 0.6802884615384616 0.5576923076923078 0.6129807692307693 0.5576923076923078 0.6129807692307693 0.5985576923076924 0.6802884615384616 0.5985576923076924
0 0.7019230769230769 0.6754807692307693 0.6346153846153846 0.6754807692307693 0.6346153846153846 0.7139423076923077 0.7019230769230769 0.7139423076923077
0 0.5937500000000001 0.5528846153846154 0.5384615384615384 0.5528846153846154 0.5384615384615385 0.6129807692307693 0.5937500000000001 0.6129807692307694
0 0.605769230769231 0.6682692307692307 0.5504807692307694 0.6682692307692307 0.5504807692307694 0.7115384615384616 0.605769230769231 0.7115384615384616
0 0.4399038461538463 0.6850961538461539 0.37259615384615397 0.6850961538461539 0.37259615384615397 0.7644230769230769 0.4399038461538463 0.7644230769230769
0 0.4471153846153847 0.5576923076923077 0.39903846153846156 0.5576923076923077 0.3990384615384616 0.6105769230769231 0.44711538461538475 0.6105769230769231
2 1 0.9227919903846155 0.9396027026789405 -0.05782058219856608 -0.05957153289798244 0.003719953859126167 0.000825764423076922 0.9843325264423076
0 0.2774566466346154 0.019966978365384653 0.20465249584560719 0.013528835185582701 0.1860728107494533 0.22363261162789036 0.2588769615384615 0.23007075480769232
0 0.21345995192307696 0.04986923317307696 0.11381308810613211 0.03518921345109839 0.08842362298395691 0.20753098283078406 0.18807048680090174 0.2222110025527626