0 0.39903846153846156 0.03605769230769235 0.3004807692307692 0.03605769230769234 0.3004807692307692 0.17067307692307698 0.39903846153846156 0.17067307692307698
0 0.47115384615384615 0.026442307692307748 0.40384615384615385 0.026442307692307744 0.40384615384615385 0.18028846153846162 0.47115384615384615 0.18028846153846162
0 0.5432692307692307 0.024038461538461602 0.47115384615384615 0.0240384615384616 0.47115384615384615 0.19230769230769237 0.5432692307692307 0.19230769230769237
0 0.5961538461538461 0.012019230769230838 0.5336538461538461 0.012019230769230834 0.5336538461538461 0.18028846153846162 0.5961538461538461 0.18028846153846162
0 0.4302884615384616 0.2692307692307693 0.2860576923076923 0.2692307692307693 0.28605769230769235 0.6538461538461539 0.4302884615384617 0.6538461538461539
0 0.5649038461538461 0.2788461538461539 0.4543269230769231 0.2788461538461539 0.4543269230769231 0.4302884615384616 0.5649038461538461 0.4302884615384617
0 0.6802884615384616 0.2596153846153847 0.5745192307692307 0.2596153846153847 0.5745192307692307 0.45913461538461553 0.6802884615384616 0.45913461538461553
0 0.8173076923076923 0.23557692307692316 0.7067307692307693 0.23557692307692316 0.7067307692307693 0.4615384615384617 0.8173076923076923 0.4615384615384617
0 0.9230769230769231 0.2139423076923078 0.8173076923076923 0.21394230769230776 0.8173076923076923 0.3076923076923078 0.9230769230769231 0.3076923076923078
0 0.5360576923076924 0.53125 0.44711538461538464 0.53125 0.4471153846153847 0.7307692307692307 0.5360576923076924 0.7307692307692307
0 0.625 0.5024038461538463 0.5384615384615384 0.5024038461538461 0.5384615384615385 0.71875 0.625 0.71875
0 0.6754807692307693 0.5216346153846155 0.6153846153846154 0.5216346153846155 0.6153846153846154 0.5937500000000001 0.6754807692307693 0.5937500000000001
0 0.7692307692307693 0.5144230769230771 0.6826923076923077 0.5144230769230771 0.6826923076923077 0.75 0.7692307692307693 0.75
0 0.8365384615384616 0.5024038461538463 0.7596153846153846 0.5024038461538463 0.7596153846153846 0.6466346153846154 0.8365384615384616 0.6466346153846154
0 0.3942307692307694 0.7692307692307693 0.3125000000000001 0.7692307692307693 0.3125000000000001 0.9206730769230769 0.3942307692307694 0.9206730769230769
0 0.45432692307692324 0.7740384615384616 0.38942307692307704 0.7740384615384616 0.38942307692307704 0.84375 0.45432692307692324 0.84375
0 0.5168269230769232 0.7716346153846154 0.4567307692307694 0.7716346153846154 0.4567307692307694 0.9158653846153846 0.5168269230769232 0.9158653846153846
0 0.5673076923076924 0.7596153846153846 0.5144230769230771 0.7596153846153846 0.5144230769230771 0.9230769230769231 0.5673076923076924 0.9230769230769231
0 0.6177884615384616 0.7572115384615384 0.5625000000000001 0.7572115384615384 0.5625000000000001 0.8966346153846154 0.6177884615384616 0.8966346153846154
0 0.6538461538461539 0.7548076923076923 0.6129807692307694 0.7548076923076923 0.6129807692307694 0.8533653846153846 0.6538461538461539 0.8533653846153846
0 0.7139423076923077 0.7524038461538461 0.6538461538461539 0.7524038461538461 0.6538461538461539 0.8677884615384616 0.7139423076923077 0.8677884615384616
2 1.0516276036495187 0.87555144168276 0.9566883466188142 -0.0730553969803731 0.05673046153846154 0.017014935096153847 0.15166971856916603 0.9656217737592869