2 0.9823594254807694 0.06250000000000012 0.03576230850661906 0.04667651723755507 0.020326808506619092 0.9700636133914011 0.9669239254807694 0.9858870961538462
1 0.6346153846153846 0.3149038461538462 0.375 0.31490384615384615 0.37500000000000006 0.9831730769230769 0.6346153846153846 0.9831730769230769
0 0.18269230769230776 0.28365384615384615 0.05769230769230772 0.28365384615384615 0.05769230769230774 0.35096153846153844 0.18269230769230776 0.35096153846153844
0 0.18750000000000006 0.3557692307692308 0.05528846153846159 0.3557692307692308 0.05528846153846159 0.41346153846153844 0.18750000000000006 0.41346153846153844
0 0.1971153846153847 0.4182692307692308 0.060096153846153896 0.4182692307692308 0.060096153846153896 0.47596153846153844 0.1971153846153847 0.47596153846153844
0 0.19230769230769237 0.47836538461538464 0.060096153846153896 0.47836538461538464 0.0600961538461539 0.5240384615384616 0.19230769230769237 0.5240384615384616
0 0.6346153846153846 0.23798076923076927 0.2620192307692308 0.23798076923076922 0.2620192307692308 0.35576923076923084 0.6346153846153846 0.3557692307692309
0 0.4206730769230769 0.38461538461538464 0.28125000000000006 0.38461538461538464 0.28125000000000006 0.49278846153846156 0.4206730769230769 0.49278846153846156
0 0.45432692307692313 0.5096153846153846 0.26201923076923084 0.5096153846153846 0.26201923076923084 0.6081730769230769 0.45432692307692324 0.6081730769230769
0 0.37980769230769246 0.625 0.24519230769230776 0.625 0.24519230769230776 0.7067307692307693 0.37980769230769246 0.7067307692307693
0 0.3245192307692309 0.7259615384615384 0.25000000000000006 0.7259615384615384 0.25000000000000006 0.8317307692307693 0.3245192307692309 0.8317307692307693
0 0.7403846153846154 0.3701923076923078 0.5985576923076923 0.3701923076923078 0.5985576923076923 0.4375000000000001 0.7403846153846154 0.4375000000000001
0 0.7355769230769231 0.46634615384615397 0.5817307692307693 0.46634615384615397 0.5817307692307693 0.528846153846154 0.7355769230769231 0.528846153846154
0 0.9134615384615384 0.5697115384615385 0.7764423076923077 0.5697115384615385 0.7764423076923077 0.625 0.9134615384615384 0.625
0 0.8966346153846154 0.5216346153846155 0.7716346153846154 0.5216346153846155 0.7716346153846154 0.5649038461538463 0.8966346153846154 0.5649038461538463
0 0.9326923076923077 0.47355769230769246 0.7740384615384616 0.47355769230769246 0.7740384615384616 0.5144230769230771 0.9326923076923077 0.5144230769230771
0 0.9567307692307693 0.42307692307692324 0.7788461538461539 0.42307692307692324 0.7788461538461539 0.4711538461538463 0.9567307692307693 0.4711538461538463
0 0.9423076923076923 0.3701923076923078 0.7788461538461539 0.3701923076923078 0.7788461538461539 0.41105769230769246 0.9423076923076923 0.41105769230769246
0 0.8581730769230769 0.2860576923076924 0.7884615384615384 0.2860576923076924 0.7884615384615384 0.35336538461538475 0.8581730769230769 0.35336538461538475
0 0.9447115384615384 0.20673076923076933 0.7620192307692307 0.2067307692307693 0.7620192307692307 0.2764423076923078 0.9447115384615384 0.2764423076923078