2 1.004810460881072 0.8922789463179887 0.99531244663833 -0.003332707200944766 0.04122961459812982 0.006785397327807829 0.050727628840871904 0.9023970508467413
0 0.9735576923076923 0.560096153846154 0.8317307692307693 0.560096153846154 0.8317307692307693 0.6442307692307693 0.9735576923076923 0.6442307692307693
0 0.9735576923076923 0.48317307692307704 0.8173076923076923 0.48317307692307704 0.8173076923076923 0.5649038461538463 0.9735576923076923 0.5649038461538463
0 0.9663461538461539 0.42307692307692324 0.8004807692307693 0.42307692307692324 0.8004807692307693 0.48557692307692324 0.9663461538461539 0.48557692307692324
0 0.9663461538461539 0.3629807692307694 0.8004807692307693 0.3629807692307694 0.8004807692307693 0.42788461538461553 0.9663461538461539 0.42788461538461553
0 0.7331730769230769 0.5817307692307693 0.34855769230769246 0.5817307692307693 0.34855769230769246 0.7259615384615384 0.7331730769230769 0.7259615384615384
0 0.7115384615384616 0.4254807692307694 0.5649038461538461 0.4254807692307694 0.5649038461538461 0.5504807692307694 0.7115384615384616 0.5504807692307694
0 0.7139423076923077 0.30769230769230776 0.5096153846153846 0.3076923076923077 0.5096153846153846 0.4278846153846155 0.7139423076923077 0.42788461538461553
0 0.71875 0.17307692307692316 0.4951923076923077 0.17307692307692316 0.4951923076923077 0.29807692307692313 0.71875 0.29807692307692313
0 0.7163461538461539 0.05528846153846161 0.6274038461538461 0.055288461538461606 0.6274038461538461 0.1658653846153847 0.7163461538461539 0.1658653846153847
0 0.4591346153846155 0.4951923076923077 0.2524038461538462 0.4951923076923077 0.2524038461538462 0.5865384615384616 0.45913461538461553 0.5865384615384616
0 0.4639423076923077 0.40625 0.25000000000000006 0.40625 0.25000000000000006 0.49038461538461536 0.4639423076923077 0.49038461538461536
0 0.44471153846153844 0.35336538461538464 0.37259615384615385 0.35336538461538464 0.37259615384615385 0.40865384615384615 0.44471153846153844 0.40865384615384615
0 0.4495192307692308 0.264423076923077 0.20432692307692307 0.2644230769230769 0.2043269230769231 0.35336538461538464 0.4495192307692308 0.35336538461538464
0 0.44711538461538464 0.18990384615384623 0.30528846153846156 0.18990384615384623 0.30528846153846156 0.2692307692307693 0.44711538461538464 0.2692307692307693
0 0.24278846153846162 0.6610576923076923 0.09134615384615391 0.6610576923076923 0.09134615384615394 0.7475961538461539 0.24278846153846162 0.7475961538461539
0 0.2283653846153847 0.59375 0.1442307692307693 0.59375 0.1442307692307693 0.6610576923076923 0.2283653846153847 0.6610576923076923
0 0.23317307692307698 0.5408653846153846 0.07932692307692314 0.5408653846153846 0.07932692307692314 0.6009615384615384 0.23317307692307698 0.6009615384615384
0 0.22355769230769237 0.49038461538461536 0.06730769230769237 0.49038461538461536 0.06730769230769237 0.5504807692307693 0.22355769230769237 0.5504807692307693
0 0.22596153846153852 0.43990384615384615 0.0817307692307693 0.43990384615384615 0.0817307692307693 0.49038461538461536 0.22596153846153852 0.49038461538461536
0 0.21875000000000006 0.39903846153846156 0.11298076923076926 0.39903846153846156 0.11298076923076929 0.44711538461538464 0.21875000000000006 0.44711538461538464
0 0.22115384615384623 0.35096153846153844 0.09134615384615388 0.35096153846153844 0.09134615384615388 0.40865384615384615 0.22115384615384623 0.40865384615384615