2 1.0000000000000004 0.008583689903846278 0.007204828427562455 0.005869894357658473 0.004494801985254701 0.9972862044538122 0.9972899735576927 1
0 0.24393352387577888 0.1835051813915665 0.23705150475310213 0.14294665413566435 0.06086865876193869 0.17284156889794403 0.06775067788461539 0.21340009615384622
0 0.2542970490952359 0.24888944421889542 0.2529358629807692 0.20505483894230767 0.09047862157784096 0.2100995870311046 0.09183980769230768 0.2539341923076923
0 0.2331612701176638 0.3875002288172176 0.0430806945830161 0.3813817553134433 0.041777299465352365 0.4218738966885334 0.23185787500000007 0.4279923701923077
0 0.12865046392766152 0.34701639908231985 0.036133694711538496 0.3290414879807692 0.029382901628324295 0.363787783090493 0.1218996708444473 0.3817626941920436
0 0.25293586298076925 0.43633762500000006 0.04362777285608565 0.41010544730542614 0.03914483653846158 0.44587506009615385 0.2484529266631452 0.4721072377907278
0 0.24239686778846153 0.4816404399038461 0.03670651004162714 0.4493049652590702 0.029978353424298103 0.49210368576026214 0.2356687111711325 0.524439160405038
0 0.2544414326923077 0.5305197908653846 0.04664689925427849 0.4788754819830438 0.03684105366887207 0.5183299959940082 0.24463558710690128 0.569974304876349
0 0.48388266927207485 0.4864671477882082 0.27551942067307694 0.466142108173077 0.27040820572792523 0.5185400060579458 0.47877145432692314 0.538865045673077
0 0.4893104495192308 0.438721983173077 0.27853074998398897 0.4183091470059491 0.2740138509615385 0.4649499278846155 0.4847935504967804 0.48536276405174333
0 0.4663206821784898 0.39110558464670836 0.2800361346153846 0.37911301923076923 0.27743120003304866 0.41957634323790705 0.46371574759615386 0.4315689086538462
0 0.5103884375000001 0.32665712980769235 0.27811175085520695 0.3218485751782719 0.2769509835322422 0.37791930921842837 0.5092276701770353 0.3827278638478488
0 0.5028605841346153 0.27658559855769227 0.501355014423077 0.23247496394230774 0.2860244322562617 0.23982455674016856 0.2875300019678001 0.2839351913555531
0 0.5329719951923078 0.21816881250000003 0.5292019333890271 0.1696055134061512 0.2988496305044116 0.18748820330999735 0.3026196923076923 0.23605150240384615
0 0.5227170854728821 0.15720336330414508 0.5179162908653846 0.10491177884615384 0.30835789289250254 0.12415095159970109 0.3131586875 0.17644253605769233
0 0.7603131586538462 0.38865045192307696 0.5299608557692309 0.37195994230769236 0.5262417176126415 0.4232892341542843 0.7565940204972568 0.439979743769669