1 0.3629807692307693 0.375 0.10817307692307696 0.375 0.10817307692307701 1 0.3629807692307694 1
0 0.20432692307692316 0.29086538461538464 0.07211538461538465 0.29086538461538464 0.07211538461538466 0.36778846153846156 0.20432692307692316 0.36778846153846156
0 0.21875000000000006 0.3798076923076923 0.07451923076923082 0.3798076923076923 0.07451923076923082 0.4375 0.21875000000000006 0.4375
0 0.2283653846153847 0.44711538461538464 0.07451923076923082 0.44711538461538464 0.07451923076923082 0.5 0.2283653846153847 0.5
0 0.21875000000000006 0.4951923076923077 0.06730769230769237 0.4951923076923077 0.06730769230769237 0.5576923076923077 0.21875000000000006 0.5576923076923077
0 0.6971153846153846 0.24038461538461545 0.31490384615384615 0.24038461538461545 0.31490384615384615 0.36057692307692313 0.6971153846153846 0.36057692307692324
0 0.4807692307692308 0.40384615384615385 0.32211538461538464 0.40384615384615385 0.32211538461538464 0.49759615384615385 0.4807692307692308 0.49759615384615385
0 0.5096153846153847 0.5216346153846154 0.31490384615384615 0.5216346153846154 0.3149038461538462 0.6153846153846154 0.5096153846153848 0.6153846153846154
0 0.9423076923076923 0.2187500000000001 0.7956730769230769 0.21875000000000006 0.7956730769230769 0.29567307692307704 0.9423076923076923 0.29567307692307704
0 0.875 0.29567307692307704 0.8173076923076923 0.295673076923077 0.8173076923076923 0.36057692307692324 0.875 0.36057692307692324
0 0.9254807692307693 0.5528846153846155 0.8100961538461539 0.5528846153846155 0.8100961538461539 0.5961538461538463 0.9254807692307693 0.5961538461538463
0 0.9014423076923077 0.5000000000000001 0.8100961538461539 0.5000000000000001 0.8100961538461539 0.5456730769230771 0.9014423076923077 0.5456730769230771
0 0.9375 0.4615384615384617 0.8125 0.4615384615384617 0.8125 0.5000000000000001 0.9375 0.5000000000000001
0 0.9543269230769231 0.4086538461538463 0.8100961538461539 0.4086538461538463 0.8100961538461539 0.4567307692307694 0.9543269230769231 0.4567307692307694
0 0.9399038461538461 0.3557692307692309 0.8125 0.3557692307692309 0.8125 0.4062500000000001 0.9399038461538461 0.4062500000000001
2 0.9714308886117501 0.05654180870859337 0.02339344828205427 0.05524115747948898 0.0221778653846155 0.941272764423077 0.9702153057143114 0.9425734156521812