2 0.9537827686256846 0.05749992605837232 0.01878097355769231 0.014248112980769233 -0.026743871700043182 0.9983874821166506 0.9082579233679492 1.0416392951942537
0 0.2536521177884616 0.6593205504807693 0.16740066105769238 0.652459625 0.1457226194164263 0.924983015010619 0.2319740761471955 0.9318439404913883
0 0.33553871634615395 0.6924804086538463 0.27689519536264506 0.6823705840851366 0.230457458127316 0.9517394934542808 0.2891009791108249 0.9618493180229903
0 0.3803756173516336 0.6936100938781087 0.33727258894230777 0.6878899230769231 0.3046949401083985 0.9333712857848314 0.3477979685177243 0.939091456586017
0 0.43333680048076934 0.7069685024038462 0.3827189269017876 0.7012704096116049 0.3603661528633261 0.8998368302846819 0.4109840264423078 0.9055349230769232
0 0.4951610566682944 0.6956790608728063 0.44602520673076934 0.6928091778846155 0.4314133688124751 0.942981424704117 0.4805492187500002 0.9458513076923079
0 0.5389222719814484 0.7128002500613392 0.4942870055372206 0.711814296213714 0.48875049076731086 0.9624586975946825 0.5333857572115387 0.9634446514423078
0 0.586424564903846 0.9201909567307692 0.5830193518351906 0.7072442088355916 0.5342486210094805 0.7080240973833957 0.5376538340781358 0.9209708452785734
0 0.6512562860576924 0.9368524855769231 0.6472304801554217 0.7156298060021525 0.592145812477346 0.7166322356838166 0.5961716183796166 0.9378549152585871
0 0.7020735048076923 0.9644829374999998 0.6956454404463331 0.7146445128473773 0.6465397121635088 0.7159079485352715 0.6529677765248679 0.9657463731878941
0 0.7672753212607847 0.9950574922917096 0.7381279791999151 0.7218038456866778 0.6873993847430959 0.7272149489355113 0.7165467268039655 1.000468595540543
0 0.7976435264423076 0.8220288197115386 0.7951159666884937 0.7245343408682382 0.7474363557692307 0.7257704423076923 0.7499639155230446 0.8232649211509927