0 0.8028846153846154 0.6634615384615384 0.3870192307692309 0.6634615384615384 0.3870192307692309 0.7836538461538461 0.8028846153846154 0.7836538461538461
0 0.512019230769231 0.5649038461538461 0.2836538461538462 0.5649038461538461 0.2836538461538462 0.65625 0.512019230769231 0.65625
0 0.9615384615384616 0.6730769230769231 0.8942307692307693 0.6730769230769231 0.8942307692307693 0.7427884615384616 0.9615384615384616 0.7427884615384616
0 0.9879807692307693 0.5961538461538463 0.8894230769230769 0.5961538461538463 0.8894230769230769 0.6634615384615384 0.9879807692307693 0.6634615384615384
0 0.9639423076923077 0.5264423076923078 0.8774038461538461 0.5264423076923078 0.8774038461538461 0.5961538461538463 0.9639423076923077 0.5961538461538463
0 0.9855769230769231 0.47836538461538475 0.8870192307692307 0.47836538461538475 0.8870192307692307 0.5360576923076924 0.9855769230769231 0.5360576923076924
0 0.23076923076923084 0.3485576923076923 0.07932692307692311 0.3485576923076923 0.07932692307692313 0.4326923076923077 0.23076923076923084 0.4326923076923077
0 0.22355769230769237 0.4375 0.10336538461538468 0.4375 0.10336538461538468 0.4855769230769231 0.22355769230769237 0.4855769230769231
0 0.23076923076923084 0.47836538461538464 0.060096153846153896 0.47836538461538464 0.0600961538461539 0.5336538461538461 0.23076923076923084 0.5336538461538461
0 0.22596153846153852 0.5288461538461539 0.028846153846153914 0.5288461538461539 0.028846153846153914 0.5913461538461539 0.22596153846153852 0.5913461538461539
0 0.22596153846153852 0.5889423076923077 0.06009615384615392 0.5889423076923077 0.060096153846153924 0.6610576923076923 0.22596153846153852 0.6610576923076923
0 0.2163461538461539 0.6586538461538461 0.14903846153846162 0.6586538461538461 0.14903846153846162 0.7235576923076923 0.2163461538461539 0.7235576923076923
0 0.26201923076923084 0.7211538461538461 0.05288461538461547 0.7211538461538461 0.05288461538461548 0.8245192307692307 0.26201923076923084 0.8245192307692307
1 0.7644230769230769 0.03846153846153854 0.5240384615384616 0.03846153846153853 0.5240384615384616 0.7139423076923077 0.7644230769230769 0.7139423076923077
2 1 0.0024038461538462156 0.007211538461538462 0.002403846153846155 0.007211538461538521 0.9807692307692307 1 0.9807692307692307
0 0.7860576923076923 0.5384615384615385 0.6394230769230769 0.5384615384615385 0.6394230769230769 0.6225961538461539 0.7860576923076923 0.6225961538461539
0 0.8076923076923077 0.41586538461538475 0.6826923076923077 0.41586538461538475 0.6826923076923077 0.5072115384615385 0.8076923076923077 0.5072115384615385
0 0.8076923076923077 0.2836538461538462 0.7307692307692307 0.2836538461538462 0.7307692307692307 0.37259615384615397 0.8076923076923077 0.37259615384615397
0 0.8221153846153846 0.1658653846153847 0.7283653846153846 0.1658653846153847 0.7283653846153846 0.2596153846153847 0.8221153846153846 0.2596153846153847
0 0.528846153846154 0.47115384615384615 0.4495192307692308 0.47115384615384615 0.44951923076923084 0.5625 0.528846153846154 0.5625