2 1.0284539360198095 0.9400980184984549 0.9039306504873318 -0.009437181656597016 -0.0008321856279546095 0.10921459761642081 0.12369109990452297 1.0587497977714728
0 0.980997713038928 0.843351076286554 0.546075389423077 0.7714036274038463 0.5390420177303029 0.8139203588096001 0.9739643413461538 0.8858678076923078
0 0.91077265625 0.7489466706730771 0.41278675480769245 0.6796730264423078 0.4053403029649217 0.733203168744564 0.9033262044072293 0.8024768129753335
0 0.7357694671757766 0.687533010916762 0.4490376418269232 0.6447743725961538 0.4437127444306793 0.6804821876760484 0.7304445697795328 0.7232408259966565
0 0.6460148430826543 0.6416934170264086 0.40345276682692316 0.6063342235576925 0.3989615288212513 0.6371438633923299 0.6415236050769827 0.6725030568610458
0 0.9436574500101828 0.6102095864805512 0.42819815865384625 0.5785391177884617 0.4253420668167405 0.6250240337117566 0.940801358173077 0.6566945024038463
0 0.23822628095993956 0.7527716006878614 0.1445017812500001 0.7390912091346155 0.14033350509775297 0.7676481108506003 0.23405800480769245 0.7813285024038462
0 0.2520531996179685 0.7267352802524785 0.1371355096153847 0.7079999735576923 0.1329462388769284 0.7336959135228914 0.24786392887951225 0.7524312202176776
0 0.2990122043269231 0.39700290865384613 0.2937834118010413 0.3407262889011871 0.0760328458945328 0.36095800389264554 0.08126163842041458 0.4172346236453046
0 0.47687375240384616 0.3021414350961539 0.47325175480769227 0.24978884134615387 0.324422484730139 0.26008554719863575 0.3280444823262929 0.3124381409486358
0 0.6366449903846155 0.30172305048076925 0.6277052461891978 0.22918545968149442 0.5288473639776593 0.24136899333534062 0.537787108173077 0.3139065841346155