2 0.9507755072115383 0.9218041947115384 0.9497059385565201 -0.00043117638686690187 -0.0010695686550181939 0.0006714918823638798 1.3344026738283132e-19 0.9229068629807691
0 0.8923471634615386 0.2836372379807692 0.8662978247765788 0.12637868528597318 0.8103954945822651 0.13563871412101108 0.836444833267225 0.2928972668158071
0 0.8382663413461539 0.3972985264423077 0.8070498533224513 0.10755778581042212 0.7535624440638132 0.11332048617109554 0.7847789320875158 0.40306122680298107
0 0.8426571404802498 0.0626780846386337 0.7813674505070529 0.06210876764970993 0.7810335048076923 0.09805961538461547 0.8423231947808891 0.09862893237353926
0 0.8114312716346155 0.6867331225961538 0.764816588766739 0.2826486489065034 0.7003742648075707 0.2900826353380947 0.7469889476754472 0.6941671090277453
0 0.7190325544006408 0.04723486574755812 0.6434538076549239 0.04643173118034227 0.6366506931581293 0.6866368582212458 0.7122294399038462 0.6874399927884617
0 0.6613596442307694 0.15548247836538473 0.5886882405199775 0.15291069892948864 0.5674610602315158 0.7527323503717963 0.6401324639423078 0.7553041298076923
0 0.5815882043269233 0.2306534951923078 0.5045225765816207 0.22571112512851885 0.4726144996585437 0.7232489352246727 0.5496801274038463 0.7281913052884618
0 0.5216449983415434 0.29314766727160835 0.44527275380461495 0.2777947169864076 0.36396652644230776 0.6822472139423077 0.44033877097923624 0.6976001642275084
0 0.44303816586538464 0.25868946394230774 0.36979125716149736 0.2420294456691721 0.27092576682692315 0.6766983293269231 0.3441726755308104 0.6933583476000588
0 0.394530810096154 0.21035043028846162 0.31399112587065015 0.18483027476501127 0.14999892548076932 0.7023772788461538 0.23053860970627318 0.7278974343696041
0 0.2977190937500001 0.24892958413461544 0.22286278323598965 0.22174658406968634 0.04955245673076926 0.6990070625000002 0.1244087672447797 0.7261900625649292