2 0.9555886033653848 0.02290076442307705 0.06271002981568848 -0.03670282674881095 -0.003648215639338558 0.9573623693276698 0.8892303579103576 1.0169659604995578
0 0.6706963822115388 0.8157033798076925 0.5845170222422016 0.7996060030241251 0.5605295168269233 0.9280261730769233 0.6467088767962605 0.9441235498604906
0 0.5673076923076924 0.78125 0.5072115384615385 0.78125 0.5072115384615385 0.9302884615384616 0.5673076923076924 0.9302884615384616
0 0.5024038461538463 0.7716346153846154 0.44230769230769246 0.7716346153846154 0.44230769230769246 0.9302884615384616 0.5024038461538463 0.9302884615384616
0 0.4447115384615386 0.7836538461538461 0.3870192307692309 0.7836538461538461 0.3870192307692309 0.9302884615384616 0.4447115384615386 0.9302884615384616
0 0.8100961538461539 0.05288461538461548 0.7259615384615384 0.05288461538461547 0.7259615384615384 0.21153846153846162 0.8100961538461539 0.21153846153846162
0 0.7235576923076923 0.12740384615384623 0.6586538461538461 0.12740384615384623 0.6586538461538461 0.19230769230769237 0.7235576923076923 0.19230769230769237
0 0.6854598966346154 0.04689203846153852 0.6219335271891325 0.028222466305618428 0.5756435544597157 0.18573190919329557 0.6391699239051984 0.20440148134921568
0 0.6155108725961539 0.03598691346153854 0.5584667939315446 0.0293875025185979 0.5382745096153846 0.2039258461538462 0.5953185882799937 0.21052525709678685
0 0.5568733317307692 0.05234460096153854 0.5142729208563778 0.045815935730313576 0.49087763701923076 0.19847328125000005 0.5334780478936222 0.20500194648122502
0 0.5076101899038463 0.09269356490384623 0.4713925638641904 0.08441727080738769 0.4473104888142546 0.18980206963790763 0.4835281148539105 0.19807836373436613
0 0.47736071863212914 0.18935536445353007 0.4713206778846153 0.0687022908653846 0.39451250600276605 0.07254740209306904 0.4005525467502799 0.19320047568121448
1 0.5865384615384617 0.576923076923077 7.065269995080885e-17 0.5769230769230769 8.242814994261032e-17 0.7692307692307693 0.5865384615384617 0.7692307692307693