1 0.7307692307692307 0.20913461538461542 2.5611603732168205e-17 0.2091346153846154 5.666935308554459e-17 0.7163461538461539 0.7307692307692307 0.7163461538461539
2 0.9883639471153844 0.9300731874999999 0.9201123726636999 -0.05513498674429937 -0.06825157445168456 0.013335207967239094 8.540177112501205e-18 0.9985433822115384
0 0.8210538977067602 0.8179975530087855 0.7900411947115384 0.4570330841346154 0.6942124570348013 0.46526632711624427 0.725225160030023 0.8262307959904145
0 0.7269427005360067 0.8882676698108833 0.6854957475961538 0.4968692115384616 0.6155561792716855 0.504275428746809 0.6570031322115385 0.8956738870192308
0 0.657989767625272 0.8571744494343818 0.6269019975961536 0.5009664855769232 0.5677572083362661 0.5061283005656185 0.5988449783653845 0.862336264423077
0 0.5908651610576924 0.8027219158653847 0.5797275859325877 0.5238695410283017 0.5254930546825876 0.5260357092975325 0.5366306298076923 0.8048880841346153
0 0.5291321153846155 0.5175609014423078 0.4707651911700796 0.5150999981893803 0.4553596797947025 0.8804830395028305 0.5137266040092383 0.882943942755758
0 0.4681409615384618 0.5413411754807693 0.401346681644147 0.5389845880157806 0.38781121634615395 0.9226290192307692 0.45460549624046875 0.9249856066957579
0 0.3990384615384617 0.6778846153846154 0.3557692307692309 0.6778846153846154 0.3557692307692309 0.7980769230769231 0.3990384615384617 0.7980769230769231
0 0.3509615384615386 0.6610576923076923 0.27644230769230776 0.6610576923076923 0.2764423076923078 0.8581730769230769 0.3509615384615386 0.8581730769230769
0 0.22836538461538472 0.7163461538461539 0.11298076923076933 0.7163461538461539 0.11298076923076933 0.9735576923076923 0.22836538461538475 0.9735576923076923