1 0.3413461538461539 0.29086538461538464 0.07451923076923081 0.29086538461538464 0.07451923076923085 0.9543269230769231 0.34134615384615397 0.9543269230769231
0 0.17788461538461542 0.27163461538461536 0.07211538461538465 0.27163461538461536 0.07211538461538465 0.33413461538461536 0.17788461538461545 0.33413461538461536
0 0.16105769230769237 0.34615384615384615 0.05288461538461542 0.34615384615384615 0.052884615384615426 0.39903846153846156 0.16105769230769237 0.39903846153846156
0 0.15625000000000006 0.4014423076923077 0.06971153846153852 0.4014423076923077 0.06971153846153852 0.45913461538461536 0.15625000000000006 0.45913461538461536
0 0.13221153846153852 0.46153846153846156 0.05288461538461543 0.46153846153846156 0.05288461538461545 0.5144230769230769 0.13221153846153852 0.5144230769230769
0 0.65625 0.22355769230769235 0.27884615384615385 0.22355769230769232 0.27884615384615385 0.33894230769230776 0.65625 0.3389423076923078
0 0.3701923076923077 0.36778846153846156 0.28846153846153855 0.36778846153846156 0.28846153846153855 0.4639423076923077 0.3701923076923077 0.4639423076923077
0 0.9495192307692307 0.19951923076923087 0.7740384615384616 0.19951923076923084 0.7740384615384616 0.2740384615384616 0.9495192307692307 0.2740384615384617
0 0.8677884615384616 0.28365384615384626 0.7908653846153846 0.2836538461538462 0.7908653846153846 0.35336538461538475 0.8677884615384616 0.35336538461538475
0 0.9399038461538461 0.3557692307692309 0.7956730769230769 0.3557692307692309 0.7956730769230769 0.41105769230769246 0.9399038461538461 0.41105769230769246
0 0.9615384615384616 0.41586538461538475 0.7956730769230769 0.41586538461538475 0.7956730769230769 0.4687500000000001 0.9615384615384616 0.4687500000000001
0 0.9423076923076923 0.4711538461538463 0.78125 0.4711538461538463 0.78125 0.512019230769231 0.9423076923076923 0.512019230769231
0 0.8966346153846154 0.512019230769231 0.7860576923076923 0.512019230769231 0.7860576923076923 0.560096153846154 0.8966346153846154 0.560096153846154
0 0.9302884615384616 0.5649038461538463 0.7860576923076923 0.5649038461538463 0.7860576923076923 0.6177884615384616 0.9302884615384616 0.6177884615384616
2 0.9951965723253925 0.07139816907180598 0.0367744690948671 0.04797487902041263 0.014797269365628541 0.947226604179376 0.973219372596154 0.9706498942307693