0 0.5312500000000001 0.39903846153846156 0.4230769230769231 0.39903846153846156 0.42307692307692313 0.8894230769230769 0.5312500000000001 0.8894230769230769
0 0.6274038461538461 0.2836538461538462 0.5120192307692307 0.2836538461538462 0.5120192307692308 0.8894230769230769 0.6274038461538461 0.8894230769230769
0 0.40625 0.050480769230769273 0.3293269230769231 0.05048076923076927 0.3293269230769231 0.2475961538461539 0.40625 0.2475961538461539
0 0.33413461538461536 0.08173076923076926 0.2548076923076923 0.08173076923076926 0.2548076923076923 0.24038461538461542 0.33413461538461536 0.24038461538461545
0 0.8725961538461539 0.0625000000000001 0.7788461538461539 0.0625000000000001 0.7788461538461539 0.1923076923076924 0.8725961538461539 0.19230769230769246
0 0.7764423076923077 0.0625000000000001 0.7235576923076923 0.06250000000000008 0.7235576923076923 0.15625000000000006 0.7764423076923077 0.15625000000000006
0 0.7115384615384616 0.014423076923077007 0.6538461538461539 0.014423076923077004 0.6538461538461539 0.09615384615384624 0.7115384615384616 0.09615384615384626
0 0.6971153846153846 0.14182692307692316 0.6442307692307693 0.14182692307692316 0.6442307692307693 0.20913461538461545 0.6971153846153846 0.20913461538461545
0 0.8726205552884617 0.24927560576923094 0.7848480866634637 0.23328754261921053 0.6710576542904657 0.8579827956693707 0.7588301229154636 0.8739708588193912
0 0.7530101346153847 0.3623606850961539 0.6799617709501612 0.35245663120916426 0.6107338567392364 0.8630542017360777 0.6837822204044599 0.8729582556230674
2 1.0532011921908895 0.8870827116061744 0.9429871838327192 -0.07042569464017888 0.0045416081730769225 0.03759408653846154 0.11475561653124727 0.9951024927848148