2 0.9866383870192308 0.00014202644230775288 6.396688500012626e-18 0.00014202644230769246 6.695121736460847e-17 0.98907253125 0.9866383870192308 0.98907253125
0 0.9175551729861617 0.8767822785358419 0.9139410072115385 0.8354570216346153 0.7386712068215305 0.8507855195410815 0.7422853725961538 0.8921107764423079
0 0.8907953173076925 0.7936604663461538 0.7294979368932839 0.7902184479412154 0.7285615841346155 0.8340971346153846 0.889858964549024 0.837539153020323
0 0.9441141754807693 0.6400887980769233 0.7548285000000001 0.6122642524038462 0.7489761569501441 0.6520767517830923 0.9382618324309132 0.6799012974561692
0 0.9566186710475677 0.6872615175573671 0.8636529735576922 0.6645192091346156 0.8552838746255093 0.6987302973464794 0.9482495721153847 0.7214726057692309
0 0.9487756245718881 0.6046237613360949 0.7399713767206245 0.5682337938779514 0.733804355514121 0.603619926772626 0.9426086033653847 0.6400098942307694
0 0.9583914491487211 0.5616778989144067 0.755022985217937 0.5159143598939384 0.7455381802884615 0.558063858173077 0.9489066442192458 0.6038273971935453
0 0.950670388604129 0.5375507096899454 0.7473734164237427 0.47013084721560056 0.7346312932692309 0.508553278846154 0.9379282654496173 0.5759731413204989
0 0.7199784891565163 0.5389698882422184 0.5104955096153845 0.4884513846153846 0.4982792159627922 0.5391081818197886 0.707762195503924 0.5896266854466223
0 0.7135327211538461 0.5730973942307693 0.5031413100961539 0.5453603750000001 0.49703587336249744 0.5916714597935855 0.7074272844201897 0.6194084790243546
0 0.7106055804779744 0.6246891905859774 0.5230538725961539 0.5965365576923077 0.5170611521009735 0.6364598205705809 0.704612859982794 0.6646124534642505
0 0.7084127091346153 0.6635452139423077 0.4782546442307693 0.6431277043269231 0.4733029690558818 0.6989458720541852 0.7034610339597278 0.7193633816695699
0 0.6972962156552858 0.7547869063590353 0.4803017596153846 0.749468375 0.4792196123614682 0.7936196526491845 0.6962140684013693 0.7989381840082199
0 0.6818508549060975 0.8432438862244958 0.6792659234934901 0.7941692620584354 0.4488306826923076 0.8063070889423076 0.45141561410491504 0.8553817131083681
0 0.6706727017940666 0.9071552433632554 0.6673629923729048 0.8546373055399179 0.45794059105960755 0.8678352208305088 0.4612503004807692 0.9203531586538461
0 0.4620793253575651 0.6046903925345067 0.232543789648482 0.5728409786365756 0.22545752163461547 0.6239110024038463 0.4549930573436986 0.6557604163017777