2 0.99233296875 0.034653031250000126 0.014884365384615387 0.010190651442307692 -0.00950718253380822 0.9848090096809423 0.9679414208315763 1.0092713894886347
0 0.6905534927817661 0.5181335840130041 0.6426842572115385 0.5053588581730769 0.5254330661573489 0.9447205286928705 0.5733023017275763 0.9574952545327976
0 0.7171381706730772 0.5770365360576925 0.673644936631098 0.5661819107726264 0.5805985216346154 0.939008185096154 0.6240917556765946 0.94986281038122
0 0.4822335633613488 0.3450676633564858 0.4289934447115385 0.33964590865384614 0.3908314835531235 0.7143857210238683 0.44407160220293385 0.719807475726508
0 0.41911117067307707 0.8944342259615385 0.37866103271846757 0.8903279860587409 0.3726714615384617 0.949330622596154 0.41312159949307115 0.9534368624989517
0 0.4243393066443947 0.3123619482092193 0.38154649278846153 0.30910199278846157 0.33263219575945163 0.9511906527523192 0.3754250096153848 0.954450608173077
0 0.25721153846153855 0.3317307692307692 0.2163461538461539 0.3317307692307692 0.2163461538461539 0.5240384615384616 0.25721153846153855 0.5240384615384616
0 0.29807692307692313 0.41586538461538464 0.2524038461538462 0.41586538461538464 0.2524038461538462 0.5264423076923077 0.29807692307692313 0.5264423076923077
0 0.2043269230769231 0.22115384615384615 0.14663461538461542 0.22115384615384615 0.14663461538461542 0.33413461538461536 0.20432692307692316 0.33413461538461536
0 0.20192307692307698 0.6298076923076923 0.17067307692307698 0.6298076923076923 0.17067307692307698 0.6923076923076923 0.20192307692307698 0.6923076923076923
0 0.543269230769231 0.8125 0.4951923076923078 0.8125 0.4951923076923078 0.9206730769230769 0.543269230769231 0.9206730769230769
0 0.6026334350961539 0.5943892259615386 0.5712650927674486 0.5843904552297224 0.5209462908653848 0.7422516009615385 0.55231463319409 0.7522503716933546
0 0.5673076923076924 0.25000000000000006 0.5024038461538461 0.25000000000000006 0.5024038461538463 0.6177884615384616 0.5673076923076924 0.6177884615384616
0 0.6105769230769231 0.27644230769230776 0.5528846153846154 0.27644230769230776 0.5528846153846154 0.5576923076923077 0.6105769230769231 0.5576923076923078
0 0.15865384615384628 0.8798076923076923 0.11057692307692318 0.8798076923076923 0.11057692307692318 0.9471153846153846 0.15865384615384628 0.9471153846153846