2 0.983340704326923 0.026644805288461658 6.28638637328886e-17 0.0266448052884616 1.2246467991473532e-16 1 0.983340704326923 1
0 0.19491098258445613 0.2371267937879063 0.18137591808515838 0.17593066060148288 0.039538796077625345 0.2073015086404997 0.05307386057692308 0.2684976418269231
0 0.4958506796192196 0.1882035867290502 0.4829800634245286 0.1177413564163216 0.27903561938223204 0.15499380574496377 0.2919062355769231 0.22545603605769232
0 0.5137861832594486 0.27912964559847886 0.5012531322115384 0.20700963221153845 0.2675789922213207 0.24761763805536738 0.28011204326923084 0.31973765144230776
0 0.4925626332111054 0.3579342324681709 0.48651039423076925 0.28489444711538464 0.2548942441927408 0.3040866761856753 0.2609464831730769 0.3771264615384616
0 0.47397581425704804 0.43018477726661486 0.4667237680598791 0.3609491335522029 0.2492716172643695 0.3837260293625111 0.25652366346153843 0.452961673076923
0 0.5042492258659237 0.5019648834871806 0.5012531322115383 0.4304160697115385 0.2520532933648454 0.4408512679551271 0.25504938701923074 0.5124000817307692
0 0.46587055769230773 0.5124000817307692 0.25799793509615393 0.5124000817307692 0.25799793509615393 0.5779872932692307 0.4658705576923078 0.5779872932692307
0 0.4999878879303221 0.6326692869510792 0.4916503556694237 0.5552058193369368 0.2570317730275632 0.5804582391166271 0.26536930528846153 0.6579217067307694
0 0.49315273766228873 0.7172981390069361 0.4924074879807692 0.637425701923077 0.25778887504686887 0.6396148106187834 0.25853412472838844 0.7194872477026426
0 0.2356097892861657 0.33054397849979805 0.2235056439583495 0.25084609996227913 0.024752703229876105 0.28103177771248106 0.03685684855769232 0.36072965625
0 0.22556391105769238 0.3381840552884615 0.02948547836538466 0.3381840552884615 0.029485478365384662 0.4078704639423077 0.22556391105769238 0.4078704639423077
0 0.13415892788461542 0.40992006490384625 0.02358838221153851 0.40787046394230775 0.02256394702882654 0.46313602991576325 0.13313449270190347 0.4651856308773017
0 0.20639834855769232 0.5451936875000001 0.029766993011091644 0.5398999111523978 0.02786046214606852 0.603512936895918 0.20449181769266922 0.6088067132435204
0 0.2285565531677219 0.6090643647482514 0.05602240865384622 0.6046320961538462 0.05449648890162551 0.6640313075144906 0.22703063341550117 0.668463576108896
0 0.22556391105769238 0.6763681081730769 0.011310545192262446 0.667302691540072 0.008361997115339363 0.7369891025977644 0.22261536298076928 0.7460545192307693
0 0.23454337039049922 0.7634993772716594 0.028011204326923167 0.7276081153846155 0.016083196917193253 0.7962464712860329 0.22261536298076928 0.8321377331730768
0 0.2310419653825496 0.8409087478587919 0.057496682692307774 0.8054929278846154 0.04137595972714419 0.884488004836111 0.21492124241738603 0.9199038248102874
0 0.6225961538461539 0.23076923076923084 0.5793269230769231 0.23076923076923084 0.5793269230769231 0.3052884615384616 0.6225961538461539 0.3052884615384616
0 0.8004807692307693 0.08413461538461549 0.71875 0.08413461538461549 0.71875 0.1514423076923078 0.8004807692307693 0.1514423076923078
0 0.7524038461538461 0.19230769230769237 0.6947115384615384 0.19230769230769237 0.6947115384615384 0.2836538461538462 0.7524038461538461 0.2836538461538462
0 0.6346153846153846 0.31730769230769246 0.5769230769230769 0.31730769230769246 0.5769230769230769 0.3990384615384617 0.6346153846153846 0.3990384615384617
0 0.75 0.3052884615384616 0.7043269230769231 0.3052884615384616 0.7043269230769231 0.37259615384615397 0.75 0.37259615384615397
0 0.6298076923076923 0.4062500000000001 0.5721153846153846 0.4062500000000001 0.5721153846153846 0.4687500000000001 0.6298076923076923 0.4687500000000001
0 0.7524038461538461 0.39663461538461553 0.6923076923076923 0.39663461538461553 0.6923076923076923 0.46634615384615397 0.7524038461538461 0.46634615384615397
0 0.7235576923076923 0.483173076923077 0.5264423076923077 0.4831730769230769 0.5264423076923077 0.5504807692307693 0.7235576923076923 0.5504807692307694
0 0.6298076923076923 0.5625000000000001 0.5673076923076924 0.5625000000000001 0.5673076923076924 0.6201923076923077 0.6298076923076923 0.6201923076923077
0 0.8028846153846154 0.5625000000000001 0.6923076923076923 0.5625000000000001 0.6923076923076923 0.6298076923076923 0.8028846153846154 0.6298076923076923