2 0.9807091274038461 0.03341687500000006 0.024787153846153844 0.033416875 0.024787153846153907 0.96491228125 0.9807091274038461 0.96491228125
0 0.21394230769230776 0.28365384615384615 0.06730769230769235 0.28365384615384615 0.06730769230769235 0.36538461538461536 0.21394230769230776 0.36538461538461536
0 0.2163461538461539 0.37740384615384615 0.06730769230769236 0.37740384615384615 0.06730769230769236 0.43990384615384615 0.2163461538461539 0.43990384615384615
0 0.22355769230769237 0.4423076923076923 0.0649038461538462 0.4423076923076923 0.06490384615384621 0.5072115384615384 0.22355769230769237 0.5072115384615384
0 0.21394230769230776 0.5096153846153846 0.06009615384615392 0.5096153846153846 0.06009615384615392 0.5817307692307693 0.21394230769230776 0.5817307692307693
0 0.6778846153846154 0.23557692307692316 0.30288461538461536 0.23557692307692316 0.3028846153846154 0.3653846153846155 0.6778846153846154 0.36538461538461553
0 0.46153846153846156 0.40625 0.31971153846153844 0.40625 0.31971153846153844 0.5216346153846154 0.46153846153846156 0.5216346153846154
0 0.5048076923076924 0.5336538461538461 0.31009615384615385 0.5336538461538461 0.3100961538461539 0.6322115384615384 0.5048076923076924 0.6322115384615384
0 0.5168269230769232 0.6754807692307693 0.29807692307692313 0.6754807692307693 0.29807692307692313 0.7788461538461539 0.5168269230769232 0.7788461538461539
0 0.3701923076923078 0.7932692307692307 0.2908653846153847 0.7932692307692307 0.2908653846153847 0.8870192307692307 0.3701923076923078 0.8870192307692307
0 0.7716346153846154 0.38461538461538475 0.5745192307692307 0.38461538461538475 0.5745192307692307 0.45913461538461553 0.7716346153846154 0.45913461538461553
0 0.7668269230769231 0.47596153846153855 0.5576923076923077 0.47596153846153844 0.5576923076923077 0.5673076923076924 0.7668269230769231 0.5673076923076924
0 0.6466346153846154 0.5697115384615385 0.5697115384615385 0.5697115384615385 0.5697115384615385 0.6177884615384616 0.6466346153846154 0.6177884615384616
0 0.8052884615384616 0.6322115384615384 0.5697115384615385 0.6322115384615384 0.5697115384615385 0.7067307692307693 0.8052884615384616 0.7067307692307693
0 0.7043269230769231 0.7067307692307693 0.5673076923076924 0.7067307692307693 0.5673076923076924 0.7692307692307693 0.7043269230769231 0.7692307692307693
0 0.9471153846153846 0.23557692307692318 0.7956730769230769 0.23557692307692316 0.7956730769230769 0.31730769230769246 0.9471153846153846 0.31730769230769246
0 0.875 0.31730769230769246 0.8100961538461539 0.31730769230769246 0.8100961538461539 0.3822115384615386 0.875 0.3822115384615386
0 0.9423076923076923 0.3822115384615386 0.8100961538461539 0.3822115384615386 0.8100961538461539 0.4375000000000001 0.9423076923076923 0.4375000000000001
0 0.9591346153846154 0.44230769230769246 0.8076923076923077 0.44230769230769246 0.8076923076923077 0.4927884615384617 0.9591346153846154 0.4927884615384617
0 0.9423076923076923 0.4951923076923078 0.8004807692307693 0.4951923076923078 0.8004807692307693 0.5408653846153848 0.9423076923076923 0.5408653846153848
0 0.90625 0.5408653846153848 0.8028846153846154 0.5408653846153848 0.8028846153846154 0.5817307692307694 0.90625 0.5817307692307694
0 0.9230769230769231 0.5889423076923078 0.8052884615384616 0.5889423076923078 0.8052884615384616 0.6418269230769231 0.9230769230769231 0.6418269230769231