2 0.9759615384615384 5.976040870839248e-17 0 0 6.123233995736766e-17 1 0.9759615384615384 1
0 0.20192307692307704 0.7836538461538461 0.1250000000000001 0.7836538461538461 0.1250000000000001 0.8798076923076923 0.20192307692307707 0.8798076923076923
0 0.36538461538461553 0.7668269230769231 0.3149038461538463 0.7668269230769231 0.3149038461538463 0.8581730769230769 0.36538461538461553 0.8581730769230769
0 0.8894230769230769 0.41586538461538475 0.7956730769230769 0.41586538461538475 0.7956730769230769 0.7259615384615384 0.8894230769230769 0.7259615384615384
0 0.8149038461538461 0.4879807692307694 0.7331730769230769 0.4879807692307694 0.7331730769230769 0.7091346153846154 0.8149038461538461 0.7091346153846154
0 0.7379807692307693 0.5384615384615385 0.6610576923076923 0.5384615384615385 0.6610576923076923 0.71875 0.7379807692307693 0.71875
0 0.6610576923076923 0.5649038461538463 0.5865384615384617 0.5649038461538463 0.5865384615384617 0.7067307692307693 0.6610576923076923 0.7067307692307693
0 0.6033653846153848 0.5625000000000001 0.5360576923076924 0.5625 0.5360576923076924 0.7163461538461539 0.6033653846153848 0.7163461538461539
0 0.545673076923077 0.4807692307692308 0.46634615384615385 0.4807692307692308 0.4663461538461539 0.8533653846153846 0.5456730769230771 0.8533653846153846
0 0.46394230769230776 0.5048076923076923 0.3701923076923077 0.5048076923076923 0.37019230769230776 0.8677884615384616 0.4639423076923078 0.8677884615384616
0 0.271088049061702 0.8541995010367349 0.2190253946853429 0.5013905832962833 0.14339578125000002 0.5125509543269231 0.19545843562635906 0.8653598720673745
0 0.3077233912903225 0.8500766274314194 0.2956154798477216 0.6944085583818553 0.24862382451923074 0.6980635841346154 0.2607317359618317 0.8537316531841795