0 0.10433990625000006 0.235844483173077 0.03310034863412618 0.21355908349187624 -0.029789883011436154 0.41459978031048017 0.04144967460443773 0.43688517999168097
0 0.874582956730769 0.8597294855769231 0.7988963809468426 0.19431965530362655 0.6966437115072537 0.20595031367768393 0.7723302872911801 0.8713601439509804
0 0.7457190192307691 0.8803883918269231 0.7417879261050083 0.0745214971926529 0.6292636424511624 0.07507040103880673 0.6331947355769232 0.880937295673077
0 0.6428102451923079 0.056804007211538554 0.5487207415996772 0.05425876990573107 0.5270177283653846 0.8565516394230771 0.6211072319580153 0.8590968767288845
0 0.19994181971153857 0.4287191778846155 0.10708743689557412 0.4046778468103428 -0.01946541051855004 0.8934605395796494 0.07338897229741438 0.9175018706539221
0 0.19770136057692314 0.19244427163461544 0.11050763128574664 0.1687855039271225 0.00006054333023430836 0.5758351697109291 0.08725427262141078 0.5994939374184219
0 0.2489980552884615 0.03465688942307695 0.15335994404131606 -0.0036233172805951643 0.08012178605769231 0.1793526826923077 0.17575989730483776 0.21763288939597983
0 0.34649887259615403 0.039173925480769305 0.2747897039953454 0.024914800658332435 0.10173738441532931 0.8951952783211711 0.17344655301613798 0.909454403143608
0 0.40156165144230793 0.02880066826923085 0.3186662307771044 0.01631596311425955 0.17614062259615393 0.9626515072115385 0.25903604326135754 0.9751362123665098
0 0.4425736298076923 0.3218743125 0.35651267729557906 0.3121893754371531 0.288428483173077 0.9171897548076922 0.37448943568519033 0.9268746918705391
0 0.5235011490384617 0.3967870721153848 0.44228309378575675 0.39184593241024945 0.4128012091346155 0.8764429038461539 0.4940192643873204 0.8813840435512893
2 0.9832385048076924 6.21079658041999e-17 9.603798394992837e-18 1.9019714186413987e-18 6.967269312980741e-17 0.9809994975961539 0.9832385048076924 0.9809994975961539