2 1 1.1178600357798522e-16 0.01436271153846156 5.1433126056250254e-17 0.014362711538461616 0.9223814543269231 1 0.9223814543269231
0 0.28951675480769246 0.8226504182692308 0.10870444186870637 0.8193792215298742 0.10790123994562946 0.8637754498952588 0.28871355288461553 0.8670466466346155
0 0.2618147344117959 0.42664394905798153 0.24463651429160027 0.38353033542606724 0.05141721394230768 0.46051677644230765 0.06859543406250333 0.503630390074222
0 0.3018622235576923 0.8050891754807693 0.29901845992599585 0.7588319934843913 0.1384228293269231 0.7687049687500002 0.14126659295861954 0.814962150746378
0 0.29326923076923084 0.7115384615384616 0.13221153846153857 0.7115384615384616 0.13221153846153857 0.7668269230769231 0.29326923076923084 0.7668269230769231
0 0.20913461538461545 0.6826923076923077 0.1177884615384616 0.6826923076923077 0.11778846153846162 0.7235576923076923 0.20913461538461545 0.7235576923076923
0 0.16346153846153852 0.6394230769230769 0.0721153846153847 0.6394230769230769 0.0721153846153847 0.6947115384615384 0.16346153846153852 0.6947115384615384
0 0.7980769230769231 0.5144230769230771 0.5793269230769231 0.5144230769230771 0.5793269230769231 0.5961538461538463 0.7980769230769231 0.5961538461538463
0 0.5793269230769232 0.8149038461538461 0.36538461538461553 0.8149038461538461 0.36538461538461553 0.8870192307692307 0.5793269230769232 0.8870192307692307
0 0.591346153846154 0.7451923076923077 0.35817307692307704 0.7451923076923077 0.35817307692307704 0.8221153846153846 0.591346153846154 0.8221153846153846
0 0.574519230769231 0.6971153846153846 0.34134615384615397 0.6971153846153846 0.34134615384615397 0.7668269230769231 0.574519230769231 0.7668269230769231
0 0.5528846153846155 0.6538461538461539 0.32932692307692324 0.6538461538461539 0.32932692307692324 0.7163461538461539 0.5528846153846155 0.7163461538461539
0 0.5649038461538463 0.6057692307692308 0.3197115384615386 0.6057692307692307 0.3197115384615386 0.6634615384615384 0.5649038461538463 0.6634615384615384
0 0.5168269230769231 0.5576923076923077 0.31971153846153844 0.5576923076923077 0.31971153846153855 0.6201923076923077 0.5168269230769232 0.6201923076923077
0 0.5314373115136495 0.5448783227957877 0.5243508413461538 0.49561659134615393 0.3112953634849753 0.5262653575071327 0.31838183365247086 0.5755270889567664
0 0.5280769951923077 0.49090070192307694 0.5163960360576924 0.4286079399038462 0.29994770127290443 0.4691957075901806 0.3116286604075198 0.5314884696094113
0 0.2859903966346153 0.6078911153846154 0.27888884928208235 0.565842645275369 0.07511758245583774 0.6002574835962998 0.0822191298083707 0.6423059537055462
0 0.28766297685023595 0.5645988121281156 0.2802345384615385 0.5307403798076923 0.07229250151514874 0.5763622383526538 0.07972093990384616 0.610220670673077
0 0.28620466346153844 0.5169873822115386 0.2753530749835012 0.4760728843384415 0.06175894789161889 0.5327235995865138 0.07261053636965611 0.573638097459611
0 0.28013725480769225 0.4642447067307693 0.26748485154308077 0.4288584682039955 0.055072406831542346 0.5048068600309186 0.06772481009615383 0.5401930985576924
0 0.9783653846153846 0.8149038461538461 0.8653846153846154 0.8149038461538461 0.8653846153846154 0.8966346153846154 0.9783653846153846 0.8966346153846154
0 0.7307692307692307 0.71875 0.6586538461538461 0.71875 0.6586538461538461 0.7908653846153846 0.7307692307692307 0.7908653846153846
0 0.8774038461538461 0.7259615384615384 0.8100961538461539 0.7259615384615384 0.8100961538461539 0.7884615384615384 0.8774038461538461 0.7884615384615384
0 0.7235576923076923 0.6538461538461539 0.6514423076923077 0.6538461538461539 0.6514423076923077 0.7091346153846154 0.7235576923076923 0.7091346153846154
0 0.8798076923076923 0.6370192307692307 0.7956730769230769 0.6370192307692307 0.7956730769230769 0.7067307692307693 0.8798076923076923 0.7067307692307693
0 0.8485576923076923 0.574519230769231 0.7764423076923077 0.574519230769231 0.7764423076923077 0.6298076923076923 0.8485576923076923 0.6298076923076923
0 0.6971153846153846 0.5889423076923078 0.6274038461538461 0.5889423076923078 0.6274038461538461 0.6442307692307693 0.6971153846153846 0.6442307692307693
0 0.8870192307692307 0.4254807692307694 0.7548076923076923 0.4254807692307694 0.7548076923076923 0.5024038461538463 0.8870192307692307 0.5024038461538463
0 0.6899038461538461 0.4807692307692309 0.6033653846153846 0.4807692307692309 0.6033653846153846 0.5360576923076924 0.6899038461538461 0.5360576923076924