1 0.48557692307692313 0.3125 0.07692307692307696 0.3125 0.07692307692307701 1 0.48557692307692324 1
0 0.7891071296314944 0.27932073880012886 0.7810713677884616 0.18448163221153852 0.0871912117146594 0.24327442225756354 0.09522697355769233 0.3381135288461539
0 0.7808536892096118 0.3700883008101989 0.7772085024038462 0.29141775721153845 0.3686422506942343 0.3103486078436473 0.37228743750000004 0.38901915144230775
0 0.756544805313704 0.45027573190015374 0.75380075 0.3764937644230769 0.3935683148786037 0.3898913161767693 0.39631237019230764 0.46367328365384614
0 0.7143586818434671 0.5462878316328834 0.7121544831730771 0.46443837500000007 0.4390460281205051 0.4717931616811046 0.4412502267908952 0.5536426183139879
0 0.1946305000000001 0.4952032860576923 0.09525536141164635 0.4804051144374889 0.08169521390190909 0.5714664680049059 0.18107035249026282 0.5862646396251093
0 0.7259615384615384 0.5649038461538463 0.4399038461538463 0.5649038461538461 0.4399038461538463 0.65625 0.7259615384615384 0.65625
0 0.7259615384615384 0.6538461538461539 0.43509615384615397 0.6538461538461539 0.43509615384615397 0.7331730769230769 0.7259615384615384 0.7331730769230769
0 0.29326923076923084 0.5913461538461539 0.07211538461538468 0.5913461538461539 0.07211538461538469 0.6730769230769231 0.29326923076923084 0.6730769230769231
0 0.2163461538461539 0.6730769230769231 0.07932692307692314 0.6730769230769231 0.07932692307692316 0.7524038461538461 0.2163461538461539 0.7524038461538461
2 0.9622774807692309 0.045449019230769355 0.012295173707486208 0.009597217501882919 -0.023678521453740994 0.962809393035693 0.9263037856080037 0.9986611947645794