0 0.21153846153846162 0.28125 0.07692307692307696 0.28125 0.07692307692307696 0.37259615384615385 0.21153846153846162 0.37259615384615385
0 0.2379807692307693 0.3798076923076923 0.07211538461538466 0.3798076923076923 0.07211538461538466 0.43990384615384615 0.2379807692307693 0.43990384615384615
0 0.2379807692307693 0.44711538461538464 0.06250000000000006 0.44711538461538464 0.06250000000000006 0.5048076923076923 0.2379807692307693 0.5048076923076923
0 0.24038461538461545 0.5024038461538461 0.06971153846153853 0.5024038461538461 0.06971153846153853 0.5552884615384616 0.24038461538461545 0.5552884615384616
0 0.7115384615384616 0.23317307692307698 0.32211538461538464 0.23317307692307698 0.32211538461538464 0.3413461538461539 0.7115384615384616 0.34134615384615397
0 0.5 0.3918269230769231 0.3389423076923077 0.3918269230769231 0.3389423076923077 0.49038461538461536 0.5 0.49038461538461536
0 0.5480769230769231 0.5144230769230769 0.3317307692307692 0.5144230769230769 0.3317307692307693 0.6057692307692307 0.5480769230769232 0.6057692307692307
0 0.5504807692307694 0.6466346153846154 0.31730769230769246 0.6466346153846154 0.31730769230769246 0.7451923076923077 0.5504807692307694 0.7451923076923077
0 0.4086538461538463 0.7668269230769231 0.31009615384615397 0.7668269230769231 0.31009615384615397 0.8629807692307693 0.4086538461538463 0.8629807692307693
0 0.9471153846153846 0.20673076923076933 0.8076923076923077 0.2067307692307693 0.8076923076923077 0.2812500000000001 0.9471153846153846 0.2812500000000001
0 0.8918269230769231 0.28365384615384626 0.8269230769230769 0.2836538461538462 0.8269230769230769 0.3389423076923078 0.8918269230769231 0.3389423076923078
0 0.9495192307692307 0.3365384615384617 0.8076923076923077 0.3365384615384617 0.8076923076923077 0.39182692307692324 0.9495192307692307 0.39182692307692324
0 0.9615384615384616 0.3942307692307694 0.8149038461538461 0.3942307692307694 0.8149038461538461 0.44230769230769246 0.9615384615384616 0.44230769230769246
0 0.9423076923076923 0.4447115384615386 0.8125 0.4447115384615386 0.8125 0.48557692307692324 0.9423076923076923 0.48557692307692324
0 0.9182692307692307 0.4879807692307694 0.8221153846153846 0.4879807692307694 0.8221153846153846 0.5192307692307694 0.9182692307692307 0.5192307692307694
0 0.9447115384615384 0.528846153846154 0.8173076923076923 0.528846153846154 0.8173076923076923 0.5697115384615385 0.9447115384615384 0.5697115384615385
1 0.8100961538461539 0.3557692307692309 0.6033653846153846 0.3557692307692309 0.6033653846153847 0.9927884615384616 0.8100961538461539 0.9927884615384616
1 0.9750759879807693 0.0516849302884616 0.03039513701923078 0.05168493028846154 0.030395137019230835 0.9572048774038462 0.9750759879807693 0.9572048774038462