0 0.3699231274038463 0.6256638942307694 0.2691582444294902 0.6142947916860872 0.23659004807692316 0.9029482259615386 0.33735493105127934 0.9143173285062207
0 0.4440428149038463 0.6562717403846154 0.3816784964112029 0.648619153167775 0.34610565987274133 0.9385179344177751 0.4084699783653847 0.9461705216346156
0 0.48240297596153864 0.6624211754807692 0.42153322679289096 0.6578042717644045 0.40104255131212163 0.9279555145528662 0.4619123004807693 0.932572418269231
0 0.5381813245192307 0.8916785865384615 0.5253492726857917 0.6726791506106105 0.46016808575421986 0.676498376745725 0.473000137587659 0.8954978126735761
0 0.6081966009615385 0.9474243173076922 0.5928047049713712 0.6731985532534673 0.5400325629454896 0.6761605773508096 0.5554244589356571 0.9503863414050344
0 0.6642975817307695 0.9789946298076925 0.6421372711317139 0.6879863135630587 0.5938279336805412 0.6916650741447756 0.6159882442795965 0.9826733903894094
0 0.7157225192307692 0.9016932235576923 0.6944942748887905 0.6970833331620927 0.6450070971912899 0.7022176201602742 0.6662353415332688 0.9068275105558737
0 0.7753812548076924 0.9369793509615385 0.7529011032981539 0.6992048235612836 0.7096682570318477 0.7032922291588526 0.7321484085413861 0.9410667565591075
0 0.835257689903846 0.9562790192307692 0.8078637555628083 0.7008493444161974 0.7568178437499999 0.7063238389423075 0.7842117780910376 0.9617535137568795
0 0.9014906466346155 1 0.8501701904918675 0.7092168822747199 0.7913086970022237 0.7196053763481133 0.8426291531449717 1.0103884940733934
0 0.9349503173076924 0.8210130384615386 0.9081026245317937 0.7167625158956027 0.8582517408842721 0.7296006405959297 0.8850994336601707 0.8338511631618656
2 1 0.022431365384615452 0.09505521875000006 0.022431365384615397 0.09505521875000013 1 1 1