0 0.14704943509615392 0.2568129134615385 0.08179203887421799 0.24333393053347793 0.043695550480769264 0.4277749711538462 0.1089529467027052 0.44125395408190676
0 0.22596153846153846 0.06730769230769233 0.10576923076923077 0.06730769230769232 0.10576923076923078 0.21634615384615385 0.22596153846153846 0.21634615384615385
0 0.22129101201923085 0.23086556730769234 0.15592693897754167 0.2192143452529267 0.08945567293954526 0.5921222400693347 0.1548197459812344 0.6037734621241003
0 0.2507372259615387 0.45530760336538467 0.140757326058273 0.4390462369894992 0.07211446153846167 0.9032959927884616 0.18209436144172736 0.9195573591643471
0 0.3554040034539326 0.10490619854112142 0.2721296349659621 0.0984660296920928 0.20968431490384626 0.9059129639423079 0.29295868339181674 0.9123531327913365
0 0.45813264076403926 0.09669905917350724 0.3634277826236086 0.08841345713711941 0.2843857298176132 0.9918681928636813 0.37909058795804385 1.0001537949000692
0 0.4950733256252854 0.39556651159237954 0.40512340212650927 0.39424346016555484 0.3966447688089163 0.9706779077077905 0.48659469230769237 0.9720009591346153
0 0.6042379855769229 0.9341527163461537 0.5901109505316922 0.48881855140370845 0.4964672890049862 0.49178914605440743 0.5105943240502171 0.9371233109968526
0 0.7213802211538461 0.9506805552884615 0.655933371705745 0.14854578638460275 0.5658981657278062 0.15589183445420488 0.6313450151759075 0.9580266033580637
0 0.8179727283653848 0.9769224302884615 0.7295462187424645 0.18272956438906648 0.6638329759615383 0.19004616586538467 0.7522594855844585 0.9842390317647797
0 0.9325684783653846 0.9775294278846154 0.840271694953119 0.2926147546938792 0.7567242403846154 0.30387332692307695 0.8490210237968809 0.9887880001138132
2 1 0.016255629807692372 0.017138894230769232 0.01625562980769231 0.017138894230769294 1 1 1