2 1 6.123233995736766e-17 0 0 6.123233995736766e-17 1 1 1
0 0.6851648843421021 0.9057998553087573 0.4768626250000002 0.8868317331730771 0.47113284883097517 0.949754425941243 0.679435108173077 0.9687225480769233
0 0.8389423076923077 0.8990384615384616 0.7668269230769231 0.8990384615384616 0.7668269230769231 0.9807692307692307 0.8389423076923077 0.9807692307692307
0 0.9711538461538461 0.9110576923076923 0.9014423076923077 0.9110576923076923 0.9014423076923077 0.9927884615384616 0.9711538461538461 0.9927884615384616
0 0.7375477633896063 0.8522076215291404 0.3186204495192309 0.7979540072115385 0.30942718365286265 0.8689411704362447 0.728354497523238 0.9231947847538466
0 0.45781043724417725 0.7617676086627246 0.05730730288461549 0.7004278870192306 0.047291969005822804 0.7658206293180444 0.4477951033653846 0.8271603509615384
0 0.9739507963877373 0.7925514800486285 0.05936721153846163 0.627082485576923 0.04777038096628095 0.691180722902033 0.9623539658155565 0.8566497173737384
0 1.0006887683938008 0.7375968052758004 0.056472930288461606 0.5663593774038462 0.046087907515610635 0.6236231608130605 0.99030374562095 0.7948605886850146
0 0.5775935812555246 0.5913854858588867 0.15108969951923082 0.508132 0.13833613576910408 0.5734679362588145 0.5648400175053978 0.6567214221177012
0 0.4837697059070658 0.5010602017113487 0.059328978365384644 0.42534407692307696 0.04715879082911047 0.4935663118388163 0.4715995183707916 0.5692824366270881
0 0.5370463204231333 0.4347953334765504 0.06852555528846159 0.35682062980769236 0.05848533757841822 0.4171485344010243 0.5270061027130899 0.4951232380698824
0 0.9427475884273682 0.5001638063387823 0.6020510120192308 0.43879841826923094 0.5879442303009573 0.5171183374736111 0.9286408067090947 0.5784837255431625
0 0.8998152033690728 0.4264009656747148 0.05437287980769233 0.2708137764423077 0.042214983540338764 0.33687834204440087 0.8876573071017192 0.4924655312768079
0 0.7262179181883818 0.3164427092452178 0.05217819230769234 0.19717086057692307 0.04037621449464533 0.2638672518777717 0.7144159403753348 0.3831391005460664