1 0.7644230769230769 0.2836538461538462 0.5120192307692307 0.2836538461538462 0.5120192307692308 0.9855769230769231 0.7644230769230769 0.9855769230769231
0 0.7905776057692309 0.2014866971153847 0.7793825539659947 0.10841908880458487 0.09636652752368685 0.1905787138045848 0.10756157932692306 0.2836463221153846
0 0.7020891671561043 0.280456444738507 0.6937721850961538 0.2171361490384615 0.10354706120928028 0.2946609254538007 0.11186404326923077 0.3579812211538461
0 0.5576923076923077 0.375 0.10576923076923081 0.375 0.10576923076923082 0.4495192307692308 0.5576923076923077 0.4495192307692308
0 0.75 0.35817307692307704 0.6538461538461539 0.35817307692307704 0.6538461538461539 0.43509615384615397 0.75 0.43509615384615397
0 0.5793269230769231 0.4663461538461539 0.10336538461538468 0.46634615384615385 0.10336538461538468 0.5360576923076924 0.5793269230769231 0.5360576923076924
0 0.6057692307692308 0.5360576923076924 0.09855769230769237 0.5360576923076923 0.09855769230769237 0.6346153846153846 0.605769230769231 0.6346153846153846
0 0.17788461538461545 0.6682692307692307 0.04807692307692316 0.6682692307692307 0.04807692307692316 0.7235576923076923 0.17788461538461545 0.7235576923076923
0 0.1538461538461539 0.7283653846153846 0.04807692307692316 0.7283653846153846 0.04807692307692317 0.7836538461538461 0.1538461538461539 0.7836538461538461
0 0.9471153846153846 0.5192307692307694 0.8100961538461539 0.5192307692307694 0.8100961538461539 0.5769230769230771 0.9471153846153846 0.5769230769230771
0 0.9399038461538461 0.5817307692307694 0.8221153846153846 0.5817307692307694 0.8221153846153846 0.6370192307692307 0.9399038461538461 0.6370192307692307
2 0.9833375898215844 0.9241012945504239 0.9696428357993008 0.04200924258883836 0.012120024823870293 0.05687508265379918 0.02581477884615385 0.9389671346153847