1 0.75 0.1899038461538462 0.03125000000000003 0.18990384615384615 0.03125000000000004 0.4879807692307693 0.75 0.4879807692307694
0 0.8926812612517833 0.16054365884297422 0.7986112812099718 0.15783203118137257 0.7787590504807694 0.8465323918269232 0.872829030522581 0.8492440194885247
0 0.8042773846153849 0.2560596201923079 0.7404352002561723 0.2517786140259345 0.7005385447719464 0.846753144720826 0.764380729131159 0.8510341508871994
0 0.6899038461538461 0.40384615384615397 0.5817307692307693 0.40384615384615397 0.5817307692307693 0.8605769230769231 0.6899038461538461 0.8605769230769231
0 0.6658653846153846 0.20913461538461545 0.5817307692307693 0.20913461538461545 0.5817307692307693 0.31009615384615397 0.6658653846153846 0.31009615384615397
0 0.5961538461538463 0.38701923076923084 0.4951923076923077 0.3870192307692308 0.49519230769230776 0.8677884615384616 0.5961538461538463 0.8677884615384616
0 0.5264423076923077 0.36538461538461536 0.3942307692307692 0.36538461538461536 0.3942307692307693 0.8774038461538461 0.5264423076923078 0.8774038461538461
0 0.3990384615384617 0.8004807692307693 0.33413461538461553 0.8004807692307693 0.33413461538461553 0.9350961538461539 0.3990384615384617 0.9350961538461539
0 0.3389423076923078 0.8269230769230769 0.2740384615384616 0.8269230769230769 0.2740384615384616 0.9399038461538461 0.3389423076923078 0.9399038461538461
0 0.4951923076923077 0.02163461538461544 0.42788461538461536 0.021634615384615436 0.42788461538461536 0.16346153846153852 0.4951923076923077 0.16346153846153852
0 0.4326923076923077 0.0336538461538462 0.36778846153846156 0.033653846153846194 0.36778846153846156 0.1538461538461539 0.4326923076923077 0.1538461538461539
2 1.0074770504813197 0.9182896894937266 0.9507740715742402 -0.03975798921107991 0.07245155234292044 0.01222637898750109 0.12915453125 0.9702740576923077