2 0.9779780611066481 0.040592754360115106 0.017069064732930607 0.010133626449844009 -0.014209667390232585 0.9968990775439329 0.9466993289834849 1.0273582054542039
0 0.8426145434474273 0.18449355895147804 0.7471961413406217 0.17247118118180024 0.7160633774038463 0.41956361538461545 0.8114817795106517 0.4315859931542932
0 0.7498355697115386 0.1432001778846155 0.694506435074579 0.1334835397723628 0.6486789192969591 0.39443766415617965 0.7040080539339187 0.4041543022684323
0 0.6876126039761442 0.1601772846341077 0.6355125288461541 0.14978272115384625 0.5894097455621761 0.38086106103392586 0.6415098206921663 0.3912556245141873
0 0.62478629741785 0.18818012774310944 0.567225264423077 0.18134173076923082 0.5451659838321503 0.36702193956458307 0.6027270168269232 0.3738603365384616
0 0.5504807692307693 0.12500000000000006 0.4879807692307692 0.12500000000000006 0.4879807692307692 0.37259615384615385 0.5504807692307693 0.37259615384615385
0 0.5 0.10096153846153853 0.4375 0.10096153846153853 0.4375 0.3605769230769231 0.5 0.3605769230769231
0 0.4423076923076923 0.15865384615384623 0.3894230769230769 0.15865384615384623 0.3894230769230769 0.35096153846153844 0.4423076923076923 0.35096153846153844
0 0.38221153846153844 0.13461538461538464 0.3269230769230769 0.13461538461538464 0.3269230769230769 0.3485576923076923 0.38221153846153844 0.3485576923076923
0 0.33413461538461536 0.10336538461538465 0.2692307692307692 0.10336538461538465 0.2692307692307693 0.34375 0.33413461538461536 0.34375
0 0.28125000000000006 0.05048076923076926 0.20432692307692307 0.050480769230769246 0.2043269230769231 0.33413461538461536 0.28125000000000006 0.33413461538461536
0 0.20913461538461542 0.22596153846153846 0.15625 0.22596153846153846 0.15625000000000003 0.3173076923076923 0.20913461538461545 0.3173076923076923