2 1 0.0030261995192308352 0.07426824038461538 0.003026199519230779 0.07426824038461545 1 1 1
0 0.8637810918685259 0.15866069267013533 0.7134433485576925 0.12623421634615395 0.701737994125635 0.18050334359842748 0.8520757374364685 0.21292981992240886
0 0.9002388404183223 0.22026998610154885 0.5922522427884617 0.16104481009615393 0.5809336259278318 0.21990461485998974 0.8889202235576923 0.2791297908653847
0 0.9306290254146581 0.2595566662033367 0.9267610127016019 0.1963191475976083 0.8899562932692308 0.19857036057692307 0.8938243059822869 0.26180787918265147
0 0.7197789981809346 0.19847446359929258 0.32376837980769235 0.14458427163461546 0.30970236926530775 0.24794796973733138 0.70571298763855 0.3018381617020085
0 0.845976150511112 0.3064836928201424 0.3241609567307693 0.26605480288461547 0.3192418129470627 0.32954613224888163 0.8410570067274054 0.36997502218440853
0 0.8473350782727459 0.3513488673022599 0.2679240480769231 0.3311153822115385 0.2653048213692794 0.40612019913693376 0.8447158515651021 0.42635368422765507
0 0.779920204326923 0.4866817451923078 0.7787125943905928 0.40912882522968397 0.28477428846153846 0.4168201514423077 0.2859818983978687 0.49437307140493153
0 0.7272690576923078 0.5662421514423079 0.7211811613700883 0.49298683673386 0.3278381418269231 0.5256756802884616 0.33392603814914257 0.5989309949969095
0 0.7457757427884617 0.6332441706730769 0.7327752049707097 0.5594917277454493 0.3410216400668635 0.6285471628416032 0.35402217788461543 0.7022996057692308
0 0.8127738028846154 0.6779311538461541 0.7923304549173081 0.6018823005485495 0.3072571303980774 0.7322790433370111 0.32770047836538463 0.8083278966346157
0 0.7881085480769231 0.7652566875000001 0.7664151400031775 0.6958696534206931 0.3102531087531775 0.8384857664014623 0.331946516826923 0.9078728004807692