2 0.9485591682692308 0.03122335576923083 3.82375827014275e-18 0.031223355769230767 6.314421909243903e-17 1 0.9485591682692308 1
0 0.1370192307692308 0.23317307692307693 0.05769230769230772 0.23317307692307693 0.05769230769230772 0.3004807692307692 0.1370192307692308 0.3004807692307692
0 0.12500000000000003 0.08413461538461539 0.050480769230769246 0.08413461538461539 0.050480769230769246 0.16105769230769232 0.12500000000000003 0.16105769230769232
0 0.14881768269230772 0.5964899615384616 0.1185018755106706 0.3786417903269925 0.05425476106289838 0.3875824351932951 0.08457056824453547 0.6054306064047641
0 0.22492913221153843 0.7568752091346155 0.1789338375599157 0.3237709799216978 0.11672513461538461 0.33037749038461534 0.16272042926700736 0.763481719597533
0 0.3116892908653846 0.9491244855769229 0.2572100650594463 0.5997922986665795 0.1814714293869485 0.6116039277968053 0.23595065519288683 0.9609361147071488
0 0.3829961586538463 1.0000000000000002 0.2358639248012016 0.077831920011756 0.17386190865384615 0.08772436298076923 0.32099414250649083 1.0098924429690135
0 0.4378783605769231 0.9999999999999999 0.29884322365751154 0.055763896429820374 0.24641546374320442 0.06348368256223227 0.38545060066261594 1.0077197861324119
0 0.5062541538461539 0.9107322475961538 0.4430649573418759 0.4899755331053945 0.37574243749999997 0.5000860216346154 0.438931634004278 0.9208427361253746
0 0.5941746490384615 0.9912365865384617 0.5218197596721776 0.5712470802373795 0.453172647174364 0.5830734572196021 0.5255275365406479 1.0030629635206842
0 0.6715969903846154 0.9787564038461538 0.5982014494524006 0.5037217125456765 0.5287554927884616 0.5144515048076923 0.6021510337206764 0.9894861961081697
0 0.5946330336538461 0.43145871153846155 0.5401509518808063 0.09174127396801625 0.46157894711538455 0.10434223557692307 0.5160610288884244 0.4440596731473684
0 0.7143475528846156 0.7555409591346154 0.6170287936699492 0.13472269683945892 0.5488073094378861 0.1454170185121207 0.6461260686525523 0.7662352808072772