1 0.5504807692307693 0.3894230769230769 0.3028846153846155 0.3894230769230769 0.3028846153846155 1 0.5504807692307694 1
0 0.19471153846153852 0.31490384615384615 0.06250000000000003 0.31490384615384615 0.06250000000000004 0.3918269230769231 0.19471153846153852 0.3918269230769231
0 0.21153846153846162 0.4014423076923077 0.0649038461538462 0.4014423076923077 0.0649038461538462 0.4639423076923077 0.21153846153846162 0.4639423076923077
0 0.21875000000000006 0.4735576923076923 0.06250000000000006 0.4735576923076923 0.06250000000000006 0.5336538461538461 0.21875000000000006 0.5336538461538461
0 0.22599302949069264 0.5769122266858224 0.22225722907978762 0.5310049910963713 0.06419898324294111 0.5438673221028566 0.06793478365384617 0.5897745576923078
2 1.0414272562950797 0.9357167075713444 0.9974056218481215 0.021421210595929035 -0.011621968581573482 0.07000401985150756 0.03239966586538461 0.9842995168269228
0 0.9784065781657183 0.2506852798559316 0.9599286528310149 0.15774043051184722 0.7831525097614502 0.19288445834822335 0.8016304350961538 0.2858293076923077
0 0.9104513480239264 0.3239772706198846 0.8914289731445139 0.2620215281196674 0.7993304688705875 0.2902986853843982 0.81835284375 0.3522544278846154
0 0.9739119201677903 0.38340162864462674 0.9657190625000001 0.32809983894230765 0.809114834639902 0.3513004651053733 0.8173076923076922 0.40660225480769235
0 0.9880345705257644 0.44421749529114984 0.9820332476061338 0.39089804996391525 0.8154869703496002 0.40964351861507303 0.8214882932692308 0.4629629639423077
0 0.9668499439892955 0.4964059312608541 0.9593852184574575 0.44531432183484854 0.8025269138912391 0.46823206124707145 0.8099916394230771 0.5193236706730769
0 0.9277561138947928 0.5411760312173135 0.9216933542640802 0.5044496993340237 0.8101997812346723 0.5228549878282488 0.8162625408653847 0.5595813197115386
0 0.9560036624346667 0.6129762868994362 0.9498360661535613 0.5473269739973495 0.811140096026587 0.5603571294056058 0.8173076923076924 0.6260064423076924