1 0.5745192307692308 0.007211538461538511 0.24759615384615385 0.007211538461538491 0.24759615384615388 0.6850961538461539 0.574519230769231 0.6850961538461539
2 1.0359604201388355 0.8993826561767835 0.9603533765251188 -0.05922365764109697 -0.0017773344791013853 0.0166613616628887 0.0738297091346154 0.9752676754807692
0 0.4557755172499205 0.7882018772900441 0.44244690865384617 0.6858022524038462 0.1536162567885411 0.7233972212676486 0.1669448653846154 0.8257968461538465
0 0.34457196427845393 0.696528680325878 0.3402032197910841 0.6283553736540661 0.1023875168269231 0.6435952980769231 0.10675626131429293 0.7117686047487349
0 0.34289141826923075 0.6316228389423078 0.3396123221153846 0.5804532499999999 0.1421183125379327 0.5931092408062428 0.14539740869177883 0.6442788297485507
0 0.39182692307692313 0.5336538461538461 0.18028846153846162 0.5336538461538461 0.18028846153846162 0.5793269230769231 0.39182692307692324 0.5793269230769231
0 0.3942307692307692 0.4639423076923077 0.12740384615384623 0.4639423076923077 0.12740384615384623 0.5144230769230769 0.3942307692307692 0.5144230769230769
0 0.3293269230769231 0.4110576923076923 0.10096153846153849 0.4110576923076923 0.10096153846153852 0.46634615384615385 0.3293269230769231 0.46634615384615385
0 0.3125 0.3581730769230769 0.17788461538461545 0.3581730769230769 0.17788461538461545 0.40865384615384615 0.3125 0.40865384615384615
0 0.28846153846153855 0.295673076923077 0.1418269230769231 0.2956730769230769 0.1418269230769231 0.3485576923076923 0.28846153846153855 0.3485576923076923
0 0.27403846153846156 0.23557692307692307 0.12019230769230772 0.23557692307692307 0.12019230769230772 0.2932692307692308 0.2740384615384616 0.2932692307692308
0 0.2403846153846154 0.16826923076923078 0.048076923076923093 0.16826923076923078 0.0480769230769231 0.23317307692307693 0.2403846153846154 0.23317307692307693