0 0.5841346153846154 0.08894230769230774 0.39663461538461536 0.08894230769230772 0.39663461538461536 0.15865384615384623 0.5841346153846154 0.15865384615384623
0 0.4110576923076923 0.24278846153846156 0.06009615384615388 0.24278846153846154 0.06009615384615388 0.31971153846153844 0.4110576923076923 0.31971153846153844
0 0.9086538461538461 0.11057692307692316 0.6850961538461539 0.11057692307692314 0.6850961538461539 0.2139423076923078 0.9086538461538461 0.21394230769230782
0 0.5027670528846154 0.47962159855769226 0.054882951923076954 0.45203274519230774 0.05048844764435197 0.5233741877662819 0.4983725486058904 0.5509630411316665
0 0.6606867283653847 0.24644945673076923 0.659722221153846 0.15664160336538463 0.2651052692854698 0.16087966141498405 0.26606977649700836 0.25068751478036866
0 0.8969907403846153 0.2882205504807694 0.07233796153846157 0.2882205504807693 0.07233796153846159 0.373851295673077 0.8969907403846153 0.37385129567307707
0 0.9355709879807694 0.37385129567307707 0.04463029481521094 0.3505621560175704 0.041736775584441665 0.4612555550560319 0.9326774687500001 0.4845446947115386
0 0.41346153846153855 0.53125 0.08413461538461545 0.53125 0.08413461538461545 0.5985576923076923 0.4134615384615386 0.5985576923076923
0 0.8678988594649444 0.67499764319147 0.0974151225961539 0.6098579783653846 0.08985577034274807 0.6992713640200685 0.8603395072115385 0.764411028846154
0 0.8326345955121008 0.7666341646017032 0.08680555528846162 0.6850459471153847 0.07882373862251481 0.7580107801098357 0.8246527788461542 0.8395989975961542
0 0.6667624935936332 0.8300103633504532 0.09162808653846163 0.7602339182692308 0.0815836407218878 0.8430255592332909 0.6567180477770592 0.9128020043145131
2 0.996334877403846 0.006265663461538584 0.0005362936605076041 -0.0069605504762128055 -0.012591022018911716 0.9813920063054311 0.9832075617244267 0.9946182202431826