2 1.0550572613670532 0.8836301901491825 0.9385752705066839 -0.04612938456147718 0.0053637716346153835 0.07078506971153846 0.12184576249498477 1.0005446444221981
0 0.8722489254807694 0.25929893269230786 0.8075974803613672 0.25365981402220783 0.7547402982217133 0.8596575612211498 0.8193917433411154 0.8652966798912498
0 0.7745945312500001 0.3646017283653847 0.7163443372257986 0.36079622702300895 0.6830419344557135 0.8705507240792415 0.741292128479915 0.8743562254216173
0 0.6634615384615384 0.3076923076923078 0.5673076923076923 0.3076923076923078 0.5673076923076924 0.8798076923076923 0.6634615384615384 0.8798076923076923
0 0.5817307692307693 0.4278846153846155 0.4639423076923077 0.42788461538461536 0.46394230769230776 0.90625 0.5817307692307694 0.90625
0 0.43028846153846156 0.06971153846153852 0.3557692307692308 0.06971153846153852 0.3557692307692308 0.26682692307692313 0.43028846153846156 0.26682692307692313
0 0.3629807692307692 0.11057692307692311 0.28846153846153844 0.11057692307692311 0.28846153846153844 0.264423076923077 0.3629807692307692 0.264423076923077
0 0.7788461538461539 0.09134615384615395 0.7307692307692307 0.09134615384615395 0.7307692307692307 0.16826923076923084 0.7788461538461539 0.16826923076923084
0 0.7115384615384616 0.03365384615384624 0.6682692307692307 0.03365384615384624 0.6682692307692307 0.11298076923076932 0.7115384615384616 0.11298076923076933
0 0.7115384615384616 0.17067307692307698 0.6658653846153846 0.17067307692307698 0.6658653846153846 0.2163461538461539 0.7115384615384616 0.2163461538461539
0 0.8632015456730768 0.07088999519230782 0.8025904163220735 0.06274230761333623 0.7831973805725216 0.20700824649867233 0.843808509923525 0.2151559340776439