2 1 0.024038461538461602 0.055288461538461536 0.024038461538461547 0.0552884615384616 1 1 1
0 0.375 0.0649038461538462 0.3004807692307692 0.06490384615384619 0.3004807692307692 0.20432692307692316 0.375 0.20432692307692316
0 0.4543269230769231 0.07692307692307697 0.37740384615384615 0.07692307692307696 0.37740384615384615 0.2379807692307693 0.4543269230769231 0.2379807692307693
0 0.5168269230769231 0.06971153846153852 0.44711538461538464 0.06971153846153852 0.44711538461538464 0.2283653846153847 0.5168269230769231 0.2283653846153847
0 0.5673076923076923 0.076923076923077 0.5024038461538461 0.076923076923077 0.5024038461538461 0.23317307692307698 0.5673076923076923 0.23317307692307698
0 0.3942307692307693 0.29807692307692313 0.25721153846153855 0.2980769230769231 0.25721153846153855 0.6850961538461539 0.3942307692307694 0.6850961538461539
0 0.5360576923076923 0.3173076923076923 0.41586538461538464 0.3173076923076923 0.41586538461538464 0.46875 0.5360576923076923 0.46875
0 0.65625 0.3100961538461539 0.5456730769230769 0.31009615384615385 0.5456730769230769 0.5216346153846154 0.65625 0.5216346153846155
0 0.7860576923076923 0.3052884615384616 0.6658653846153846 0.3052884615384616 0.6658653846153846 0.5264423076923078 0.7860576923076923 0.5264423076923078
0 0.9014423076923077 0.3076923076923078 0.7908653846153846 0.3076923076923078 0.7908653846153846 0.3870192307692309 0.9014423076923077 0.3870192307692309
0 0.49038461538461553 0.5625 0.39663461538461553 0.5625 0.39663461538461553 0.7860576923076923 0.49038461538461553 0.7860576923076923
0 0.5817307692307694 0.560096153846154 0.5024038461538463 0.5600961538461539 0.5024038461538463 0.7836538461538461 0.5817307692307694 0.7836538461538461
0 0.6418269230769231 0.574519230769231 0.5721153846153848 0.574519230769231 0.5721153846153848 0.6610576923076923 0.6418269230769231 0.6610576923076923
0 0.7379807692307693 0.574519230769231 0.6490384615384616 0.574519230769231 0.6490384615384616 0.8389423076923077 0.7379807692307693 0.8389423076923077
0 0.8028846153846154 0.5769230769230771 0.7259615384615384 0.5769230769230771 0.7259615384615384 0.7331730769230769 0.8028846153846154 0.7331730769230769
0 0.6899038461538461 0.8197115384615384 0.6225961538461539 0.8197115384615384 0.6225961538461539 0.9519230769230769 0.6899038461538461 0.9519230769230769
0 0.6298076923076923 0.8221153846153846 0.5673076923076924 0.8221153846153846 0.5673076923076924 0.9350961538461539 0.6298076923076923 0.9350961538461539
0 0.5865384615384617 0.8197115384615384 0.528846153846154 0.8197115384615384 0.528846153846154 0.9663461538461539 0.5865384615384617 0.9663461538461539
0 0.5384615384615385 0.8197115384615384 0.4711538461538463 0.8197115384615384 0.4711538461538463 0.9855769230769231 0.5384615384615385 0.9855769230769231
0 0.47836538461538475 0.8100961538461539 0.4062500000000001 0.8100961538461539 0.4062500000000001 0.9663461538461539 0.47836538461538475 0.9663461538461539
0 0.42067307692307704 0.8173076923076923 0.3389423076923078 0.8173076923076923 0.3389423076923078 0.8894230769230769 0.42067307692307704 0.8894230769230769
0 0.3509615384615386 0.7932692307692307 0.26682692307692313 0.7932692307692307 0.2668269230769232 0.9639423076923077 0.3509615384615386 0.9639423076923077