1 1 0.8389423076923077 0.4711538461538463 0.8389423076923077 0.4711538461538463 1 1 1
2 1 0.026486887019230833 0.04573441346153846 0.026486887019230777 0.04573441346153852 1 1 1
0 0.5022956201923078 0.9547948052884614 0.45380031500201085 0.7936967908509629 0.3666398865616785 0.8199346783413197 0.41513519175197544 0.9810326927788182
0 0.5463219447115384 0.9139407908653847 0.5185402152729719 0.7912738374055416 0.4690240216346154 0.8024883125 0.4968057510731819 0.925155265959843
0 0.6159047788461537 0.8844636538461539 0.5889483854545168 0.7829110806301931 0.5330373214577414 0.7977522667105983 0.5599937148493782 0.8993048399265592
0 0.6733838677884616 0.915581064903846 0.6596241712343558 0.7983355775878896 0.5999734086538463 0.8053360721153845 0.613733105207952 0.9225815594313409
0 0.28306663221153844 0.21859655048076926 0.23384393523893093 0.05177894940473827 0.1735340454326882 0.06957452619780714 0.22275674240529572 0.23639212727383813
0 0.34999631971153844 0.20303289903846153 0.3273195107884695 0.12029189673734383 0.26506810096153843 0.13735312740384617 0.2877449098846073 0.22009412970496386
0 0.40351563221153847 0.2088489831730769 0.37663971180245626 0.057748307436120125 0.31067783413461536 0.06948079086538461 0.33755375454369757 0.2205814666023414
0 0.46886190865384614 0.2203036538461539 0.41593795198793393 0.051579708679038196 0.36695699479993177 0.06694365748372724 0.4198809514658439 0.23566760265084297
0 0.5025324711538461 0.2150419879807692 0.47587374832202445 0.06756777552358763 0.4305408461538462 0.07576254567307691 0.4571995689856679 0.2232367581302585
0 0.5524111850961538 0.22267478124999995 0.5206551817796469 0.10487626989511199 0.4821853260836383 0.1152469346090961 0.5139413294001453 0.2330454459639841
0 0.6151965721153847 0.2259652235576923 0.5889936100929517 0.08721438634738675 0.5271513990384615 0.09889322836538458 0.5533543610608945 0.23764406557569012