1 1 0.22836538461538472 0.40865384615384615 0.2283653846153847 0.40865384615384615 0.5264423076923077 1 0.5264423076923078
2 0.9543269230769231 0.03125000000000006 0.055288461538461536 0.03125000000000001 0.0552884615384616 1 0.9543269230769231 1
0 0.37740384615384615 0.08173076923076926 0.3004807692307692 0.08173076923076926 0.3004807692307692 0.21875000000000006 0.37740384615384615 0.21875000000000006
0 0.4423076923076923 0.08653846153846159 0.38461538461538464 0.08653846153846158 0.38461538461538464 0.23317307692307698 0.4423076923076923 0.23317307692307698
0 0.5072115384615384 0.09615384615384623 0.44711538461538464 0.09615384615384623 0.44711538461538464 0.24278846153846162 0.5072115384615384 0.24278846153846162
0 0.5576923076923077 0.09855769230769237 0.5096153846153846 0.09855769230769237 0.5096153846153846 0.24278846153846162 0.5576923076923077 0.24278846153846162
0 0.6129807692307693 0.10576923076923084 0.5649038461538461 0.10576923076923084 0.5649038461538461 0.22355769230769237 0.6129807692307693 0.22355769230769237
0 0.2812500000000001 0.7932692307692307 0.19471153846153852 0.7932692307692307 0.19471153846153857 0.9567307692307693 0.2812500000000001 0.9567307692307693
0 0.3509615384615386 0.8197115384615384 0.2836538461538462 0.8197115384615384 0.28365384615384626 0.8894230769230769 0.3509615384615386 0.8894230769230769
0 0.4086538461538463 0.8052884615384616 0.3461538461538463 0.8052884615384616 0.3461538461538463 0.9711538461538461 0.4086538461538463 0.9711538461538461
0 0.4687500000000001 0.8269230769230769 0.4086538461538463 0.8269230769230769 0.4086538461538463 0.9927884615384616 0.4687500000000001 0.9927884615384616
0 0.512019230769231 0.8293269230769231 0.4687500000000001 0.8293269230769231 0.4687500000000001 0.9711538461538461 0.512019230769231 0.9711538461538461
0 0.5576923076923078 0.8269230769230769 0.5096153846153848 0.8269230769230769 0.5096153846153848 0.9375 0.5576923076923078 0.9375
0 0.6177884615384616 0.8341346153846154 0.560096153846154 0.8341346153846154 0.560096153846154 0.96875 0.6177884615384616 0.96875