2 0.9652509663461539 0.05805243509615399 0.03381205585396331 0.022418428050909597 -0.0022239802037291247 0.9643659929547559 0.9292149302884616 1.0000000000000002
0 0.6917698581574576 0.2157511731092107 0.6813956802884615 0.15189346634615383 0.0818609134771578 0.2492925216023278 0.09223509134615385 0.31315022836538464
0 0.5903957131843734 0.3148246084009364 0.5834405841346155 0.2569704543269231 0.0781299550848574 0.31771804784906366 0.08508508413461541 0.375572201923077
0 0.6514423076923077 0.40625000000000006 0.08173076923076926 0.40625 0.08173076923076929 0.4591346153846155 0.6514423076923077 0.45913461538461553
0 0.5360576923076924 0.49038461538461536 0.06490384615384623 0.49038461538461536 0.06490384615384623 0.5697115384615384 0.5360576923076924 0.5697115384615384
0 0.9014423076923077 0.5937500000000001 0.7091346153846154 0.5937500000000001 0.7091346153846154 0.6538461538461539 0.9014423076923077 0.6538461538461539
0 0.8653846153846154 0.6586538461538461 0.7163461538461539 0.6586538461538461 0.7163461538461539 0.7211538461538461 0.8653846153846154 0.7211538461538461
0 0.8557692307692307 0.23798076923076933 0.7836538461538461 0.2379807692307693 0.7836538461538461 0.2812500000000001 0.8557692307692307 0.2812500000000001
0 0.9158653846153846 0.3004807692307694 0.8413461538461539 0.3004807692307694 0.8413461538461539 0.3389423076923078 0.9158653846153846 0.3389423076923078
0 0.78125 0.3076923076923078 0.7379807692307693 0.3076923076923078 0.7379807692307693 0.3509615384615386 0.78125 0.3509615384615386
0 0.8768759192604431 0.20768989241301544 0.8694408701923079 0.1466916346153846 0.7297306889126343 0.16372084316390756 0.7371657379807695 0.2247191009615384