2 0.9765794783653846 0.9458496322115384 0.9142783709842945 -0.03220399179281931 0.0007561298076923076 0.025986526442307693 0.06305723718878246 1.0040401504466654
0 0.14663461538461545 0.35096153846153844 0.06730769230769236 0.35096153846153844 0.06730769230769237 0.53125 0.14663461538461545 0.53125
0 0.17548076923076927 0.22355769230769232 0.07211538461538465 0.22355769230769232 0.07211538461538465 0.28125 0.1754807692307693 0.28125
0 0.1514423076923077 0.09134615384615387 0.07211538461538464 0.09134615384615384 0.07211538461538464 0.16105769230769232 0.15144230769230774 0.16105769230769232
0 0.2812500000000001 0.5432692307692307 0.21394230769230776 0.5432692307692307 0.2139423076923078 0.8701923076923077 0.2812500000000001 0.8701923076923077
0 0.21153846153846162 0.31009615384615385 0.14423076923076927 0.31009615384615385 0.14423076923076927 0.49278846153846156 0.21153846153846162 0.49278846153846156
0 0.7884615384615384 0.3076923076923078 0.6995192307692307 0.3076923076923078 0.6995192307692307 0.8509615384615384 0.7884615384615384 0.8509615384615384
0 0.5576923076923077 0.5216346153846154 0.47596153846153844 0.5216346153846154 0.47596153846153855 0.8485576923076923 0.5576923076923078 0.8485576923076923
0 0.625 0.4711538461538462 0.5528846153846154 0.47115384615384615 0.5528846153846154 0.8413461538461539 0.625 0.8413461538461539
0 0.6081730769230769 0.1177884615384616 0.5336538461538461 0.1177884615384616 0.5336538461538461 0.4158653846153847 0.6081730769230769 0.41586538461538475
0 0.7091346153846154 0.15625000000000006 0.6129807692307693 0.15625000000000006 0.6129807692307693 0.8701923076923077 0.7091346153846154 0.8701923076923077
0 0.47596153846153855 0.44711538461538464 0.40625 0.44711538461538464 0.40625000000000006 0.8774038461538461 0.4759615384615386 0.8774038461538461
0 0.3530213028846154 0.8575393894230768 0.30319777425413924 0.08782599643581679 0.22726983413461538 0.09274081009615386 0.2770933627650916 0.8624542030834139
0 0.41730008330648166 0.8842888801904448 0.37880682538101407 0.06619730230881354 0.29691021874999995 0.07005074278846156 0.33540347667546766 0.8881423206700929