2 0.9768856442307695 0.04040404086538473 0.02528304811792579 0.009192420274267452 -0.0051305768820742274 0.936465146235806 0.9464720192307694 0.9676767668269233
0 0.1538461538461539 0.3293269230769231 0.045673076923076955 0.3293269230769231 0.04567307692307697 0.39903846153846156 0.1538461538461539 0.39903846153846156
0 0.16346153846153852 0.4014423076923077 0.045673076923076976 0.4014423076923077 0.045673076923076976 0.4519230769230769 0.16346153846153852 0.4519230769230769
0 0.17067307692307698 0.4543269230769231 0.040865384615384664 0.4543269230769231 0.04086538461538468 0.5048076923076923 0.17067307692307698 0.5048076923076923
0 0.17067307692307698 0.5072115384615384 0.04807692307692314 0.5072115384615384 0.04807692307692314 0.5504807692307693 0.17067307692307698 0.5504807692307693
0 0.59375 0.27403846153846156 0.23076923076923078 0.27403846153846156 0.2307692307692308 0.3677884615384616 0.59375 0.3677884615384617
0 0.37740384615384615 0.4182692307692308 0.24519230769230776 0.4182692307692308 0.24519230769230776 0.5048076923076923 0.37740384615384615 0.5048076923076923
0 0.4278846153846155 0.53125 0.23317307692307698 0.53125 0.23317307692307698 0.6081730769230769 0.42788461538461553 0.6081730769230769
0 0.41586538461538475 0.6418269230769231 0.22596153846153852 0.6418269230769231 0.22596153846153852 0.7211538461538461 0.41586538461538475 0.7211538461538461
0 0.29807692307692313 0.7379807692307693 0.22115384615384623 0.7379807692307693 0.22115384615384623 0.8197115384615384 0.29807692307692313 0.8197115384615384
0 0.9278846153846154 0.19711538461538472 0.7211538461538461 0.1971153846153847 0.7211538461538461 0.28365384615384626 0.9278846153846154 0.2836538461538463
0 0.8317307692307693 0.28846153846153855 0.7572115384615384 0.28846153846153855 0.7572115384615384 0.3509615384615386 0.8317307692307693 0.3509615384615386
0 0.9278846153846154 0.35336538461538475 0.7355769230769231 0.35336538461538475 0.7355769230769231 0.4134615384615386 0.9278846153846154 0.4134615384615386
0 0.9432372633715054 0.4521705506855565 0.9367024940702071 0.3997015982229303 0.7392073244487016 0.42429872301814314 0.7457420937499999 0.47676767548076937
0 0.9223221698831897 0.5002118665848234 0.9141584810240523 0.44859292313435767 0.730279133256247 0.47767398683799583 0.7384428221153846 0.5292929302884617
0 0.8698296850961539 0.5393939399038462 0.8593814960356958 0.4966097475703452 0.7352939046895417 0.5269127764164991 0.7457420937499999 0.5696969687500001
0 0.8912199572965473 0.6181722450803766 0.8905109495192308 0.5656565649038462 0.7383887264658267 0.5677103484383063 0.7390977342431432 0.6202260286148367
1 0.6754807692307693 0.35576923076923084 0.39663461538461536 0.3557692307692308 0.3966346153846155 0.9254807692307693 0.6754807692307693 0.9254807692307693