2 0.9593764688046983 0.9598592657241587 0.9378888642992003 0.012152872336809818 0.015075319711538462 0.033076074519230766 0.03656292421703651 0.9807824679065795
1 0.7043269230769231 0.3653846153846155 0.026442307692307734 0.36538461538461536 0.02644230769230775 0.625 0.7043269230769231 0.625
0 0.7427884615384616 0.8173076923076923 0.6730769230769231 0.8173076923076923 0.6730769230769231 0.9423076923076923 0.7427884615384616 0.9423076923076923
0 0.6706730769230769 0.8125 0.6105769230769232 0.8125 0.6105769230769232 0.9447115384615384 0.6706730769230769 0.9447115384615384
0 0.6081730769230771 0.8052884615384616 0.5480769230769232 0.8052884615384616 0.5480769230769232 0.9399038461538461 0.6081730769230771 0.9399038461538461
0 0.5504807692307694 0.8076923076923077 0.49759615384615397 0.8076923076923077 0.49759615384615397 0.9423076923076923 0.5504807692307694 0.9423076923076923
0 0.78125 0.36538461538461553 0.65625 0.36538461538461553 0.65625 0.7379807692307693 0.78125 0.7379807692307693
0 0.6346153846153846 0.5793269230769231 0.5264423076923078 0.5793269230769231 0.5264423076923078 0.71875 0.6346153846153846 0.71875
0 0.5120192307692308 0.5456730769230769 0.40865384615384615 0.5456730769230769 0.4086538461538462 0.7379807692307693 0.512019230769231 0.7379807692307693
0 0.39663461538461553 0.6201923076923077 0.3125000000000001 0.6201923076923077 0.3125000000000001 0.7548076923076923 0.39663461538461553 0.7548076923076923
0 0.295673076923077 0.6778846153846154 0.18750000000000006 0.6778846153846154 0.18750000000000006 0.75 0.295673076923077 0.75
0 0.6418269230769231 0.26201923076923084 0.5697115384615384 0.26201923076923084 0.5697115384615384 0.40384615384615397 0.6418269230769231 0.40384615384615397
0 0.5480769230769231 0.264423076923077 0.4807692307692308 0.264423076923077 0.4807692307692308 0.4182692307692308 0.5480769230769231 0.4182692307692308
0 0.4375 0.08653846153846159 0.37740384615384615 0.08653846153846158 0.37740384615384615 0.22596153846153852 0.4375 0.22596153846153852
0 0.4855769230769231 0.10336538461538468 0.4375 0.10336538461538468 0.4375 0.2283653846153847 0.4855769230769231 0.2283653846153847
0 0.5336538461538461 0.06730769230769237 0.4879807692307692 0.06730769230769236 0.4879807692307692 0.22596153846153852 0.5336538461538461 0.22596153846153852
0 0.5841346153846154 0.04326923076923084 0.53125 0.04326923076923084 0.53125 0.22115384615384623 0.5841346153846154 0.22115384615384623
0 0.6370192307692307 0.060096153846153924 0.5889423076923077 0.06009615384615392 0.5889423076923077 0.22355769230769237 0.6370192307692307 0.22355769230769237
0 0.7211538461538461 0.14423076923076933 0.6514423076923077 0.1442307692307693 0.6514423076923077 0.21394230769230776 0.7211538461538461 0.21394230769230776
0 0.7980769230769231 0.055288461538461633 0.7259615384615384 0.05528846153846163 0.7259615384615384 0.2379807692307693 0.7980769230769231 0.2379807692307693