2 0.9663461538461539 0.002403846153846213 2.9438624979503682e-19 0.002403846153846154 6.137953308226517e-17 1 0.9663461538461539 1
0 0.3629807692307692 0.052884615384615426 0.27403846153846156 0.05288461538461542 0.27403846153846156 0.1899038461538462 0.3629807692307692 0.18990384615384623
0 0.43028846153846156 0.043269230769230824 0.36538461538461536 0.043269230769230824 0.36538461538461536 0.20192307692307698 0.43028846153846156 0.20192307692307698
0 0.5 0.05288461538461545 0.43509615384615385 0.05288461538461543 0.43509615384615385 0.2067307692307693 0.5 0.2067307692307693
0 0.5576923076923077 0.052884615384615453 0.49278846153846156 0.052884615384615453 0.49278846153846156 0.1971153846153847 0.5576923076923077 0.1971153846153847
0 0.6129807692307693 0.05769230769230776 0.5528846153846154 0.05769230769230776 0.5528846153846154 0.17788461538461545 0.6129807692307693 0.17788461538461545
0 0.24038461538461547 0.8076923076923077 0.13942307692307704 0.8076923076923077 0.13942307692307704 0.9735576923076923 0.24038461538461553 0.9735576923076923
0 0.3076923076923078 0.8197115384615384 0.23557692307692316 0.8197115384615384 0.23557692307692318 0.8966346153846154 0.3076923076923078 0.8966346153846154
0 0.36538461538461553 0.8173076923076923 0.3028846153846155 0.8173076923076923 0.3028846153846155 0.96875 0.36538461538461553 0.96875
0 0.42307692307692324 0.8221153846153846 0.3629807692307694 0.8221153846153846 0.3629807692307694 0.9951923076923077 0.42307692307692324 0.9951923076923077
0 0.47355769230769246 0.8052884615384616 0.41586538461538475 0.8052884615384616 0.41586538461538475 0.96875 0.47355769230769246 0.96875
0 0.5168269230769232 0.8125 0.4687500000000001 0.8125 0.4687500000000001 0.9278846153846154 0.5168269230769232 0.9278846153846154
0 0.591346153846154 0.8173076923076923 0.512019230769231 0.8173076923076923 0.512019230769231 0.9519230769230769 0.591346153846154 0.9519230769230769
1 0.9519230769230769 0.560096153846154 0.3028846153846155 0.5600961538461539 0.3028846153846155 0.8221153846153846 0.9519230769230769 0.8221153846153846