2 1 0.9999999999999999 0.9608735216346154 -4.270088556250602e-18 -0.027865996825292616 0.03868589537802237 0.011260481540091972 1.0386858953780223
0 0.7810673113436318 0.15287893311556683 0.7536507344311285 0.06989688090383517 0.366329802895189 0.19786448144211452 0.39374637980769234 0.28084653365384615
0 0.8547075366418788 0.24730284720179213 0.8372900985576923 0.1690403293269231 0.3994904946081212 0.2664732729905156 0.41690793269230764 0.34473579086538464
0 0.8182495422570093 0.3180993065610392 0.8083381586538461 0.26221216586538465 0.41047078226222133 0.3327725155543455 0.4203821658653846 0.38865965625000004
0 0.746886183151718 0.40155853298716637 0.7400115817307692 0.34473579086538453 0.4285625740598204 0.3824159117243719 0.4354371754807692 0.43923865384615374
0 0.8152866250000002 0.43258352163461555 0.4335722500533033 0.42580563774088165 0.4324140396552449 0.4910333054146212 0.8141284146019417 0.4978111893083551
0 0.8685581947115384 0.4991348341346156 0.438318774146977 0.48353750578193944 0.4360026178969771 0.5474267629934778 0.8662420384615385 0.5630240913461539
0 0.7299634053959062 0.5645409805602626 0.45049218269230773 0.5510448557692307 0.4478015056617861 0.6067620939589681 0.7272727283653848 0.62025821875
0 0.7879237155569612 0.6500533109966475 0.44933410576923083 0.6056169302884615 0.44311276521226967 0.6530213596764296 0.7817023750000001 0.6974577403846156
0 0.8363794018749056 0.7123577233504462 0.45049218269230784 0.6548649014423078 0.439822102932787 0.7264816228034002 0.8257093221153846 0.7839744447115387
0 0.9576815717491028 0.8260941905735957 0.46207295913461555 0.7001197932692308 0.4470665460393588 0.7591580401956352 0.9426751586538462 0.8851324375
0 0.6062725525277088 0.791183182128875 0.4632310360576924 0.7640090504807693 0.4522103657415221 0.822020596717279 0.5952518822115386 0.8491947283653847