2 0.8925849230769232 0.9177129302884617 0.8470762860370407 -0.03204032122312258 -0.04550863703988249 0.0107290225268774 0 0.9604822740384618
1 0.5985576923076924 0.2884615384615385 3.5326349975404423e-17 0.28846153846153844 5.563900121126196e-17 0.6201923076923077 0.5985576923076924 0.6201923076923077
0 0.6634615384615384 7.712919744629967e-17 0.5961538461538461 7.300778994916914e-17 0.5961538461538461 0.09615384615384623 0.6634615384615384 0.09615384615384623
0 0.6009615384615384 7.021112057611628e-17 0.5456730769230769 6.682567870347336e-17 0.5456730769230769 0.1129807692307693 0.6009615384615384 0.1129807692307693
0 0.5384615384615384 6.31458505810354e-17 0.49278846153846156 6.034918120798255e-17 0.49278846153846156 0.12019230769230776 0.5384615384615384 0.12019230769230776
0 0.5 0.0024038461538462117 0.44471153846153844 0.002403846153846208 0.44471153846153844 0.11538461538461545 0.5 0.11538461538461545
0 0.71875 0.15625000000000006 0.5961538461538461 0.15625000000000006 0.5961538461538461 0.5384615384615385 0.71875 0.5384615384615385
0 0.5673076923076923 0.19471153846153852 0.47596153846153844 0.19471153846153852 0.47596153846153844 0.3221153846153847 0.5673076923076923 0.32211538461538475
0 0.4639423076923077 0.18750000000000006 0.38461538461538464 0.18750000000000006 0.38461538461538464 0.375 0.4639423076923077 0.375
0 0.375 0.18269230769230774 0.2692307692307692 0.18269230769230768 0.2692307692307693 0.31009615384615385 0.375 0.31009615384615385
0 0.27163461538461536 0.18269230769230768 0.17548076923076922 0.18269230769230768 0.17548076923076922 0.2620192307692308 0.27163461538461536 0.2620192307692308
0 0.591346153846154 0.43269230769230776 0.5144230769230769 0.4326923076923077 0.514423076923077 0.6586538461538461 0.591346153846154 0.6586538461538461
0 0.5000000000000001 0.4951923076923077 0.4230769230769231 0.4951923076923077 0.42307692307692313 0.6586538461538461 0.5000000000000001 0.6586538461538461
0 0.37019230769230776 0.53125 0.27644230769230776 0.53125 0.27644230769230776 0.7139423076923077 0.3701923076923078 0.7139423076923077
0 0.39663461538461553 0.7115384615384616 0.3365384615384617 0.7115384615384616 0.3365384615384617 0.8725961538461539 0.39663461538461553 0.8725961538461539
0 0.44230769230769246 0.7115384615384616 0.39663461538461553 0.7115384615384616 0.39663461538461553 0.84375 0.44230769230769246 0.84375
0 0.49038461538461553 0.6995192307692307 0.4326923076923078 0.6995192307692307 0.4326923076923078 0.8966346153846154 0.49038461538461553 0.8966346153846154
0 0.5408653846153848 0.7115384615384616 0.4759615384615386 0.7115384615384616 0.4759615384615386 0.9158653846153846 0.5408653846153848 0.9158653846153846
0 0.605769230769231 0.6826923076923077 0.5384615384615385 0.6826923076923077 0.5384615384615385 0.8918269230769231 0.605769230769231 0.8918269230769231
0 0.6658653846153846 0.6995192307692307 0.6081730769230771 0.6995192307692307 0.6081730769230771 0.78125 0.6658653846153846 0.78125
0 0.7427884615384616 0.6682692307692307 0.6538461538461539 0.6682692307692307 0.6538461538461539 0.8798076923076923 0.7427884615384616 0.8798076923076923