1 0.6875 0.10817307692307696 0.01682692307692309 0.10817307692307693 0.016826923076923114 0.4975961538461539 0.6875 0.49759615384615397
0 0.7451923076923077 0.7403846153846154 0.6586538461538461 0.7403846153846154 0.6586538461538461 0.9278846153846154 0.7451923076923077 0.9278846153846154
0 0.65625 0.7043269230769231 0.591346153846154 0.7043269230769231 0.591346153846154 0.9230769230769231 0.65625 0.9230769230769231
0 0.5961538461538463 0.6850961538461539 0.5264423076923078 0.6850961538461539 0.5264423076923078 0.9110576923076923 0.5961538461538463 0.9110576923076923
0 0.5336538461538463 0.6971153846153846 0.47355769230769246 0.6971153846153846 0.47355769230769246 0.9254807692307693 0.5336538461538463 0.9254807692307693
0 0.7740384615384616 0.2596153846153847 0.6658653846153846 0.2596153846153847 0.6658653846153846 0.6298076923076923 0.7740384615384616 0.6298076923076923
0 0.6346153846153846 0.4423076923076924 0.5432692307692307 0.4423076923076923 0.5432692307692308 0.6009615384615385 0.6346153846153846 0.6009615384615385
0 0.5360576923076924 0.4014423076923077 0.4423076923076923 0.4014423076923077 0.4423076923076924 0.6057692307692307 0.5360576923076924 0.6057692307692307
0 0.420673076923077 0.46634615384615385 0.3293269230769231 0.46634615384615385 0.32932692307692313 0.6129807692307693 0.42067307692307704 0.6129807692307693
0 0.3221153846153847 0.5048076923076923 0.2163461538461539 0.5048076923076923 0.2163461538461539 0.6033653846153846 0.32211538461538475 0.6033653846153846
2 1.0613794880742002 0.07602581684150306 0.1328132608254551 0.003528262913139504 0.06054215726098937 0.929194059062218 0.9891083845097346 1.0016916129905815
0 0.5240384615384616 0.0600961538461539 0.4807692307692308 0.060096153846153896 0.4807692307692308 0.16826923076923084 0.5240384615384616 0.16826923076923084
0 0.7663148725961538 0.08071054326923086 0.7162268997588733 0.07613147010474927 0.7061581185088733 0.18626835231628774 0.7562460913461538 0.1908474254807693
0 0.7136467451923075 0.11968239663461547 0.6682546084707698 0.11141024474536818 0.6574395676053851 0.17075608609152199 0.702831704326923 0.17902823798076933
0 0.6680059735576923 0.07130516826923086 0.6278751722306997 0.06631147707200406 0.6159125448268535 0.16244674149508098 0.6560433461538462 0.1674404326923078
0 0.6290469951923078 0.057004596153846225 0.5952785933363034 0.05222850784815378 0.5792220504807694 0.1657531658653847 0.6129904523367737 0.17052925417107717
0 0.5923474134615385 0.06567693990384624 0.5650798447093679 0.060522034774863065 0.5460819077701637 0.16101419489757263 0.5733494765223344 0.1661691000265558
0 0.5601514663461539 0.08744664423076928 0.5299751781238322 0.0838420231332293 0.5207007225394761 0.1614836496025551 0.5508770107617977 0.16508827070009507