0 0.7403846153846154 0.6129807692307694 0.6586538461538461 0.6129807692307694 0.6586538461538461 0.8221153846153846 0.7403846153846154 0.8221153846153846
0 0.6514423076923077 0.5769230769230771 0.5841346153846155 0.5769230769230771 0.5841346153846155 0.8317307692307693 0.6514423076923077 0.8317307692307693
0 0.5889423076923078 0.5793269230769231 0.5264423076923078 0.5793269230769231 0.5264423076923078 0.8293269230769231 0.5889423076923078 0.8293269230769231
0 0.5360576923076924 0.5552884615384616 0.46634615384615385 0.5552884615384616 0.4663461538461539 0.84375 0.5360576923076924 0.84375
0 0.7427884615384616 0.16346153846153852 0.6370192307692307 0.16346153846153852 0.6370192307692307 0.5024038461538463 0.7427884615384616 0.5024038461538463
0 0.6153846153846154 0.3317307692307693 0.5432692307692307 0.3317307692307692 0.5432692307692307 0.483173076923077 0.6153846153846154 0.48317307692307704
0 0.53125 0.28846153846153855 0.44711538461538464 0.28846153846153855 0.44711538461538464 0.5 0.53125 0.5
0 0.43028846153846156 0.28125000000000006 0.33653846153846156 0.28125000000000006 0.33653846153846156 0.5048076923076923 0.43028846153846156 0.5048076923076923
0 0.32211538461538464 0.4110576923076923 0.24519230769230776 0.4110576923076923 0.24519230769230776 0.5120192307692307 0.32211538461538464 0.5120192307692307
0 0.443841266566215 0.1452264289795737 0.40471986840959 0.1374059298371081 0.3852189903846154 0.23495745432692314 0.42434038854124034 0.24277795346938874
0 0.5709414059743757 0.2519805658848607 0.5700836958448926 0.10391729029152325 0.526129323524363 0.10417191190666256 0.5269870336538461 0.25223518749999996
0 0.4911749975961539 0.08610114182692316 0.45096081243615677 0.08103149317017583 0.4297738028846154 0.24909409134615393 0.4699879880446126 0.25416374000290126
2 0.9892287524038461 8.092819724406214e-17 0.06932746153846159 2.4600488674571558e-17 0.06932746153846164 0.9010419254807692 0.9892287524038461 0.9010419254807692