2 1 0.004807692307692369 5.8877249959007365e-19 0.004807692307692308 6.152672620716269e-17 1 1 1
0 0.7620192307692307 0.01923076923076931 0.5769230769230769 0.019230769230769298 0.5769230769230769 0.12259615384615394 0.7620192307692307 0.12259615384615395
0 0.9421220073049242 0.14504567192196777 0.4074774206730769 0.06683375240384623 0.3947820047143064 0.15361765259726318 0.9294265913461538 0.23182957211538474
0 0.5858247420975403 0.18693247475898941 0.08611636298076923 0.06056808653846156 0.0595802126528006 0.1655053782479469 0.5592885917695717 0.29186976646847473
0 0.9363560484340373 0.28484688345960163 0.10081915625000001 0.1879699254807692 0.09180883290804488 0.265681465146945 0.9273457250920821 0.36255842312577735
0 0.9450609800789908 0.3489566415456439 0.03150598557692312 0.2715121129807692 0.02311306662376537 0.3705170804096228 0.936668061125833 0.4479616089744975
0 0.6477745013919148 0.41153883196555746 0.051459776442307745 0.38220551201923075 0.04745759235808527 0.4635655935152118 0.6437723173076925 0.4928989134615386
0 0.5678004126818942 0.5679353949062043 0.5622444719606798 0.46549883051545965 0.09556815865384616 0.490810358173077 0.10112409937506052 0.5932469225638216
0 0.9043111735308014 0.6511897366793171 0.898983164931364 0.5609523717779769 0.10607015384615383 0.6077694230769229 0.11139816244559118 0.6980067879782633
0 0.8597277897148486 0.7212382245715239 0.8452027194960935 0.6164083397476183 0.06634029516586039 0.7243263387337868 0.0808653653846154 0.8291562235576925
0 0.7642207499591814 0.8398561741804743 0.7488744038739318 0.745771937847901 0.07182021641475039 0.8562081627058884 0.08716656250000002 0.9502923990384617