2 1.0432273496927615 0.9964028701771426 0.9652297740384616 0.05909211298076921 -0.0074783771845293185 0.14003525487055604 0.07051919846977074 1.0773460120669294
0 0.20611415384615384 0.2653046826923076 0.19935628918662388 0.19955998705791314 0.059902432692307696 0.21389437980769227 0.06666029735183764 0.27963907544208677
0 0.49782597355769226 0.22185739182692313 0.4897975165125095 0.1511437329149685 0.2848526679548173 0.17441209349189155 0.292881125 0.24512575240384618
0 0.5031588100961538 0.3050751466346154 0.49154149179584294 0.2282537802114846 0.2856571432381506 0.25938866001917693 0.2972744615384615 0.3362100264423077
0 0.49853361806332575 0.3838705744549373 0.49051324038461536 0.3104884831730769 0.26972278935503213 0.3346200222744683 0.2777431670337426 0.40800211355632865
0 0.5184461754807692 0.5211040048076924 0.5158233839738653 0.4392580585035634 0.28451290056583883 0.44667051078416947 0.28713569207274275 0.5285164570882984
0 0.4975990649038462 0.6012788052884614 0.49737022596153846 0.5301262331730768 0.29729720304652363 0.5307697025177118 0.29752604198883137 0.6019222746330964
0 0.533504701923077 0.6659802908653847 0.5328143194859858 0.5922692143093753 0.29620461035137036 0.5944853152709138 0.2968949927884616 0.6681963918269231
0 0.527474224805385 0.6714222557487942 0.30895609695553083 0.6680540727583291 0.30767384090014577 0.7512431968172273 0.52619196875 0.7546113798076923
0 0.7327848455035705 0.5100129362934348 0.550720310096154 0.5066094639423078 0.5494271304579681 0.5757865060142576 0.7314916658653847 0.5791899783653847
0 0.23648515384615393 0.5590200072115384 0.07028953846153853 0.5562004591346154 0.06931956075476493 0.6133748847831815 0.23551517613938033 0.6161944328601047
0 0.23557692307692316 0.29086538461538464 0.06009615384615388 0.29086538461538464 0.06009615384615389 0.35096153846153844 0.23557692307692316 0.35096153846153844
0 0.2379807692307693 0.3557692307692308 0.05528846153846159 0.3557692307692308 0.05528846153846159 0.4254807692307692 0.2379807692307693 0.4254807692307692
0 0.15865384615384623 0.41586538461538464 0.04807692307692313 0.41586538461538464 0.04807692307692313 0.4735576923076923 0.15865384615384623 0.4735576923076923
0 0.26682692307692313 0.6081730769230769 0.10096153846153853 0.6081730769230769 0.10096153846153853 0.6826923076923077 0.26682692307692313 0.6826923076923077
0 0.26201923076923084 0.6730769230769231 0.05288461538461547 0.6730769230769231 0.05288461538461547 0.7379807692307693 0.26201923076923084 0.7379807692307693
0 0.2836538461538462 0.7331730769230769 0.08653846153846165 0.7331730769230769 0.08653846153846165 0.8173076923076923 0.2836538461538462 0.8173076923076923
0 0.2716346153846155 0.8125 0.1514423076923078 0.8125 0.1514423076923078 0.8894230769230769 0.27163461538461553 0.8894230769230769
0 0.6490384615384616 0.2548076923076924 0.5817307692307693 0.2548076923076924 0.5817307692307693 0.33413461538461553 0.6490384615384616 0.33413461538461553
0 0.7596153846153846 0.24278846153846162 0.6850961538461539 0.24278846153846162 0.6850961538461539 0.3149038461538463 0.7596153846153846 0.3149038461538463
0 0.8028846153846154 0.10817307692307702 0.7283653846153846 0.10817307692307702 0.7283653846153846 0.19230769230769237 0.8028846153846154 0.19230769230769237
0 0.5889423076923077 0.1346153846153847 0.5504807692307693 0.1346153846153847 0.5504807692307693 0.21875000000000006 0.5889423076923077 0.21875000000000006
0 0.6394230769230769 0.3557692307692309 0.5961538461538461 0.3557692307692309 0.5961538461538461 0.42067307692307704 0.6394230769230769 0.42067307692307704
0 0.7572115384615384 0.3461538461538463 0.7091346153846154 0.3461538461538463 0.7091346153846154 0.41105769230769246 0.7572115384615384 0.41105769230769246
0 0.65625 0.44230769230769246 0.59375 0.44230769230769246 0.59375 0.5144230769230771 0.65625 0.5144230769230771
0 0.7644230769230769 0.4254807692307694 0.7139423076923077 0.4254807692307694 0.7139423076923077 0.49759615384615397 0.7644230769230769 0.49759615384615397
0 0.6586538461538461 0.5841346153846155 0.6033653846153848 0.5841346153846155 0.6033653846153848 0.6442307692307693 0.6586538461538461 0.6442307692307693
0 0.8365384615384616 0.605769230769231 0.7163461538461539 0.605769230769231 0.7163461538461539 0.6682692307692307 0.8365384615384616 0.6682692307692307