2 1.0000000000000002 0.010559661057692439 0.04589181765851205 -0.02616625678768406 0.007805880158512015 0.9632740821546236 0.9619140625 1.0000000000000002
0 0.2415472814043511 0.1917282503049837 0.23637820673076917 0.1575826490384616 0.08096874503795654 0.1811090501757856 0.08613781971153847 0.21525465144230768
0 0.5098157067307693 0.16083177644230776 0.5029685654387922 0.10938209608503609 0.30765606543879226 0.13537511050811296 0.31450320673076926 0.18682479086538464
0 0.25901484422563265 0.2511516160628601 0.2544070504807692 0.20469498798076927 0.10857329519744431 0.21915948730252455 0.1131810889423077 0.2656161153846154
0 0.25841346153846156 0.3013565096153847 0.25340544951923083 0.2518073269230769 0.11079570085170344 0.26622111331833326 0.11580371287093422 0.31577029601064105
0 0.19631410336538463 0.33303549519230774 0.1947266957713722 0.2997598905266891 0.0925632318290645 0.30463358283438147 0.09415063942307694 0.3379091875000001
0 0.14122596153846156 0.3452197211538462 0.05508814182692312 0.3395337500000001 0.05233813057914139 0.381194174693835 0.13847595029067986 0.38688014584768116
0 0.2333733966346154 0.393956625 0.06689688991430288 0.3802714465171038 0.06389208222199518 0.416824121997873 0.23036858894230772 0.4305093004807692
0 0.2544070504807693 0.4353829903846155 0.06641782374887041 0.41265707070547164 0.061409811729639656 0.454083438493933 0.2493990384615385 0.47680935817307685
0 0.2524038461538462 0.48168304807692314 0.05809294951923084 0.45244090625000005 0.05204475894268233 0.4926304840484412 0.24635565557729772 0.5218726258753642
0 0.25941506490384614 0.5271708221153847 0.06610576923076926 0.4816830480769231 0.0571384587722551 0.519791408080459 0.250447754445332 0.5652791821189205
0 0.23437500000000006 0.5661603437499999 0.05709134615384621 0.5149865985576922 0.045469878385874546 0.5552474053682717 0.2227535322320284 0.6064211505605794
0 0.515467891497227 0.23026107792677009 0.5118189110576922 0.18195110096153844 0.3018398032143114 0.19781137880399913 0.30548878365384613 0.24612135576923075
0 0.4987980769230769 0.23962310096153855 0.29146634615384615 0.23962310096153855 0.2914663461538462 0.2875477211538462 0.4987980769230769 0.2875477211538462
0 0.35957531971153855 0.2924214110576924 0.28988436017658725 0.28286905369728715 0.28339811476159615 0.33019063618158556 0.35308907429654734 0.33974299354199083
0 0.4266826923076923 0.34034603124999996 0.2814503197115385 0.34034603124999996 0.2814503197115385 0.37771099038461536 0.4266826923076923 0.37771099038461536
0 0.46374198798076927 0.3996425961538461 0.28807925362803144 0.3871461637254364 0.2854567307692308 0.4240110480769231 0.46111946512196855 0.4365074805053328
0 0.4745435571153595 0.4355644042186819 0.28445512740384615 0.42319876442307697 0.281180154645853 0.47354265598105094 0.47126858435736635 0.4859082957766559
0 0.47028467216306014 0.48502387981219097 0.2784455120192308 0.47356023076923076 0.27490763312540134 0.532765088937809 0.46674679326923074 0.5442287379807692
0 0.715144230769231 0.38827065144230777 0.5214803137414896 0.38087001629784073 0.5193314274596138 0.43710326202221184 0.7129953444873552 0.4445038971666789
0 0.6490384615384616 0.19230769230769237 0.5865384615384616 0.19230769230769237 0.5865384615384616 0.2524038461538462 0.6490384615384616 0.2524038461538462
0 0.7860576923076923 0.17307692307692316 0.71875 0.17307692307692316 0.71875 0.2379807692307693 0.7860576923076923 0.2379807692307693
0 0.8822115384615384 0.05528846153846164 0.7740384615384616 0.05528846153846164 0.7740384615384616 0.1298076923076924 0.8822115384615384 0.1298076923076924
0 0.6298076923076923 0.2692307692307693 0.5793269230769231 0.2692307692307693 0.5793269230769231 0.3076923076923078 0.6298076923076923 0.3076923076923078
0 0.7836538461538461 0.24519230769230776 0.7211538461538461 0.24519230769230776 0.7211538461538461 0.3028846153846155 0.7836538461538461 0.3028846153846155
0 0.6225961538461539 0.32451923076923084 0.5456730769230769 0.3245192307692308 0.5456730769230769 0.38701923076923084 0.6225961538461539 0.3870192307692309
0 0.6033653846153846 0.43269230769230776 0.5552884615384616 0.4326923076923077 0.5552884615384616 0.48076923076923084 0.6033653846153846 0.4807692307692309
0 0.8052884615384616 0.45192307692307704 0.6875 0.45192307692307704 0.6875 0.5144230769230771 0.8052884615384616 0.5144230769230771