2 1 1.0852103780613968e-16 0.006288100961538471 4.767373298453519e-17 0.006288100961538529 0.9500886562499999 1 0.9500886562499999
0 0.9134615384615384 0.6875 0.5528846153846155 0.6875 0.5528846153846155 0.7980769230769231 0.9134615384615384 0.7980769230769231
0 0.9590735649038464 0.6230001682692309 0.571736815745286 0.619256239121866 0.5711051274421115 0.6846089966667802 0.9584418766006719 0.6883529258141453
0 0.9143507524038461 0.6231171201923078 0.9133152992390892 0.5564153157472763 0.5652263276287782 0.5618189150991936 0.5662617807935353 0.6285207195442251
0 0.8541728649150939 0.5551519374381025 0.8517948677884615 0.4943055240384616 0.5838920176590366 0.5047756926520186 0.5862700147856692 0.5656221060516595
0 0.913994380075806 0.44732624033305474 0.9062484098833377 0.40155894837816086 0.5468948807690702 0.4623784027566447 0.5546408509615385 0.5081456947115386
0 0.9459611414666339 0.40052073712596814 0.9381472879166057 0.3503943085258404 0.5699396392384333 0.4077915882267954 0.5777534927884614 0.4579180168269231
0 0.837687291627256 0.35784965057126966 0.8286129471153847 0.3027125817307692 0.5663603501996671 0.34587357058257645 0.5754346947115385 0.4010106394230769
0 0.8737624254163485 0.29400003101861416 0.8633218918269231 0.22835222836538463 0.5598052260259593 0.27662308917369355 0.5702457596153847 0.3422708918269231
0 0.9043754639145443 0.21964010356124392 0.8913752235576923 0.16216605528846154 0.5470359375277634 0.24005326903490995 0.5600361778846155 0.29752731730769233
0 0.9732026982801372 0.127834677157638 0.9590066009615387 0.07250998076923071 0.5515719844121706 0.17705608486159274 0.5657680817307693 0.23238078125000003
0 0.7049202160498483 0.1392193689853903 0.6838541778846154 0.07746122115384618 0.5497584858732285 0.12320198678384045 0.5708245240384614 0.18496013461538457
1 0.5048076923076924 0.004807692307692346 0.12980769230769232 0.004807692307692323 0.12980769230769235 0.7427884615384616 0.5048076923076924 0.7427884615384616