2 1.0000000000000002 0.05091649759615397 0.00044348681418524775 0.041330906812732424 -0.008306513185814835 0.9537545318127323 0.9912500000000001 0.9633401225961538
0 0.6274038461538461 0.23798076923076927 0.21153846153846154 0.23798076923076922 0.21153846153846156 0.3365384615384616 0.6274038461538461 0.3365384615384617
0 0.3557692307692308 0.3894230769230769 0.21875000000000006 0.3894230769230769 0.21875000000000006 0.4831730769230769 0.3557692307692308 0.4831730769230769
0 0.3221153846153847 0.5120192307692307 0.2067307692307693 0.5120192307692307 0.2067307692307693 0.5841346153846154 0.32211538461538475 0.5841346153846154
0 0.10817307692307696 0.2932692307692308 0.00240384615384619 0.2932692307692308 0.002403846153846194 0.35336538461538464 0.10817307692307696 0.35336538461538464
0 0.12019230769230774 0.36538461538461536 0.02884615384615389 0.36538461538461536 0.028846153846153893 0.4230769230769231 0.12019230769230776 0.4230769230769231
0 0.14182692307692316 0.42788461538461536 0.04807692307692313 0.42788461538461536 0.04807692307692313 0.4807692307692308 0.14182692307692316 0.4807692307692308
0 0.7307692307692307 0.35096153846153855 0.5024038461538461 0.35096153846153844 0.5024038461538461 0.4399038461538462 0.7307692307692307 0.4399038461538463
0 0.9326923076923077 0.5649038461538463 0.78125 0.5649038461538463 0.78125 0.6225961538461539 0.9326923076923077 0.6225961538461539
0 0.9086538461538461 0.5048076923076924 0.7740384615384616 0.5048076923076924 0.7740384615384616 0.5552884615384617 0.9086538461538461 0.5552884615384617
0 0.9591346153846154 0.4639423076923078 0.7788461538461539 0.4639423076923078 0.7788461538461539 0.5048076923076924 0.9591346153846154 0.5048076923076924
0 0.9855769230769231 0.4086538461538463 0.7788461538461539 0.4086538461538463 0.7788461538461539 0.4615384615384617 0.9855769230769231 0.4615384615384617
0 0.9567307692307693 0.3461538461538463 0.78125 0.3461538461538463 0.78125 0.4062500000000001 0.9567307692307693 0.4062500000000001
0 0.8653846153846154 0.27884615384615397 0.7788461538461539 0.2788461538461539 0.7788461538461539 0.34134615384615397 0.8653846153846154 0.34134615384615397
0 0.9591346153846154 0.18509615384615394 0.7620192307692307 0.1850961538461539 0.7620192307692307 0.2740384615384616 0.9591346153846154 0.2740384615384617
1 0.5240384615384616 0.31971153846153844 0.2475961538461539 0.31971153846153844 0.24759615384615394 0.9807692307692307 0.5240384615384617 0.9807692307692307