2 0.9754028846153848 0.04452539903846167 0.027413891453626972 0.023603966727313984 0.007269701549780585 0.9363746614388526 0.9552586947115385 0.9572960937500002
0 0.18028846153846156 0.27403846153846156 0.06250000000000003 0.27403846153846156 0.06250000000000004 0.3629807692307692 0.18028846153846162 0.3629807692307692
0 0.20192307692307698 0.3701923076923077 0.0649038461538462 0.3701923076923077 0.0649038461538462 0.4230769230769231 0.20192307692307698 0.4230769230769231
0 0.20192307692307698 0.4254807692307692 0.06250000000000006 0.4254807692307692 0.06250000000000006 0.49038461538461536 0.20192307692307698 0.49038461538461536
0 0.19230769230769237 0.4879807692307692 0.06250000000000006 0.4879807692307692 0.06250000000000006 0.5432692307692307 0.19230769230769237 0.5432692307692307
0 0.6394230769230769 0.22355769230769235 0.2644230769230769 0.22355769230769232 0.264423076923077 0.34375000000000006 0.6394230769230769 0.3437500000000001
0 0.4254807692307692 0.38461538461538464 0.2860576923076924 0.38461538461538464 0.2860576923076924 0.49278846153846156 0.4254807692307692 0.49278846153846156
0 0.4711538461538462 0.5144230769230769 0.27644230769230776 0.5144230769230769 0.27644230769230776 0.6033653846153846 0.4711538461538463 0.6033653846153846
0 0.4687500000000001 0.6322115384615384 0.2692307692307693 0.6322115384615384 0.2692307692307693 0.7379807692307693 0.4687500000000001 0.7379807692307693
0 0.3365384615384617 0.7451923076923077 0.2596153846153847 0.7451923076923077 0.2596153846153847 0.84375 0.3365384615384617 0.84375
0 0.7427884615384616 0.35576923076923084 0.53125 0.3557692307692308 0.53125 0.4302884615384616 0.7427884615384616 0.4302884615384617
0 0.7403846153846154 0.45432692307692313 0.5192307692307693 0.4543269230769231 0.5192307692307693 0.5264423076923077 0.7403846153846154 0.5264423076923078
0 0.6009615384615385 0.5312500000000001 0.5360576923076923 0.53125 0.5360576923076924 0.5817307692307693 0.6009615384615385 0.5817307692307694
0 0.7908653846153846 0.6057692307692308 0.5264423076923078 0.6057692307692307 0.5264423076923078 0.6802884615384616 0.7908653846153846 0.6802884615384616
0 0.6706730769230769 0.6778846153846154 0.5360576923076924 0.6778846153846154 0.5360576923076924 0.7427884615384616 0.6706730769230769 0.7427884615384616
0 0.9182692307692307 0.5576923076923078 0.7860576923076923 0.5576923076923078 0.7860576923076923 0.6177884615384616 0.9182692307692307 0.6177884615384616
0 0.8894230769230769 0.5096153846153848 0.7836538461538461 0.5096153846153848 0.7836538461538461 0.5576923076923078 0.8894230769230769 0.5576923076923078
0 0.9302884615384616 0.4639423076923078 0.7764423076923077 0.4639423076923078 0.7764423076923077 0.5096153846153848 0.9302884615384616 0.5096153846153848
0 0.9543269230769231 0.41105769230769246 0.7860576923076923 0.41105769230769246 0.7860576923076923 0.45913461538461553 0.9543269230769231 0.45913461538461553
0 0.9350961538461539 0.3461538461538463 0.7836538461538461 0.3461538461538463 0.7836538461538461 0.40384615384615397 0.9350961538461539 0.40384615384615397
0 0.8557692307692307 0.2716346153846155 0.7932692307692307 0.2716346153846155 0.7932692307692307 0.34134615384615397 0.8557692307692307 0.34134615384615397
0 0.9399038461538461 0.20673076923076933 0.7668269230769231 0.2067307692307693 0.7668269230769231 0.27884615384615397 0.9399038461538461 0.27884615384615397