2 1 0.04011693509615391 0.013911824519230774 0.04011693509615385 0.013911824519230833 1 1 1
0 0.2837321466346153 0.9874292596153845 0.2634209907778706 0.8315791652831409 0.19792783413461537 0.8401145576923077 0.21823898999136018 0.9959646520245513
0 0.3735299495192308 1.0000000000000002 0.33422790607547986 0.806233145802119 0.2620641413873663 0.8208702385421418 0.3013661848311172 1.0146370927400228
0 0.4276547740384615 1 0.4239026478633663 0.8068135055892149 0.339871235576923 0.8084455889423077 0.34362336175201824 1.0016320833530927
0 0.4960040721153846 0.9999999999999999 0.4865154856279505 0.9118369445944935 0.4258651020670597 0.9183644680255566 0.4353536885544938 1.006527523431063
0 0.635879061880157 0.8374796147965371 0.5558130096153847 0.8352218461538463 0.5511827265160474 0.9994231206433366 0.6312487787808198 1.0016808892860274
0 0.6959673046380985 0.9872935207893676 0.6943921907039831 0.8108330166108604 0.632597216346154 0.8113846081730769 0.6341723302802694 0.9878451123515841
0 0.7768899521964941 0.8198277807762051 0.6983067139423078 0.8170582812500002 0.6932301848227367 0.9611023923007184 0.7718134230769231 0.9638718918269232
0 0.8526217899333126 0.8227811591585112 0.777935403846154 0.8128123581730768 0.7530783673436814 0.9990415975689485 0.8277647534308401 1.0090103985543828
0 0.2389223413461539 0.7414116706730771 0.20353121542714062 0.5113817657179932 0.12974822115384615 0.5227336081730769 0.16513934707285943 0.7527635131281608
0 0.32326167788461535 0.7523387764423076 0.2864727219247343 0.5211689630271 0.2242132716346154 0.5310770913461538 0.2610022275944965 0.7622469047613614
0 0.39567028125000003 0.7717683990384617 0.3681700993438452 0.5218405260176904 0.2978154495192307 0.5295818221153847 0.3253156314253855 0.7795096951361559
0 0.4515011514423076 0.6856549134615383 0.43895569398956824 0.5408289946535766 0.3762505649038461 0.5462607884615384 0.3887960223565855 0.6910867072695001
0 0.5349819591346153 0.7759468052884615 0.5053211092902772 0.5128202071581023 0.438413117127869 0.5203623861814944 0.4680739669722072 0.7834889843118537
0 0.6022519038461538 0.7696991923076923 0.5869377008726852 0.5540407344159815 0.5261159663461539 0.5583597692307692 0.5414301693196225 0.77401822712248
0 0.7727767207206017 0.7730573858070223 0.7403689409721921 0.5256665848110778 0.6561897812499999 0.5366939134615384 0.6885975609984095 0.784084714457483
0 0.68478621875 0.7865451874999999 0.6531178095761968 0.5399169020471253 0.5727562051559978 0.550235767808889 0.6044246143298009 0.7968640532617637
0 0.5614069954358765 0.31304313549467594 0.48944342067307695 0.31117563942307697 0.48450955822543357 0.5013010081026202 0.5564731329882331 0.5031685041742192
0 0.1648728317307692 0.27997309375 0.16300726269447469 0.19513897067209296 0.07759854567307692 0.19701717548076925 0.07946411470937141 0.2818512985586763
0 0.31971153846153844 0.3870192307692308 0.24038461538461545 0.3870192307692308 0.24038461538461545 0.4375 0.31971153846153844 0.4375
0 0.28125000000000006 0.25961538461538464 0.20673076923076922 0.25961538461538464 0.20673076923076927 0.3293269230769231 0.28125000000000006 0.3293269230769231
0 0.40625 0.39663461538461536 0.33653846153846156 0.39663461538461536 0.33653846153846156 0.44711538461538464 0.40625 0.44711538461538464
0 0.375 0.2692307692307693 0.31490384615384615 0.2692307692307693 0.31490384615384615 0.3293269230769231 0.375 0.3293269230769231
0 0.4831730769230769 0.3870192307692308 0.4182692307692308 0.3870192307692308 0.4182692307692308 0.46153846153846156 0.4831730769230769 0.46153846153846156
0 0.46634615384615385 0.2716346153846155 0.39663461538461536 0.2716346153846155 0.39663461538461536 0.3269230769230769 0.46634615384615385 0.3269230769230769
0 0.6370192307692307 0.39663461538461553 0.5649038461538461 0.39663461538461553 0.5649038461538461 0.4711538461538463 0.6370192307692307 0.4711538461538463
0 0.6394230769230769 0.22115384615384623 0.5769230769230769 0.22115384615384623 0.5769230769230769 0.3389423076923078 0.6394230769230769 0.3389423076923078