2 0.9979096177884615 1.0816642851964471e-16 4.5515631986804623e-17 4.70620875564948e-17 1.0672722330690047e-16 0.9996611490384615 0.9979096177884615 0.9996611490384615
0 0.25961538461538464 0.03605769230769234 0.17548076923076922 0.03605769230769233 0.17548076923076922 0.09375000000000003 0.25961538461538464 0.09375000000000003
0 0.16826923076923084 0.6346153846153846 0.09375000000000007 0.6346153846153846 0.09375000000000008 0.7596153846153846 0.16826923076923084 0.7596153846153846
0 0.2836538461538462 0.43990384615384615 0.21153846153846162 0.43990384615384615 0.21153846153846162 0.6418269230769231 0.2836538461538462 0.6418269230769231
0 0.33894230769230776 0.3918269230769231 0.2836538461538462 0.3918269230769231 0.2836538461538462 0.5697115384615384 0.3389423076923078 0.5697115384615384
0 0.2524038461538462 0.2764423076923077 0.21394230769230768 0.2764423076923077 0.21394230769230774 0.3293269230769231 0.2524038461538462 0.3293269230769231
0 0.5192307692307693 0.04326923076923083 0.40865384615384615 0.043269230769230824 0.4086538461538462 0.6875 0.5192307692307694 0.6875
0 0.5600961538461539 0.040865384615384685 0.5216346153846154 0.040865384615384685 0.5216346153846154 0.0865384615384616 0.5600961538461539 0.0865384615384616
0 0.5625000000000001 0.2740384615384616 0.4831730769230769 0.2740384615384616 0.483173076923077 0.6490384615384616 0.5625000000000001 0.6490384615384616
0 0.6658653846153846 0.14903846153846162 0.6009615384615384 0.14903846153846162 0.6009615384615384 0.3052884615384616 0.6658653846153846 0.3052884615384616
0 0.6706730769230769 0.38942307692307704 0.5961538461538461 0.38942307692307704 0.5961538461538463 0.75 0.6706730769230769 0.75
0 0.7235576923076923 0.4326923076923078 0.6538461538461539 0.4326923076923078 0.6538461538461539 0.7283653846153846 0.7235576923076923 0.7283653846153846
0 0.7139423076923077 0.07692307692307701 0.65625 0.076923076923077 0.65625 0.18750000000000006 0.7139423076923077 0.18750000000000006
0 0.7379807692307693 0.2524038461538462 0.6634615384615384 0.2524038461538462 0.6634615384615384 0.4014423076923078 0.7379807692307693 0.4014423076923078
0 0.8419338389423078 0.4835547283653847 0.7727934359263953 0.05053992195316936 0.7167963820026931 0.05948109167451799 0.7859367850186056 0.4924958980867334
0 0.882566180642634 0.4186726595336277 0.8448968328500186 0.05527151612264483 0.7783656634615385 0.062167987980769245 0.8160350112541539 0.4255691313917521