2 0.9920444548498051 0.05207078862033389 0.043309632211538454 0.002775406250000005 -0.005407748978405082 0.9403860663198015 0.9433270736598616 0.9896814486901354
0 0.9109473652984702 0.8073381464755249 0.9025187139959013 0.7330032225211929 0.2892653054282004 0.8025384943148988 0.29769395673076926 0.8768734182692308
0 0.9053150249026898 0.7264135143542781 0.9003051610576924 0.6665659543269231 0.4016310303857719 0.7083101707418756 0.40664089423076927 0.7681577307692307
0 0.9086538461538461 0.5528846153846154 0.32211538461538464 0.5528846153846154 0.3221153846153847 0.6538461538461539 0.9086538461538461 0.6538461538461539
0 0.9302884615384616 0.44951923076923084 0.42788461538461536 0.4495192307692308 0.4278846153846155 0.5793269230769231 0.9302884615384616 0.5793269230769232
0 0.2716346153846155 0.3485576923076923 0.08173076923076926 0.3485576923076923 0.08173076923076929 0.4375 0.2716346153846155 0.4375
0 0.2572115384615385 0.27884615384615385 0.11298076923076926 0.27884615384615385 0.11298076923076926 0.35336538461538464 0.25721153846153855 0.35336538461538464
0 0.24759615384615394 0.7908653846153846 0.11298076923076933 0.7908653846153846 0.11298076923076933 0.8701923076923077 0.247596153846154 0.8701923076923077
0 0.2067307692307693 0.7283653846153846 0.1298076923076924 0.7283653846153846 0.1298076923076924 0.78125 0.2067307692307693 0.78125
0 0.2524038461538462 0.6706730769230769 0.20432692307692316 0.6706730769230769 0.20432692307692316 0.7211538461538461 0.2524038461538462 0.7211538461538461
0 0.14663461538461547 0.6634615384615384 0.06009615384615393 0.6634615384615384 0.06009615384615393 0.7211538461538461 0.14663461538461547 0.7211538461538461