2 0.9378032548076922 5.74238877115105e-17 0 0 6.123233995736766e-17 1 0.9378032548076922 1
0 0.33413461538461536 0.15625000000000003 0.20673076923076922 0.15625 0.20673076923076922 0.2307692307692308 0.33413461538461536 0.23076923076923084
0 0.9086538461538461 0.216346153846154 0.8509615384615384 0.216346153846154 0.8509615384615384 0.2764423076923078 0.9086538461538461 0.2764423076923078
0 0.5120192307692307 0.2692307692307693 0.3173076923076923 0.2692307692307693 0.3173076923076923 0.3269230769230769 0.5120192307692307 0.3269230769230769
0 0.5072115384615384 0.33413461538461536 0.38221153846153844 0.33413461538461536 0.38221153846153844 0.3798076923076923 0.5072115384615384 0.3798076923076923
0 0.6778846153846154 0.2475961538461539 0.6129807692307693 0.2475961538461539 0.6129807692307693 0.29326923076923084 0.6778846153846154 0.29326923076923084
0 0.7451923076923077 0.42788461538461553 0.6730769230769231 0.42788461538461553 0.6730769230769231 0.47355769230769246 0.7451923076923077 0.47355769230769246
0 0.8846153846153846 0.47596153846153855 0.2788461538461539 0.47596153846153844 0.2788461538461539 0.5576923076923077 0.8846153846153846 0.5576923076923078
0 0.8846153846153846 0.5552884615384617 0.8317307692307693 0.5552884615384617 0.8317307692307693 0.5961538461538463 0.8846153846153846 0.5961538461538463
0 0.6586538461538461 0.5336538461538463 0.29326923076923084 0.5336538461538461 0.29326923076923084 0.6105769230769231 0.6586538461538461 0.6105769230769232
0 0.5480769230769232 0.6514423076923077 0.20432692307692316 0.6514423076923077 0.20432692307692316 0.7307692307692307 0.5480769230769232 0.7307692307692307
0 0.48557692307692324 0.7163461538461539 0.21153846153846162 0.7163461538461539 0.21153846153846162 0.7884615384615384 0.48557692307692324 0.7884615384615384
0 0.7888400876494057 0.6849951530502127 0.7822280913461539 0.6324566466346154 0.617944575812133 0.6531318060844028 0.6245565721153847 0.7056703125000001
0 0.8493850076516748 0.7470915482655762 0.8449477331719819 0.6927326913626518 0.7358691726356917 0.7016366959816911 0.7403064471153846 0.7559955528846155
0 0.6853255170702751 0.7606124099016868 0.6757568629807691 0.7093594927884616 0.522012143987417 0.7380628352906208 0.531580798076923 0.7893157524038461
0 0.8745294254068894 0.8082378721781714 0.8634320889423077 0.7503776466346154 0.43069800968926447 0.8333741374372132 0.44179534615384625 0.8912343629807692
0 0.8580119683587857 0.8678757144076417 0.8496443149038464 0.8160436298076923 0.5114066494296762 0.8706479466500506 0.5197743028846155 0.92248003125