1 0.5985576923076923 3.6651088099482084e-17 0 0 1.486650561464936e-17 0.24278846153846156 0.5985576923076923 0.24278846153846162
2 0.939170387019231 1 0.912217073671602 0.03102701523812348 0.010997377403846154 0.0560956778846154 0.03795069075147513 1.0250686626464918
0 0.6826803990384616 0.24547926923076926 0.6745311872657063 0.10598555310389106 0.5819893245192307 0.11139184134615386 0.5901385362919861 0.25088555747303204
0 0.5884680168269232 0.2645054951923077 0.5871785752811103 0.14448662398392792 0.5333717474920292 0.14506470606802932 0.5346611890378421 0.26508357727640913
0 0.8023774182692307 1 0.7613933347618812 0.8321131606184883 0.6986050251555618 0.8474408738190626 0.7395891086629113 1.0153277132005742
0 0.7203889615384617 0.9386748774038461 0.6966986388057895 0.8457456693376864 0.6365092187499999 0.8610896802884616 0.6601995414826719 0.9540188883546213
0 0.6541341274038461 1.0000000000000002 0.6246242412702633 0.8519169865830433 0.5693323138416743 0.8629355257447886 0.5988421999752572 1.0110185391617454
0 0.5925898293269232 1.0000000000000002 0.5732102649019327 0.8510490450076108 0.5280193573404846 0.856928699183414 0.547398921765475 1.0058796541758033
0 0.5428786274038462 0.9928590600961537 0.5294253999617641 0.8451750249946642 0.48182004414037916 0.8495116188511785 0.49527327158246126 0.9971956539526677
0 0.48427562500000004 0.9569995336538462 0.483274287329765 0.8481855015882783 0.44266320192307695 0.8485592163461539 0.443664539593312 0.9573732484117218
0 0.4506164110576923 0.9700143725961539 0.44990971841017086 0.8448568045345881 0.37021961244797263 0.8453067686305347 0.3709263050954941 0.9704643366921004