1 0.9927884615384616 0.26923076923076933 0.375 0.2692307692307693 0.375 0.5432692307692308 0.9927884615384616 0.543269230769231
2 0.9495192307692307 6.005479495818751e-17 0.03125 3.827021247335479e-18 0.03125000000000006 0.9975961538461539 0.9495192307692307 0.9975961538461539
0 0.38461538461538464 0.04807692307692312 0.3004807692307692 0.048076923076923114 0.3004807692307692 0.18750000000000006 0.38461538461538464 0.18750000000000006
0 0.4639423076923077 0.04807692307692313 0.3918269230769231 0.04807692307692313 0.3918269230769231 0.20192307692307698 0.4639423076923077 0.20192307692307698
0 0.5264423076923077 0.05288461538461545 0.46153846153846156 0.05288461538461543 0.46153846153846156 0.21394230769230776 0.5264423076923077 0.21394230769230776
0 0.625 0.040865384615384685 0.5264423076923077 0.040865384615384685 0.5264423076923077 0.2067307692307693 0.625 0.2067307692307693
0 0.2500000000000001 0.7884615384615384 0.16105769230769237 0.7884615384615384 0.1610576923076924 0.9639423076923077 0.2500000000000001 0.9639423076923077
0 0.3245192307692309 0.8076923076923077 0.2548076923076924 0.8076923076923077 0.2548076923076924 0.8846153846153846 0.3245192307692309 0.8846153846153846
0 0.3822115384615386 0.8004807692307693 0.3125000000000001 0.8004807692307693 0.3125000000000001 0.9639423076923077 0.3822115384615386 0.9639423076923077
0 0.4326923076923078 0.8100961538461539 0.3750000000000001 0.8100961538461539 0.3750000000000001 0.9783653846153846 0.4326923076923078 0.9783653846153846
0 0.4807692307692309 0.7932692307692307 0.42788461538461553 0.7932692307692307 0.42788461538461553 0.96875 0.4807692307692309 0.96875
0 0.5360576923076924 0.8052884615384616 0.4807692307692309 0.8052884615384616 0.4807692307692309 0.9230769230769231 0.5360576923076924 0.9230769230769231
0 0.5961538461538463 0.8004807692307693 0.528846153846154 0.8004807692307693 0.528846153846154 0.9350961538461539 0.5961538461538463 0.9350961538461539