2 1 6.123233995736766e-17 0 0 5.976040870839248e-17 0.9759615384615384 1 0.9759615384615384
0 0.22355769230769232 0.1514423076923077 0.1322115384615385 0.15144230769230768 0.1322115384615385 0.22355769230769232 0.22355769230769232 0.22355769230769232
0 0.25000000000000006 0.3389423076923077 0.16105769230769237 0.3389423076923077 0.16105769230769237 0.3894230769230769 0.25000000000000006 0.3894230769230769
0 0.6225961538461539 0.8149038461538461 0.3149038461538463 0.8149038461538461 0.3149038461538463 0.9014423076923077 0.6225961538461539 0.9014423076923077
0 0.5456730769230771 0.7524038461538461 0.3317307692307694 0.7524038461538461 0.3317307692307694 0.8269230769230769 0.5456730769230771 0.8269230769230769
0 0.4927884615384617 0.6826923076923077 0.31730769230769246 0.6826923076923077 0.31730769230769246 0.7548076923076923 0.4927884615384617 0.7548076923076923
0 0.4639423076923078 0.6057692307692307 0.32692307692307704 0.6057692307692307 0.32692307692307704 0.6778846153846154 0.4639423076923078 0.6778846153846154
0 0.46394230769230776 0.5552884615384616 0.3125 0.5552884615384616 0.31250000000000006 0.6177884615384616 0.4639423076923078 0.6177884615384616
0 0.5432692307692308 0.49038461538461536 0.17307692307692316 0.49038461538461536 0.17307692307692316 0.5600961538461539 0.543269230769231 0.5600961538461539
0 0.5144230769230769 0.3942307692307692 0.1538461538461539 0.3942307692307692 0.1538461538461539 0.47836538461538464 0.5144230769230769 0.47836538461538464
0 0.5064822062457925 0.23415510401675393 0.4948124495192308 0.15809523798076922 0.14635099327343826 0.2115591820409384 0.15802075 0.2876190480769231
0 0.319476973477937 0.31547953753501373 0.3144453317307692 0.26857142788461535 0.15956017898494632 0.2851853269818202 0.1645918207321141 0.3320934366322186