0 0.19230769230769235 0.27403846153846156 0.02163461538461542 0.27403846153846156 0.021634615384615422 0.3389423076923077 0.19230769230769237 0.3389423076923077
0 0.22355769230769237 0.34615384615384615 0.021634615384615426 0.34615384615384615 0.021634615384615433 0.40625 0.22355769230769237 0.40625
0 0.11057692307692313 0.40865384615384615 0.0072115384615385105 0.40865384615384615 0.007211538461538515 0.46875 0.11057692307692314 0.46875
0 0.19951923076923084 0.5504807692307693 0.016826923076923146 0.5504807692307693 0.01682692307692315 0.6081730769230769 0.19951923076923084 0.6081730769230769
0 0.22115384615384623 0.6105769230769231 0.09615384615384623 0.6105769230769231 0.09615384615384623 0.6658653846153846 0.22115384615384623 0.6658653846153846
0 0.20913461538461545 0.6658653846153846 0.007211538461538543 0.6658653846153846 0.007211538461538548 0.7427884615384616 0.20913461538461545 0.7427884615384616
0 0.4807692307692309 0.6442307692307693 0.2548076923076924 0.6442307692307693 0.2548076923076924 0.7235576923076923 0.4807692307692309 0.7235576923076923
0 0.47836538461538475 0.5745192307692307 0.2524038461538462 0.5745192307692307 0.2524038461538462 0.6418269230769231 0.47836538461538475 0.6418269230769231
0 0.4615384615384616 0.5120192307692307 0.31490384615384615 0.5120192307692307 0.3149038461538462 0.5673076923076923 0.4615384615384617 0.5673076923076923
0 0.7115384615384616 0.48076923076923084 0.5240384615384616 0.4807692307692308 0.5240384615384616 0.5480769230769231 0.7115384615384616 0.5480769230769232
0 0.4879807692307692 0.4375 0.24519230769230776 0.4375 0.24519230769230776 0.49759615384615385 0.4879807692307692 0.49759615384615385
0 0.46153846153846156 0.375 0.24038461538461545 0.375 0.24038461538461545 0.4254807692307692 0.46153846153846156 0.4254807692307692
0 0.47175918054142396 0.3637436785248523 0.4706239567307692 0.3042137716346154 0.2508763146508837 0.3084043166674555 0.2520115384615384 0.36793422355769234
0 0.4903753362885378 0.29178322598560946 0.485805375 0.2199383341346154 0.25806856996146216 0.23442437978362135 0.26263853125 0.3062692716346154
0 0.48630949401467227 0.18716489027705394 0.4743482919950828 0.11856948627643983 0.2628224638457951 0.15545392773015512 0.2747836658653846 0.2240493317307692
2 0.9898284495192308 0.9948612524038462 0.9846898964973584 0.008106450579622825 -0.002102269368026322 0.013245198175776839 0.003036283653846154 1.0000000000000002
0 0.8004807692307693 0.0721153846153847 0.7139423076923077 0.0721153846153847 0.7139423076923077 0.1514423076923078 0.8004807692307693 0.1514423076923078
0 0.6201923076923077 0.23557692307692316 0.5721153846153846 0.23557692307692316 0.5721153846153846 0.295673076923077 0.6201923076923077 0.295673076923077
0 0.7427884615384616 0.21153846153846162 0.6899038461538461 0.21153846153846162 0.6899038461538461 0.28125000000000006 0.7427884615384616 0.28125000000000006
0 0.6177884615384616 0.3245192307692309 0.5745192307692307 0.3245192307692309 0.5745192307692307 0.37980769230769246 0.6177884615384616 0.37980769230769246
0 0.7548076923076923 0.3052884615384616 0.6850961538461539 0.3052884615384616 0.6850961538461539 0.37980769230769246 0.7548076923076923 0.37980769230769246
0 0.625 0.41105769230769246 0.5673076923076923 0.41105769230769246 0.5673076923076923 0.47836538461538475 0.625 0.47836538461538475
0 0.7355769230769231 0.39663461538461553 0.6899038461538461 0.39663461538461553 0.6899038461538461 0.4567307692307694 0.7355769230769231 0.4567307692307694
0 0.8004807692307693 0.5649038461538463 0.6899038461538461 0.5649038461538463 0.6899038461538461 0.6370192307692307 0.8004807692307693 0.6370192307692307
0 0.6177884615384616 0.5504807692307694 0.5673076923076923 0.5504807692307694 0.5673076923076924 0.6177884615384616 0.6177884615384616 0.6177884615384616
0 0.7355769230769231 0.6418269230769231 0.6538461538461539 0.6418269230769231 0.6538461538461539 0.7163461538461539 0.7355769230769231 0.7163461538461539