0 0.7690529471272998 0.06448993925173957 0.5770643173076924 0.027151211538461614 0.5623918124880849 0.1025944381521068 0.7543804423076923 0.13993316586538473
0 0.7919723178910585 0.14686714319815272 0.4238799711538462 0.08563074519230773 0.41356749941663373 0.14761907314800127 0.7816598461538461 0.20885547115384626
0 0.9649258600716166 0.14666418974747464 0.8005455889423077 0.10025062500000008 0.775499217238506 0.18895592901783864 0.939879488367815 0.2353694937653132
0 0.5849222969621544 0.1748861102443066 0.10596999278846157 0.06683375240384616 0.08498967477875854 0.1598309979417994 0.5639419789524514 0.26788335578225986
0 0.935825205809614 0.2848203691778074 0.10701919951923076 0.1963241418269231 0.09838449990462929 0.27719189311218123 0.9271905061950125 0.36568812046306565
0 0.9447646355412045 0.32561284792029443 0.050361975961538505 0.2756892235576923 0.044770547684733084 0.3758620051911103 0.9391732072643991 0.42578562955371235
0 0.6627791706126381 0.41360914773247826 0.06924771875000005 0.38847117788461527 0.06589424935949159 0.4676497896886476 0.6594257012221297 0.4927877595365106
0 0.5715245559305099 0.5590804690710998 0.5635045002968785 0.4594756038273081 0.08850706696252246 0.4977217861985161 0.09652712259615384 0.5973266514423077
0 0.911465153961714 0.6429336890225534 0.9036613546792294 0.5537166587810259 0.11180589542905367 0.6229801284123185 0.11960969471153844 0.712197158653846
0 0.8945136147234614 0.7090314483877178 0.878244543057509 0.6050609019865534 0.057175478814816855 0.733539898310374 0.07344455048076924 0.8375104447115386
0 0.7758429482966996 0.8110625391649187 0.7588933820387886 0.7153444859212499 0.0669870611459352 0.8378659082947929 0.08393662740384614 0.9335839615384617
2 0.9915014158653845 6.07119517644806e-17 0 0 6.123233995736766e-17 1 0.9915014158653845 1