2 0.9952274903846153 0.9911222956730769 0.9786663637620111 -0.0017740223537694338 0.016862870192307693 0.01426848798076923 0.03342399681491203 1.0071648060076155
0 0.9137016056010225 0.25310778863738725 0.7519740841346153 0.2028312692307693 0.7361399282316218 0.25376595641531485 0.897867449698029 0.3040424758219328
0 0.8776646011433317 0.29915530389213185 0.7428629278846153 0.29022953365384624 0.7386544926066682 0.353787535050176 0.8734561658653845 0.3627133052884617
0 0.8845920216346155 0.4071068341346154 0.8792232860465725 0.34563245134603576 0.7395188942196492 0.3578332398075742 0.7448876298076923 0.41930762259615384
0 0.8919148890479882 0.42240477640361773 0.8157567291436083 0.42197923456526026 0.8155203184610047 0.4642890639308734 0.8916784783653846 0.46471460576923085
0 0.9403351508131574 0.5300163490180104 0.9331848557692308 0.4724165024038461 0.8536103661587658 0.48229467243606955 0.8607606612026925 0.5398945190502339
0 0.9392589591346153 0.5842097884615386 0.9333179970822347 0.521619861782648 0.7622307326591578 0.5378592632249556 0.7681716947115385 0.6004491899038462
0 0.9381113663019107 0.6294376778786839 0.9259560028288267 0.5653995527224749 0.7448876298076921 0.599768951923077 0.7570429932807763 0.663807077079286
0 0.9495167661539146 0.6822025561277882 0.9320827098739808 0.621821831522573 0.75377469131622 0.6733056792409388 0.7712087475961537 0.733686403846154
0 0.9599054222575636 0.7314838449780244 0.9345340887940637 0.6682513681907984 0.7407756593249618 0.7459947996550818 0.7661469927884615 0.8092272764423077
0 0.967857607084501 0.7904186665805886 0.9404429105323449 0.7324594521715938 0.7640410630632282 0.8158974899179283 0.7914557596153846 0.8738567043269231
0 0.6845776455245876 0.18768255026247355 0.49686171153846154 0.15066108413461546 0.4828213170284028 0.22185236974947906 0.6705372510145289 0.2588738358773372
0 0.7007602167403522 0.2771629774788286 0.4978740625000001 0.23894503846153853 0.48657545902228383 0.29892551534815054 0.689461613262636 0.33714345436544063
0 0.708288411247693 0.3264513616881016 0.5181210769230769 0.3126295841346154 0.5131125205498042 0.38153995478948155 0.7032798548744202 0.3953617323429677
0 0.7114800576923077 0.45573355048076925 0.7114639758371355 0.39594322001343485 0.5403927908653846 0.39598923317307694 0.5404088727205568 0.4557795636404114
0 0.7205912115384615 0.5162321658653846 0.7188512644825142 0.45181163741663377 0.5130593245192308 0.45736991346153855 0.5147992715751781 0.5217904419102893
0 0.7184666464973074 0.5836485349540166 0.716472279264922 0.5303002001163205 0.5495039471153846 0.5365421225961539 0.5514983143477701 0.58989045743385
0 0.7236282644230768 0.6589673413461538 0.7226430162734675 0.5878091580752632 0.5342939815211701 0.5904170174870749 0.5352792296707795 0.6615752007579653
0 0.7321497856998763 0.721352314498107 0.7282465144368808 0.6530007088807447 0.5434298437499999 0.6635548076923077 0.5473331150129955 0.73190641330967
0 0.4998987644230769 0.5769783509615386 0.4981926554608436 0.5083819437069605 0.321663247774026 0.5127725294038831 0.32336935673625933 0.5813689366584611
0 0.2690828100961539 0.17550912980769232 0.26807045913461547 0.09536628605769232 0.1941594886224412 0.09629991704163454 0.19517183958397968 0.1764427607916345
0 0.43028846153846156 0.25721153846153855 0.3798076923076923 0.25721153846153855 0.3798076923076923 0.33413461538461536 0.43028846153846156 0.33413461538461536
0 0.31490384615384615 0.2259615384615385 0.27163461538461536 0.22596153846153846 0.2716346153846154 0.3004807692307693 0.31490384615384615 0.3004807692307693
0 0.44471153846153844 0.34134615384615385 0.3918269230769231 0.34134615384615385 0.3918269230769231 0.4182692307692308 0.44471153846153844 0.4182692307692308
0 0.31490384615384615 0.31971153846153844 0.26682692307692313 0.31971153846153844 0.26682692307692313 0.4014423076923077 0.31490384615384615 0.4014423076923077
0 0.34375 0.4230769230769231 0.2860576923076924 0.4230769230769231 0.2860576923076924 0.5024038461538461 0.34375 0.5024038461538461
0 0.3509615384615386 0.6009615384615384 0.24278846153846162 0.6009615384615384 0.24278846153846162 0.6923076923076923 0.3509615384615386 0.6923076923076923
0 0.46634615384615397 0.5769230769230769 0.41105769230769246 0.5769230769230769 0.41105769230769246 0.6490384615384616 0.46634615384615397 0.6490384615384616