2 0.9499898028846154 0.09041689182692318 0.04294567067307694 0.09041689182692313 0.04294567067307699 1 0.9499898028846154 1
0 0.7043269230769231 0.1538461538461539 0.6177884615384616 0.1538461538461539 0.6177884615384616 0.3317307692307694 0.7043269230769231 0.3317307692307694
0 0.6153846153846154 0.1538461538461539 0.5552884615384616 0.1538461538461539 0.5552884615384616 0.358173076923077 0.6153846153846154 0.35817307692307704
0 0.5552884615384616 0.15144230769230776 0.49038461538461536 0.15144230769230776 0.49038461538461536 0.3557692307692308 0.5552884615384616 0.3557692307692308
0 0.5024038461538461 0.13942307692307698 0.43028846153846156 0.13942307692307698 0.43028846153846156 0.34375 0.5024038461538461 0.34375
0 0.7331730769230769 0.43509615384615397 0.6225961538461539 0.43509615384615397 0.6225961538461539 0.8125 0.7331730769230769 0.8125
0 0.5961538461538463 0.4663461538461539 0.5 0.46634615384615385 0.5000000000000001 0.6129807692307693 0.5961538461538463 0.6129807692307694
0 0.5000000000000001 0.4519230769230769 0.4014423076923077 0.4519230769230769 0.40144230769230776 0.6586538461538461 0.5000000000000001 0.6586538461538461
0 0.39182692307692313 0.4375 0.28846153846153855 0.4375 0.28846153846153855 0.6658653846153846 0.39182692307692324 0.6658653846153846
0 0.2716346153846155 0.43028846153846156 0.17788461538461545 0.43028846153846156 0.17788461538461545 0.53125 0.2716346153846155 0.53125
0 0.6201923076923077 0.7091346153846154 0.5504807692307694 0.7091346153846154 0.5504807692307694 0.8701923076923077 0.6201923076923077 0.8701923076923077
0 0.5480769230769232 0.6995192307692307 0.47836538461538475 0.6995192307692307 0.47836538461538475 0.8725961538461539 0.5480769230769232 0.8725961538461539
0 0.48317307692307704 0.7091346153846154 0.44711538461538475 0.7091346153846154 0.44711538461538475 0.7740384615384616 0.48317307692307704 0.7740384615384616
0 0.4399038461538463 0.7043269230769231 0.37259615384615397 0.7043269230769231 0.37259615384615397 0.9038461538461539 0.4399038461538463 0.9038461538461539
0 0.3822115384615386 0.7043269230769231 0.3149038461538463 0.7043269230769231 0.3149038461538463 0.8317307692307693 0.3822115384615386 0.8317307692307693
0 0.7235576923076923 0.8870192307692307 0.6706730769230769 0.8870192307692307 0.6706730769230769 0.9903846153846154 0.7235576923076923 0.9903846153846154
0 0.6682692307692307 0.8918269230769231 0.6225961538461539 0.8918269230769231 0.6225961538461539 0.9471153846153846 0.6682692307692307 0.9471153846153846
0 0.6225961538461539 0.8918269230769231 0.5817307692307694 0.8918269230769231 0.5817307692307694 1 0.6225961538461539 1
0 0.5817307692307694 0.8942307692307693 0.543269230769231 0.8942307692307693 0.543269230769231 1 0.5817307692307694 1
0 0.5480769230769232 0.8894230769230769 0.512019230769231 0.8894230769230769 0.512019230769231 0.9927884615384616 0.5480769230769232 0.9927884615384616
0 0.5168269230769232 0.8942307692307693 0.4807692307692309 0.8942307692307693 0.4807692307692309 0.9759615384615384 0.5168269230769232 0.9759615384615384
0 0.47836538461538475 0.8942307692307693 0.4399038461538463 0.8942307692307693 0.4399038461538463 0.9903846153846154 0.47836538461538475 0.9903846153846154