2 0.9946083846153846 7.274389357765162e-17 0.19338955288461537 2.3683389692868202e-17 0.19338955288461543 0.9602790240384615 0.9946083846153846 0.9602790240384615
0 0.2812500000000001 0.7259615384615384 0.25000000000000006 0.7259615384615384 0.2500000000000001 0.8653846153846154 0.2812500000000001 0.8653846153846154
0 0.3076923076923078 0.7019230769230769 0.2836538461538462 0.7019230769230769 0.2836538461538462 0.8004807692307693 0.3076923076923078 0.8004807692307693
0 0.34855769230769246 0.6225961538461539 0.3125000000000001 0.6225961538461539 0.3125000000000001 0.8774038461538461 0.34855769230769246 0.8774038461538461
0 0.4014423076923078 0.6298076923076923 0.3629807692307694 0.6298076923076923 0.3629807692307694 0.9038461538461539 0.4014423076923078 0.9038461538461539
0 0.4687500000000001 0.6923076923076923 0.42788461538461553 0.6923076923076923 0.42788461538461553 0.90625 0.4687500000000001 0.90625
0 0.38461538461538464 0.009615384615384658 0.3269230769230769 0.009615384615384654 0.3269230769230769 0.3798076923076923 0.38461538461538464 0.3798076923076923
0 0.4206730769230769 4.960408309046371e-17 0.3894230769230769 4.769057246679597e-17 0.3894230769230769 0.3076923076923077 0.4206730769230769 0.3076923076923077
0 0.4543269230769231 5.3725490587594223e-17 0.4230769230769231 5.1811979963926487e-17 0.4230769230769231 0.37740384615384615 0.4543269230769231 0.37740384615384615
0 0.49278846153846156 5.814128433451977e-17 0.4567307692307692 5.593338746105699e-17 0.4567307692307692 0.3389423076923077 0.49278846153846156 0.3389423076923077
0 0.7043873221153849 0.5235909807692309 0.6565911439637246 0.5148380125531126 0.5870931535791093 0.8943365149569587 0.6348893317307694 0.903089483173077