1 0.3798076923076924 0.2620192307692308 0.08653846153846158 0.2620192307692308 0.0865384615384616 0.9471153846153846 0.37980769230769246 0.9471153846153846
0 0.1899038461538462 0.25721153846153844 0.08173076923076926 0.25721153846153844 0.08173076923076926 0.3269230769230769 0.18990384615384623 0.3269230769230769
0 0.17788461538461545 0.33413461538461536 0.06730769230769235 0.33413461538461536 0.06730769230769235 0.3942307692307692 0.17788461538461545 0.3942307692307692
0 0.1754807692307693 0.3894230769230769 0.08653846153846158 0.3894230769230769 0.08653846153846159 0.4543269230769231 0.1754807692307693 0.4543269230769231
0 0.1538461538461539 0.4519230769230769 0.07211538461538466 0.4519230769230769 0.07211538461538468 0.5096153846153846 0.1538461538461539 0.5096153846153846
0 0.6682692307692307 0.16826923076923084 0.2860576923076923 0.16826923076923084 0.28605769230769235 0.3149038461538462 0.6682692307692307 0.3149038461538463
0 0.3894230769230769 0.33653846153846156 0.3028846153846155 0.33653846153846156 0.3028846153846155 0.43990384615384615 0.3894230769230769 0.43990384615384615
0 0.9591346153846154 0.12019230769230779 0.78125 0.12019230769230779 0.78125 0.21153846153846165 0.9591346153846154 0.21153846153846168
0 0.8822115384615384 0.21153846153846165 0.8028846153846154 0.21153846153846162 0.8028846153846154 0.2908653846153847 0.8822115384615384 0.29086538461538475
0 0.9567307692307693 0.2812500000000001 0.8100961538461539 0.28125000000000006 0.8100961538461539 0.3437500000000001 0.9567307692307693 0.3437500000000001
0 0.9807692307692307 0.3365384615384617 0.8125 0.3365384615384617 0.8125 0.40384615384615397 0.9807692307692307 0.40384615384615397
0 0.9615384615384616 0.39663461538461553 0.8028846153846154 0.39663461538461553 0.8028846153846154 0.44711538461538475 0.9615384615384616 0.44711538461538475
0 0.9182692307692307 0.4399038461538463 0.8052884615384616 0.4399038461538463 0.8052884615384616 0.4951923076923078 0.9182692307692307 0.4951923076923078
0 0.9543269230769231 0.4879807692307694 0.8076923076923077 0.4879807692307694 0.8076923076923077 0.5528846153846155 0.9543269230769231 0.5528846153846155
2 1 1.1180371459073853e-16 0.04868837980769231 5.355267805772892e-17 0.04868837980769236 0.890683701923077 1 0.890683701923077