1 0.7524038461538461 0.32932692307692313 0.46875 0.3293269230769231 0.46875000000000006 1 0.7524038461538461 1
2 0.9886471153846154 0.025062658653846274 0.017678788172999508 0.015501148293002124 0.008218047788384015 0.9762363165622328 0.9791863749999999 0.9857978269230769
0 0.9037048577061655 0.2595072799248465 0.8820592165495975 0.16061156217933356 0.5791112170165088 0.22691881831217942 0.6007568581730768 0.3258145360576924
0 0.938741721153846 0.3581871346153846 0.9288079471153844 0.29093567307692314 0.692564500207377 0.3258314056895042 0.7024982742458387 0.39308286722796565
0 0.9009174823054621 0.4028554980623413 0.8946149276460249 0.3524743427110908 0.6907173131290244 0.37798141676413405 0.6970198677884615 0.4283625721153846
0 0.8557692307692307 0.4302884615384617 0.6466346153846154 0.4302884615384617 0.6466346153846154 0.4711538461538463 0.8557692307692307 0.4711538461538463
0 0.9014423076923077 0.49759615384615397 0.6370192307692307 0.49759615384615397 0.6370192307692307 0.5384615384615385 0.9014423076923077 0.5384615384615385
0 0.9254807692307693 0.543269230769231 0.6995192307692307 0.543269230769231 0.6995192307692307 0.5889423076923078 0.9254807692307693 0.5889423076923078
0 0.84375 0.5985576923076924 0.7139423076923077 0.5985576923076924 0.7139423076923077 0.6466346153846154 0.84375 0.6466346153846154
0 0.8774038461538461 0.6610576923076923 0.7355769230769231 0.6610576923076923 0.7355769230769231 0.7091346153846154 0.8774038461538461 0.7091346153846154
0 0.8942307692307693 0.7139423076923077 0.7451923076923077 0.7139423076923077 0.7451923076923077 0.7692307692307693 0.8942307692307693 0.7692307692307693
0 0.9615384615384616 0.7740384615384616 0.7740384615384616 0.7740384615384616 0.7740384615384616 0.8317307692307693 0.9615384615384616 0.8317307692307693