2 0.9784247403846155 0.07066134855769232 0.02437118509615385 0.04372644951923078 -0.0013359586978645486 0.9542920283236402 0.9527175965905971 0.9812269273621018
0 0.19471153846153852 0.2956730769230769 0.05288461538461542 0.2956730769230769 0.052884615384615426 0.37740384615384615 0.19471153846153852 0.37740384615384615
0 0.19951923076923084 0.375 0.045673076923076976 0.375 0.045673076923076976 0.4543269230769231 0.19951923076923084 0.4543269230769231
0 0.21153846153846162 0.4543269230769231 0.045673076923076976 0.4543269230769231 0.04567307692307698 0.5144230769230769 0.21153846153846162 0.5144230769230769
0 0.20432692307692316 0.5120192307692307 0.04326923076923084 0.5120192307692307 0.04326923076923084 0.5745192307692307 0.20432692307692316 0.5745192307692307
0 0.6802884615384616 0.22115384615384623 0.2980769230769231 0.22115384615384623 0.29807692307692313 0.358173076923077 0.6802884615384616 0.35817307692307704
0 0.44711538461538464 0.3942307692307692 0.3052884615384616 0.3942307692307692 0.3052884615384616 0.5144230769230769 0.44711538461538464 0.5144230769230769
0 0.4927884615384616 0.5168269230769231 0.2908653846153847 0.5168269230769231 0.2908653846153847 0.6346153846153846 0.4927884615384617 0.6346153846153846
0 0.4927884615384617 0.6466346153846154 0.2740384615384616 0.6466346153846154 0.2740384615384616 0.7668269230769231 0.4927884615384617 0.7668269230769231
0 0.3509615384615386 0.7764423076923077 0.264423076923077 0.7764423076923077 0.26442307692307704 0.8846153846153846 0.3509615384615386 0.8846153846153846
0 0.7644230769230769 0.3629807692307694 0.5600961538461539 0.3629807692307694 0.5600961538461539 0.4495192307692309 0.7644230769230769 0.4495192307692309
0 0.7572115384615384 0.4591346153846155 0.5456730769230769 0.45913461538461536 0.5456730769230769 0.5408653846153847 0.7572115384615384 0.5408653846153848
0 0.6298076923076923 0.5384615384615385 0.5576923076923077 0.5384615384615384 0.5576923076923077 0.591346153846154 0.6298076923076923 0.591346153846154
0 0.7908653846153846 0.5985576923076924 0.5480769230769232 0.5985576923076923 0.5480769230769232 0.6802884615384616 0.7908653846153846 0.6802884615384616
0 0.6826923076923077 0.6802884615384616 0.5408653846153848 0.6802884615384616 0.5408653846153848 0.7548076923076923 0.6826923076923077 0.7548076923076923
0 0.9399038461538461 0.20673076923076933 0.7908653846153846 0.2067307692307693 0.7908653846153846 0.28846153846153855 0.9399038461538461 0.2884615384615386
0 0.8798076923076923 0.2908653846153847 0.7956730769230769 0.2908653846153847 0.7956730769230769 0.3557692307692309 0.8798076923076923 0.3557692307692309
0 0.9375 0.35336538461538475 0.7884615384615384 0.35336538461538475 0.7884615384615384 0.4086538461538463 0.9375 0.4086538461538463
0 0.9471153846153846 0.4014423076923078 0.7908653846153846 0.4014423076923078 0.7908653846153846 0.45913461538461553 0.9471153846153846 0.45913461538461553
0 0.9254807692307693 0.4615384615384617 0.7836538461538461 0.4615384615384617 0.7836538461538461 0.5096153846153848 0.9254807692307693 0.5096153846153848
0 0.8918269230769231 0.5048076923076924 0.7860576923076923 0.5048076923076924 0.7860576923076923 0.5504807692307694 0.8918269230769231 0.5504807692307694
0 0.9086538461538461 0.543269230769231 0.78125 0.543269230769231 0.78125 0.5985576923076924 0.9086538461538461 0.5985576923076924