2 0.9946305793521426 0.9726979182457739 0.9778554783653847 0.006289307692307692 0.0071783290851218096 0.02313850277076342 0.023953430071879726 0.9895471133242295
0 0.8944475390612978 0.2418357424408303 0.8716902302811493 0.15380036626825688 0.5791407921813898 0.22942494113511896 0.6018981009615383 0.31746031730769236
0 0.927975893335834 0.32381072521234877 0.9165834158653845 0.2680443245192307 0.6104856451257044 0.3305768156530358 0.6218781225961538 0.3863432163461538
0 0.9010969383538426 0.38567249439970147 0.892440891826923 0.3384246778846153 0.6190495808769267 0.38851139261952927 0.6277056274038463 0.4357592091346154
0 0.8573566436962976 0.45189147826704734 0.8524808509615384 0.40581012259615395 0.6369823490921639 0.4286116659637221 0.6418581418269231 0.47469302163461546
0 0.8990384615384616 0.48557692307692324 0.6322115384615384 0.48557692307692324 0.6322115384615384 0.5336538461538463 0.8990384615384616 0.5336538461538463
0 0.9326923076923077 0.5384615384615385 0.6442307692307693 0.5384615384615385 0.6442307692307693 0.5793269230769232 0.9326923076923077 0.5793269230769232
0 0.8557692307692307 0.5865384615384617 0.6442307692307693 0.5865384615384617 0.6442307692307693 0.6346153846153846 0.8557692307692307 0.6346153846153846
0 0.8918269230769231 0.6490384615384616 0.6418269230769231 0.6490384615384616 0.6418269230769231 0.6971153846153846 0.8918269230769231 0.6971153846153846
0 0.9038461538461539 0.7019230769230769 0.6418269230769231 0.7019230769230769 0.6418269230769231 0.7524038461538461 0.9038461538461539 0.7524038461538461
0 0.9615384615384616 0.7620192307692307 0.6634615384615384 0.7620192307692307 0.6634615384615384 0.8173076923076923 0.9615384615384616 0.8173076923076923