0 0.2572115384615385 0.2764423076923077 0.09855769230769235 0.2764423076923077 0.09855769230769235 0.36538461538461536 0.25721153846153855 0.36538461538461536
0 0.28125000000000006 0.37740384615384615 0.09855769230769235 0.37740384615384615 0.09855769230769236 0.43028846153846156 0.28125000000000006 0.43028846153846156
0 0.3028846153846155 0.43990384615384615 0.0865384615384616 0.43990384615384615 0.0865384615384616 0.49759615384615385 0.3028846153846155 0.49759615384615385
0 0.29326923076923084 0.5048076923076923 0.09375000000000007 0.5048076923076923 0.09375000000000007 0.5528846153846154 0.29326923076923084 0.5528846153846154
0 0.7692307692307693 0.2596153846153847 0.3870192307692308 0.2596153846153847 0.3870192307692308 0.35576923076923084 0.7692307692307693 0.3557692307692309
0 0.5625 0.39182692307692313 0.40625 0.3918269230769231 0.40625 0.4879807692307693 0.5625 0.4879807692307694
0 0.6105769230769231 0.4927884615384616 0.40625 0.49278846153846156 0.40625000000000006 0.5793269230769231 0.6105769230769232 0.5793269230769232
0 0.6153846153846154 0.6129807692307693 0.3870192307692309 0.6129807692307693 0.3870192307692309 0.7067307692307693 0.6153846153846154 0.7067307692307693
0 0.4807692307692309 0.7283653846153846 0.3870192307692309 0.7283653846153846 0.3870192307692309 0.8100961538461539 0.4807692307692309 0.8100961538461539
0 0.8341346153846154 0.36538461538461553 0.6586538461538461 0.36538461538461553 0.6586538461538461 0.4182692307692309 0.8341346153846154 0.4182692307692309
0 0.8293269230769231 0.4375000000000001 0.6490384615384616 0.4375000000000001 0.6490384615384616 0.4927884615384617 0.8293269230769231 0.4927884615384617
0 0.7283653846153846 0.5000000000000001 0.6658653846153846 0.5000000000000001 0.6658653846153846 0.543269230769231 0.7283653846153846 0.543269230769231
0 0.8629807692307693 0.5480769230769232 0.6586538461538461 0.5480769230769232 0.6586538461538461 0.6105769230769232 0.8629807692307693 0.6105769230769232
0 0.7932692307692307 0.6105769230769232 0.6610576923076923 0.6105769230769232 0.6610576923076923 0.6610576923076923 0.7932692307692307 0.6610576923076923
0 0.9591346153846154 0.35817307692307704 0.8557692307692307 0.35817307692307704 0.8557692307692307 0.4014423076923078 0.9591346153846154 0.4014423076923078
0 0.9663461538461539 0.4014423076923078 0.8557692307692307 0.4014423076923078 0.8557692307692307 0.4375000000000001 0.9663461538461539 0.4375000000000001
0 0.9615384615384616 0.4375000000000001 0.8509615384615384 0.4375000000000001 0.8509615384615384 0.4711538461538463 0.9615384615384616 0.4711538461538463
0 0.9375 0.4711538461538463 0.8581730769230769 0.4711538461538463 0.8581730769230769 0.5024038461538463 0.9375 0.5024038461538463
0 0.9567307692307693 0.5072115384615385 0.8605769230769231 0.5072115384615385 0.8605769230769231 0.5480769230769232 0.9567307692307693 0.5480769230769232
2 0.9911414368340252 0.9345173713158346 0.9671690793056482 0.021034910527478936 0.03218133413461539 0.045571627403846154 0.056153691662992444 0.9590540881922018
0 0.9587949302756448 0.29801607786101036 0.9516810870383453 0.24490959858870662 0.8393951808011622 0.25995078274692696 0.8465090240384616 0.3130572620192307
0 0.9197587393750631 0.34256364945682855 0.9150692596153847 0.3011690120192308 0.8432187341826292 0.30930875198547925 0.8479082139423078 0.3507033894230769