1 0.7163461538461539 0.26682692307692313 0.25961538461538464 0.2668269230769231 0.2596153846153847 1 0.7163461538461539 1
2 1.0000000000000002 1.2276504599220482e-16 0.00007671767310357181 -0.0006509909190443758 -0.0005743231922810917 0.9993490090809556 0.9993489591346155 1
0 0.8823006916776428 0.240067345181465 0.8670222422467292 0.14627464152164243 0.5022996755690864 0.20568646220556205 0.517578125 0.29947916586538464
0 0.9423828125000001 0.33203125 0.9358723966346155 0.2625868052884615 0.5444154745698659 0.2992858870740706 0.5509258904352505 0.3687303317856091
0 0.9049479158653846 0.3906250000000001 0.9013532927665243 0.3318529140457819 0.5444479174716063 0.353681989623291 0.5480425405704664 0.41245407557750924
0 0.8464455226379374 0.45345278630493974 0.8447265625 0.3993055552884615 0.5645099055684484 0.4082013243649047 0.5662288657063859 0.46234855538138286
0 0.9148797506983181 0.47546553489453014 0.5550130216346154 0.46440972355769233 0.553213069444888 0.5229981787378168 0.9130797985085908 0.5340539900746546
0 0.9521091049792001 0.5341232952400865 0.5736887514861937 0.5251533315814363 0.5721004806416091 0.5921585098990423 0.9505208341346155 0.6011284735576925
0 0.8245192307692307 0.5937500000000001 0.7067307692307693 0.5937500000000001 0.7067307692307693 0.6370192307692307 0.8245192307692307 0.6370192307692307
0 0.8774038461538461 0.6394230769230769 0.6850961538461539 0.6394230769230769 0.6850961538461539 0.7139423076923077 0.8774038461538461 0.7139423076923077
0 0.9831730769230769 0.7620192307692307 0.7331730769230769 0.7620192307692307 0.7331730769230769 0.875 0.9831730769230769 0.875