0 0.17067307692307696 0.27403846153846156 0.06730769230769235 0.27403846153846156 0.06730769230769235 0.34375 0.17067307692307698 0.34375
0 0.1850961538461539 0.35336538461538464 0.06730769230769236 0.35336538461538464 0.06730769230769236 0.40384615384615385 0.1850961538461539 0.40384615384615385
0 0.19230769230769237 0.4110576923076923 0.06730769230769236 0.4110576923076923 0.06730769230769236 0.4639423076923077 0.19230769230769237 0.4639423076923077
0 0.18990384615384623 0.46875 0.06250000000000006 0.46875 0.06250000000000006 0.5240384615384616 0.18990384615384623 0.5240384615384616
0 0.6322115384615384 0.22836538461538464 0.2692307692307692 0.2283653846153846 0.2692307692307693 0.32932692307692313 0.6322115384615384 0.32932692307692324
0 0.40625 0.38221153846153844 0.2740384615384616 0.38221153846153844 0.2740384615384616 0.4831730769230769 0.40625 0.4831730769230769
0 0.36057692307692313 0.4951923076923077 0.26682692307692313 0.4951923076923077 0.26682692307692313 0.5721153846153846 0.36057692307692324 0.5721153846153846
0 0.3076923076923078 0.7115384615384616 0.24038461538461545 0.7115384615384616 0.24038461538461545 0.8149038461538461 0.3076923076923078 0.8149038461538461
0 0.7235576923076923 0.35576923076923084 0.5192307692307693 0.3557692307692308 0.5192307692307693 0.42307692307692313 0.7235576923076923 0.42307692307692324
0 0.71875 0.4423076923076924 0.5024038461538461 0.4423076923076923 0.5024038461538461 0.5240384615384616 0.71875 0.5240384615384617
0 0.9038461538461539 0.5576923076923078 0.7620192307692307 0.5576923076923078 0.7620192307692307 0.6201923076923077 0.9038461538461539 0.6201923076923077
0 0.8677884615384616 0.5048076923076924 0.7620192307692307 0.5048076923076924 0.7620192307692307 0.5480769230769232 0.8677884615384616 0.5480769230769232
0 0.9182692307692307 0.4567307692307694 0.7596153846153846 0.4567307692307694 0.7596153846153846 0.5072115384615385 0.9182692307692307 0.5072115384615385
0 0.9423076923076923 0.4086538461538463 0.7668269230769231 0.4086538461538463 0.7668269230769231 0.45432692307692324 0.9423076923076923 0.45432692307692324
0 0.9206730769230769 0.3509615384615386 0.7644230769230769 0.3509615384615386 0.7644230769230769 0.4086538461538463 0.9206730769230769 0.4086538461538463
0 0.84375 0.2860576923076924 0.7716346153846154 0.2860576923076924 0.7716346153846154 0.34855769230769246 0.84375 0.34855769230769246
0 0.9206730769230769 0.20913461538461547 0.75 0.20913461538461545 0.75 0.2812500000000001 0.9206730769230769 0.2812500000000001
1 0.576923076923077 0.3149038461538462 0.3052884615384616 0.31490384615384615 0.3052884615384616 0.9879807692307693 0.5769230769230771 0.9879807692307693
2 0.9599133269230768 0.06031128365384626 0.022337689244594245 0.047771357341297074 0.010420028186901934 0.9388219414759125 0.9479956658653846 0.9513618677884617
0 0.3317307692307694 0.5985576923076923 0.2524038461538462 0.5985576923076923 0.2524038461538462 0.6850961538461539 0.3317307692307694 0.6850961538461539