2 0.9946236562500003 0.004208754807692441 0.07345446723387948 -0.07452037752833898 -0.010177551996889992 0.9040149758370456 0.9109916370192308 0.9827441081730771
0 0.9437841183653576 0.1186306299605143 0.9363799278846153 0.07891414182692304 0.5003616388461808 0.16019933638563957 0.5077658293269232 0.1999158245192308
0 0.8766427716346155 0.21148989903846166 0.8671922452918642 0.15684169347986282 0.3743607044264795 0.24206896511447804 0.3838112307692307 0.2967171706730769
0 0.7165296268478805 0.2828515801445185 0.7108721634615385 0.24726431009615385 0.41738117014283727 0.29392185215164524 0.4230386335291793 0.32950912220000994
0 0.6186119441483732 0.3311677404109777 0.6137992836538462 0.29882154807692307 0.3701287382678957 0.3350763132544664 0.3749413987624227 0.367422505588521
0 0.9240218598962625 0.3532954310582026 0.9184587812499999 0.2935606057692308 0.39616929875758355 0.3422012011533359 0.40173237740384615 0.4019360264423077
0 0.20961119599157296 0.2261049711868353 0.20290249681396882 0.19527174796382077 0.1008181830339343 0.21748327437313927 0.10752688221153847 0.24831649759615385
0 0.2539680292203835 0.33564294694098007 0.24790919951923074 0.3009259254807693 0.0790666174142319 0.3303924064244047 0.08512544711538463 0.3651094278846155
0 0.22700119471153843 0.25252525240384627 0.22050099874644918 0.22418799186812158 0.09206611172721847 0.2536492707142754 0.0985663076923077 0.28198653125000006
0 0.46744325000000003 0.6755050504807693 0.3060509249052682 0.6701777670762723 0.3045574946168067 0.7154218752493491 0.46594981971153854 0.720749158653846
0 0.29868578365384624 0.5871212115384616 0.0597371562500001 0.5639730649038464 0.05454915168623367 0.6175266642068288 0.29349777909007985 0.6406748108414443