1 0.8918269230769231 0.3341346153846155 0.5264423076923077 0.33413461538461536 0.5264423076923077 0.9879807692307693 0.8918269230769231 0.9879807692307693
0 0.2836538461538462 0.29086538461538464 0.09855769230769235 0.29086538461538464 0.09855769230769235 0.3701923076923077 0.2836538461538462 0.3701923076923077
0 0.31490384615384615 0.3798076923076923 0.10096153846153849 0.3798076923076923 0.10096153846153852 0.4375 0.31490384615384615 0.4375
0 0.33413461538461536 0.43990384615384615 0.11057692307692314 0.43990384615384615 0.11057692307692314 0.5 0.33413461538461536 0.5
0 0.3173076923076923 0.5024038461538461 0.09134615384615391 0.5024038461538461 0.09134615384615391 0.5552884615384616 0.3173076923076923 0.5552884615384616
0 0.7644230769230769 0.25000000000000006 0.39663461538461536 0.25000000000000006 0.39663461538461536 0.34375000000000006 0.7644230769230769 0.3437500000000001
0 0.5769230769230769 0.38701923076923084 0.4206730769230769 0.3870192307692308 0.4206730769230769 0.47596153846153855 0.5769230769230769 0.4759615384615386
0 0.6129807692307693 0.4879807692307693 0.4110576923076923 0.4879807692307692 0.4110576923076924 0.5745192307692308 0.6129807692307694 0.574519230769231
0 0.5456730769230771 0.6033653846153846 0.4014423076923078 0.6033653846153846 0.4014423076923078 0.6899038461538461 0.5456730769230771 0.6899038461538461
0 0.5024038461538463 0.7019230769230769 0.4062500000000001 0.7019230769230769 0.4062500000000001 0.8028846153846154 0.5024038461538463 0.8028846153846154
2 1.0041151800363624 0.9365293764048849 0.963986970408216 0.009602814206334678 0.03132832211538462 0.04997917548076922 0.0714565317435309 0.9769057376793194
0 0.9567307692307693 0.48317307692307704 0.8509615384615384 0.48317307692307704 0.8509615384615384 0.5216346153846155 0.9567307692307693 0.5216346153846155
0 0.9546961326933984 0.27525595052144214 0.9438737106908645 0.22641264757386084 0.8344726332859277 0.2506531177254956 0.8452950552884615 0.29949642067307686
0 0.9183422470964454 0.3227493376176368 0.901232186653557 0.2807071193418809 0.8411435284994193 0.3051615990319365 0.8582535889423077 0.3472038173076924
0 0.9596615360501038 0.36464570483565417 0.9499746277219427 0.3260705140310665 0.8505603008064544 0.3510351986184893 0.8602472091346155 0.3896103894230769
0 0.9712201164472785 0.4001018090224241 0.963814480185863 0.3675585523210626 0.846860712296277 0.3941728851255617 0.8542663485576925 0.42671614182692313
0 0.9600315764380434 0.43654874282327244 0.9549441778846153 0.4094884711538461 0.8521693802927258 0.428810389388266 0.8572567788461539 0.45587066105769236
0 0.9356946213360066 0.47264807728313774 0.9320175432692308 0.4426186057692308 0.8525828906832243 0.4523452977168623 0.8562599687500001 0.4823747692307693