2 1.012292910913593 0.023697318455138724 0.029022358519866568 0.003390555991610575 0.00868885336538474 0.987956012019231 0.9919594057591112 1.0082627744827592
0 0.89440668901492 0.2430076924136798 0.8859109258623998 0.14791922312072653 0.6362170709820951 0.17022834080320057 0.6447128341346153 0.2653168100961538
0 0.929407930385138 0.30148645942231594 0.9227561033653846 0.24611625 0.6571764806725542 0.27802130740460707 0.6638283076923077 0.333391516826923
0 0.9062472860576922 0.35957409855769235 0.9015779596010431 0.3070832554960188 0.6661100629664278 0.32802931799601875 0.6707793894230769 0.3805201610576923
0 0.8688852211538461 0.4259033004807692 0.8662785649038462 0.36830162259615373 0.6796135353192357 0.37674879955162066 0.6822201915692356 0.43435047743623606
0 0.9206730769230769 0.4447115384615386 0.6778846153846154 0.4447115384615386 0.6778846153846154 0.4951923076923078 0.9206730769230769 0.4951923076923078
0 0.9399038461538461 0.49759615384615397 0.6826923076923077 0.49759615384615397 0.6826923076923077 0.5456730769230771 0.9399038461538461 0.5456730769230771
0 0.875 0.5528846153846155 0.6899038461538461 0.5528846153846155 0.6899038461538461 0.5961538461538463 0.875 0.5961538461538463
0 0.8966346153846154 0.6129807692307694 0.6850961538461539 0.6129807692307694 0.6850961538461539 0.65625 0.8966346153846154 0.65625
0 0.9206730769230769 0.6610576923076923 0.6850961538461539 0.6610576923076923 0.6850961538461539 0.7163461538461539 0.9206730769230769 0.7163461538461539
0 0.9711538461538461 0.7163461538461539 0.6923076923076923 0.7163461538461539 0.6923076923076923 0.7788461538461539 0.9711538461538461 0.7788461538461539
0 0.7884615384615384 0.7788461538461539 0.7019230769230769 0.7788461538461539 0.7019230769230769 0.8293269230769231 0.7884615384615384 0.8293269230769231