2 0.9855769230769231 0.002403846153846217 0.040865384615384616 0.002403846153846159 0.04086538461538468 0.9783653846153846 0.9855769230769231 0.9783653846153846
0 0.3774038461538463 0.8052884615384616 0.28846153846153855 0.8052884615384616 0.28846153846153855 0.9326923076923077 0.3774038461538463 0.9326923076923077
0 0.4495192307692309 0.7860576923076923 0.37980769230769246 0.7860576923076923 0.37980769230769246 0.9326923076923077 0.4495192307692309 0.9326923076923077
0 0.5144230769230771 0.7740384615384616 0.45192307692307704 0.7740384615384616 0.45192307692307704 0.9254807692307693 0.5144230769230771 0.9254807692307693
0 0.574519230769231 0.7788461538461539 0.5144230769230771 0.7788461538461539 0.5144230769230771 0.9254807692307693 0.574519230769231 0.9254807692307693
0 0.3533653846153847 0.31971153846153844 0.23557692307692316 0.31971153846153844 0.23557692307692316 0.7067307692307693 0.35336538461538475 0.7067307692307693
0 0.514423076923077 0.5384615384615384 0.41586538461538464 0.5384615384615384 0.4158653846153847 0.6875 0.5144230769230771 0.6875
0 0.6418269230769231 0.483173076923077 0.5288461538461539 0.4831730769230769 0.528846153846154 0.6995192307692307 0.6418269230769231 0.6995192307692307
0 0.7836538461538461 0.47836538461538475 0.6610576923076923 0.47836538461538475 0.6610576923076923 0.7019230769230769 0.7836538461538461 0.7019230769230769
0 0.8918269230769231 0.6105769230769232 0.7884615384615384 0.6105769230769232 0.7884615384615384 0.7019230769230769 0.8918269230769231 0.7019230769230769
0 0.44711538461538464 0.22596153846153852 0.36538461538461536 0.22596153846153852 0.36538461538461536 0.43509615384615385 0.44711538461538464 0.43509615384615385
0 0.5504807692307693 0.21875000000000006 0.45913461538461536 0.21875000000000006 0.45913461538461536 0.44711538461538464 0.5504807692307693 0.44711538461538464
0 0.6033653846153846 0.3485576923076924 0.5456730769230769 0.3485576923076923 0.5456730769230769 0.4254807692307693 0.6033653846153846 0.4254807692307694
0 0.7019230769230769 0.1754807692307693 0.6153846153846154 0.1754807692307693 0.6153846153846154 0.4375000000000001 0.7019230769230769 0.4375000000000001
0 0.7764423076923077 0.26682692307692313 0.6971153846153846 0.26682692307692313 0.6971153846153846 0.42307692307692324 0.7764423076923077 0.42307692307692324
0 0.6225961538461539 0.055288461538461606 0.5721153846153846 0.055288461538461606 0.5721153846153846 0.18750000000000006 0.6225961538461539 0.18750000000000006
0 0.5673076923076923 0.076923076923077 0.5168269230769231 0.076923076923077 0.5168269230769231 0.18990384615384623 0.5673076923076923 0.18990384615384623
0 0.5264423076923077 0.04326923076923083 0.46875 0.043269230769230824 0.46875 0.18990384615384623 0.5264423076923077 0.18990384615384623
0 0.4639423076923077 0.02163461538461544 0.4182692307692308 0.021634615384615436 0.4182692307692308 0.18750000000000006 0.4639423076923077 0.18750000000000006
0 0.41346153846153844 0.043269230769230824 0.3581730769230769 0.043269230769230824 0.3581730769230769 0.18990384615384623 0.41346153846153844 0.18990384615384623
0 0.35336538461538464 0.11538461538461542 0.2860576923076923 0.11538461538461542 0.2860576923076923 0.1850961538461539 0.35336538461538464 0.1850961538461539
0 0.28365384615384615 0.043269230769230796 0.2091346153846154 0.04326923076923079 0.2091346153846154 0.2043269230769231 0.28365384615384615 0.20432692307692316