2 0.9924768509615386 1.2169752385314217e-16 0.00007910909750799959 -0.006265164033283547 -0.00623610397543962 0.9940603118343941 0.9861616378885909 1.0003254758676776
0 0.6033653846153846 0.06490384615384621 0.4014423076923077 0.0649038461538462 0.4014423076923077 0.1490384615384616 0.6033653846153846 0.14903846153846162
0 0.7524038461538461 0.08413461538461547 0.6899038461538461 0.08413461538461545 0.6899038461538461 0.18750000000000006 0.7524038461538461 0.18750000000000006
0 0.9086538461538461 0.09134615384615395 0.8341346153846154 0.09134615384615395 0.8341346153846154 0.1826923076923078 0.9086538461538461 0.18269230769230782
0 0.6514423076923077 0.15144230769230774 0.25721153846153844 0.15144230769230774 0.25721153846153844 0.22355769230769235 0.6514423076923077 0.22355769230769237
0 0.4014423076923077 0.21634615384615388 0.06009615384615388 0.21634615384615385 0.06009615384615388 0.28125000000000006 0.4014423076923077 0.28125000000000006
0 0.9014423076923077 0.2836538461538462 0.05769230769230772 0.28365384615384615 0.05769230769230774 0.35576923076923084 0.9014423076923077 0.3557692307692309
0 0.9278846153846154 0.35096153846153855 0.03846153846153851 0.35096153846153844 0.03846153846153851 0.4350961538461539 0.9278846153846154 0.43509615384615397
0 0.4870756177884615 0.4511278197115385 0.055941358173076966 0.4302422716346153 0.052498123884797764 0.501319949849812 0.4836323835001823 0.5222054979267352
0 0.4110576923076924 0.5096153846153846 0.0817307692307693 0.5096153846153846 0.0817307692307693 0.5745192307692307 0.41105769230769246 0.5745192307692307
0 0.4809342784343635 0.6017871901978082 0.09741512259615391 0.5847953221153847 0.09391139945025201 0.6638769708598841 0.47743055528846157 0.6808688389423078
0 0.8781297156922871 0.66393175518094 0.53240740625 0.6056808677884616 0.5191419873219586 0.6844118789852822 0.8648642967642457 0.7426627663777606
0 0.8227520828422042 0.7402298291026356 0.0810185192307693 0.6558061826923077 0.07327415273471892 0.7238470314742879 0.815007716346154 0.8082706778846157
0 0.6622940062878908 0.7950890623483543 0.09548611057692316 0.7226399326923079 0.08402180274494032 0.8123312820415496 0.650829698455908 0.884780411697596