2 0.981783617363109 0.16101058670506335 0 0 -0.12895709516792153 0.7863331596357651 0.8528265221951875 0.9473437463408285
0 0.8317307692307693 0.7355769230769231 0.6923076923076923 0.7355769230769231 0.6923076923076923 0.7692307692307693 0.8317307692307693 0.7692307692307693
0 0.7692307692307693 0.7091346153846154 0.6706730769230769 0.7091346153846154 0.6706730769230769 0.7355769230769231 0.7692307692307693 0.7355769230769231
0 0.8485576923076923 0.6658653846153846 0.5937500000000001 0.6658653846153846 0.5937500000000001 0.7067307692307693 0.8485576923076923 0.7067307692307693
0 0.8798076923076923 0.6129807692307694 0.6033653846153848 0.6129807692307694 0.6033653846153848 0.6586538461538461 0.8798076923076923 0.6586538461538461
0 0.8870192307692307 0.5480769230769232 0.6730769230769231 0.5480769230769232 0.6730769230769231 0.5937500000000001 0.8870192307692307 0.5937500000000001
0 0.35336538461538475 0.6153846153846154 7.536287994752943e-17 0.6153846153846154 7.948428744465996e-17 0.6826923076923077 0.35336538461538475 0.6826923076923077
0 0.2860576923076924 0.5793269230769231 7.094708620060388e-17 0.5793269230769231 7.330217619896417e-17 0.6177884615384616 0.2860576923076924 0.6177884615384616
0 0.358173076923077 0.5456730769230769 6.682567870347336e-17 0.5456730769230769 6.932796182673116e-17 0.5865384615384616 0.35817307692307704 0.5865384615384616
0 0.32211538461538464 0.5072115384615384 6.211549870675278e-17 0.5072115384615384 6.491216807980562e-17 0.5528846153846154 0.32211538461538464 0.5528846153846154
0 0.9012345 0.386576264423077 0.5274222211538462 0.3082858701923078 0.517336287675575 0.3564430651438371 0.8911485665217289 0.43473345937460633