2 0.9175541033653847 0.8952159110576924 0.8758554107351284 -0.00283274473332887 -0.023994344100456942 0.038949577525424224 0.017704348529799265 0.9369982333164455
0 0.8578837163461538 0.6457160216346155 0.8564043325852823 0.5603026593317801 0.646854294123744 0.563932125677934 0.6483336778846154 0.6493454879807694
0 0.8544269525307696 0.5493501324412638 0.8482206850961537 0.49406488221153855 0.6083504633346148 0.5209924757318134 0.6145567307692307 0.5762777259615386
0 0.8528683096853165 0.4894974436117946 0.8479548004807693 0.44048390625 0.592546788872376 0.4660880491766669 0.597460298076923 0.5151015865384616
0 0.8622262252386812 0.43471927095681545 0.8526467331730768 0.3673194471153846 0.5893811617805494 0.4047372074085692 0.5989606538461539 0.47213703125000006
0 0.5168269230769231 0.1850961538461539 0.41346153846153844 0.1850961538461539 0.41346153846153844 0.2716346153846155 0.5168269230769231 0.2716346153846155
0 0.5096153846153846 0.2908653846153847 0.2860576923076924 0.2908653846153847 0.2860576923076924 0.3918269230769231 0.5096153846153846 0.3918269230769231
0 0.4951923076923077 0.39663461538461536 0.295673076923077 0.39663461538461536 0.295673076923077 0.49038461538461536 0.4951923076923077 0.49038461538461536
0 0.4879807692307693 0.49038461538461536 0.34375 0.49038461538461536 0.34375000000000006 0.5721153846153846 0.4879807692307694 0.5721153846153846
0 0.5216346153846155 0.59375 0.17067307692307698 0.59375 0.17067307692307698 0.7067307692307693 0.5216346153846155 0.7067307692307693
0 0.25745771375422677 0.3982334640147392 0.2473057596153846 0.3532678004807692 0.13533153864961933 0.3785483605044916 0.1454834927884615 0.42351402403846156
0 0.259055843416311 0.5984312214273051 0.25506363701923074 0.5551043100961538 0.11708007485291977 0.5678183218419255 0.12107228125 0.6111452331730768
0 0.2716346153846155 0.49759615384615385 0.1129807692307693 0.49759615384615385 0.1129807692307693 0.5552884615384616 0.2716346153846155 0.5552884615384616
0 0.2524038461538462 0.4639423076923077 0.19951923076923084 0.4639423076923077 0.19951923076923084 0.5 0.2524038461538462 0.5
0 0.2548076923076924 0.41346153846153844 0.07932692307692311 0.41346153846153844 0.07932692307692313 0.4639423076923077 0.2548076923076924 0.4639423076923077