0 0.3942307692307692 0.09134615384615388 0.30288461538461536 0.09134615384615388 0.30288461538461536 0.23076923076923084 0.3942307692307692 0.23076923076923084
0 0.4639423076923077 0.08894230769230774 0.4014423076923077 0.08894230769230772 0.4014423076923077 0.25000000000000006 0.4639423076923077 0.25000000000000006
0 0.5288461538461539 0.10096153846153853 0.46875 0.10096153846153853 0.46875 0.26201923076923084 0.5288461538461539 0.26201923076923084
0 0.5961538461538461 0.10096153846153853 0.5288461538461539 0.10096153846153853 0.5288461538461539 0.25721153846153855 0.5961538461538461 0.25721153846153855
0 0.41346153846153855 0.32211538461538464 0.2788461538461539 0.32211538461538464 0.2788461538461539 0.7235576923076923 0.4134615384615386 0.7235576923076923
0 0.5432692307692307 0.3557692307692308 0.43509615384615385 0.3557692307692308 0.43509615384615385 0.5192307692307693 0.5432692307692307 0.5192307692307693
0 0.6634615384615384 0.3485576923076924 0.5504807692307693 0.3485576923076923 0.5504807692307693 0.5576923076923077 0.6634615384615384 0.5576923076923078
0 0.7956730769230769 0.3437500000000001 0.6899038461538461 0.3437500000000001 0.6899038461538461 0.5865384615384617 0.7956730769230769 0.5865384615384617
0 0.9110576923076923 0.3437500000000001 0.8028846153846154 0.3437500000000001 0.8028846153846154 0.4326923076923078 0.9110576923076923 0.4326923076923078
0 0.7019230769230769 0.8461538461538461 0.625 0.8461538461538461 0.625 0.9711538461538461 0.7019230769230769 0.9711538461538461
0 0.6225961538461539 0.8389423076923077 0.5769230769230771 0.8389423076923077 0.5769230769230771 0.9423076923076923 0.6225961538461539 0.9423076923076923
0 0.5865384615384617 0.8293269230769231 0.5336538461538463 0.8293269230769231 0.5336538461538463 0.9783653846153846 0.5865384615384617 0.9783653846153846
0 0.5408653846153848 0.8413461538461539 0.48317307692307704 0.8413461538461539 0.48317307692307704 0.9879807692307693 0.5408653846153848 0.9879807692307693
0 0.4879807692307694 0.8365384615384616 0.4326923076923078 0.8365384615384616 0.4326923076923078 0.96875 0.4879807692307694 0.96875
0 0.42788461538461553 0.8341346153846154 0.3677884615384617 0.8341346153846154 0.3677884615384617 0.9038461538461539 0.42788461538461553 0.9038461538461539
0 0.3677884615384617 0.8028846153846154 0.2908653846153847 0.8028846153846154 0.2908653846153847 0.9591346153846154 0.3677884615384617 0.9591346153846154
1 1 0.6514423076923077 0.4182692307692309 0.6514423076923077 0.4182692307692309 0.8701923076923077 1 0.8701923076923077
2 0.9781360264423078 1.0000000000000002 0.9739174983144822 0.02460811019680657 0.057914560096153846 0.028569783653846156 0.062133088223979525 1.0039616734570396