1 0.9975961538461539 0.03125000000000008 0.3701923076923077 0.03125000000000004 0.3701923076923077 0.3341346153846155 0.9975961538461539 0.33413461538461553
0 0.36778846153846156 0.04326923076923081 0.28846153846153844 0.0432692307692308 0.28846153846153844 0.18028846153846162 0.36778846153846156 0.18028846153846162
0 0.4375 0.040865384615384664 0.37740384615384615 0.040865384615384664 0.37740384615384615 0.18990384615384623 0.4375 0.18990384615384623
0 0.5 0.03605769230769236 0.44471153846153844 0.03605769230769236 0.44471153846153844 0.19230769230769237 0.5 0.19230769230769237
0 0.5576923076923077 0.024038461538461602 0.49278846153846156 0.0240384615384616 0.49278846153846156 0.18028846153846162 0.5576923076923077 0.18028846153846162
0 0.35576923076923084 0.2884615384615385 0.23076923076923084 0.28846153846153844 0.23076923076923084 0.6778846153846154 0.3557692307692309 0.6778846153846154
0 0.49278846153846156 0.2836538461538462 0.39903846153846156 0.2836538461538462 0.39903846153846156 0.4495192307692308 0.49278846153846156 0.4495192307692308
0 0.6105769230769231 0.26682692307692313 0.5168269230769231 0.26682692307692313 0.5168269230769231 0.4711538461538462 0.6105769230769231 0.4711538461538463
0 0.2860576923076924 0.7740384615384616 0.2067307692307693 0.7740384615384616 0.20673076923076933 0.9254807692307693 0.28605769230769246 0.9254807692307693
0 0.3509615384615386 0.7908653846153846 0.2836538461538462 0.7908653846153846 0.28365384615384626 0.8509615384615384 0.3509615384615386 0.8509615384615384
0 0.5865384615384617 0.7644230769230769 0.543269230769231 0.7644230769230769 0.543269230769231 0.8846153846153846 0.5865384615384617 0.8846153846153846
0 0.5384615384615385 0.7692307692307693 0.4879807692307694 0.7692307692307693 0.4879807692307694 0.8629807692307693 0.5384615384615385 0.8629807692307693
0 0.49038461538461553 0.7740384615384616 0.4495192307692309 0.7740384615384616 0.4495192307692309 0.9014423076923077 0.49038461538461553 0.9014423076923077
0 0.44711538461538475 0.7764423076923077 0.39663461538461553 0.7764423076923077 0.39663461538461553 0.9230769230769231 0.44711538461538475 0.9230769230769231
0 0.39663461538461553 0.78125 0.3461538461538463 0.78125 0.3461538461538463 0.9134615384615384 0.39663461538461553 0.9134615384615384
2 0.9380144326923077 7.892009413622401e-17 0.05491313701923077 2.4845735382778302e-17 0.05491313701923083 0.9648782355769231 0.9380144326923077 0.9648782355769231