1 0.4110576923076924 0.3557692307692308 0.14903846153846156 0.3557692307692308 0.14903846153846162 0.9807692307692307 0.41105769230769246 0.9807692307692307
0 0.21394230769230776 0.2980769230769231 0.08894230769230772 0.2980769230769231 0.08894230769230772 0.36778846153846156 0.21394230769230776 0.36778846153846156
0 0.18990384615384623 0.38221153846153844 0.08894230769230772 0.38221153846153844 0.08894230769230774 0.4495192307692308 0.18990384615384623 0.4495192307692308
0 0.18990384615384623 0.4543269230769231 0.0865384615384616 0.4543269230769231 0.0865384615384616 0.5096153846153846 0.18990384615384623 0.5096153846153846
0 0.9350961538461539 0.14903846153846165 0.8004807692307693 0.14903846153846165 0.8004807692307693 0.22836538461538472 0.9350961538461539 0.22836538461538475
0 0.8774038461538461 0.22836538461538472 0.8149038461538461 0.2283653846153847 0.8149038461538461 0.28846153846153855 0.8774038461538461 0.2884615384615386
0 0.22365495963980567 0.542120093740151 0.21291369186981615 0.494439605074778 0.06909066492231818 0.5268394752769348 0.07983193269230768 0.5745199639423078
0 0.22900247547491548 0.5949180799122946 0.2176470576923077 0.5425175264423077 0.07267819519816145 0.573932881626167 0.08403361298076922 0.6263334350961538
0 0.960388429570364 0.3110933034073367 0.9487394951923077 0.2666869855769231 0.8043174526411746 0.3045726509195864 0.8159663870192309 0.34897896875
0 0.9610424082837761 0.3680671755327731 0.9546218485576924 0.3185004567307692 0.8196298609469934 0.33598646629414985 0.8260504206730771 0.3855531850961538
0 0.9420168076923077 0.4099359951923078 0.9347249038376371 0.372490766707801 0.809514819703022 0.3968735768039548 0.8168067235576923 0.43431880528846156
0 0.9193269563346111 0.44859655285674277 0.9109243701923077 0.41450777163461533 0.8142864883769273 0.438328163489411 0.8226890745192306 0.4724169447115384
0 0.9346983030444638 0.5099650159710897 0.9285714278846153 0.45108198798076926 0.820763879647844 0.462299539317372 0.8268907548076925 0.5211825673076924
2 0.986456915574083 0.9104689708252305 0.9596638653846153 0.03047851201923078 0.029536782257183446 0.0587980709092556 0.056329832446651136 0.9387885297152553