2 1.0132401052943945 0.07306617352494851 0.10060216891872457 0.03767091379896442 0.06421807183179072 0.9758052159449341 0.9768560082074605 1.011200475670918
0 0.7307692307692307 0.09134615384615394 0.6394230769230769 0.09134615384615391 0.6394230769230769 0.2163461538461539 0.7307692307692307 0.2163461538461539
0 0.6346153846153846 0.09375000000000007 0.5793269230769231 0.09375000000000007 0.5793269230769231 0.23076923076923084 0.6346153846153846 0.23076923076923084
0 0.5793269230769231 0.08413461538461545 0.5120192307692307 0.08413461538461545 0.5120192307692307 0.2283653846153847 0.5793269230769231 0.2283653846153847
0 0.5144230769230769 0.08413461538461545 0.45913461538461536 0.08413461538461545 0.45913461538461536 0.2163461538461539 0.5144230769230769 0.2163461538461539
0 0.7908653846153846 0.295673076923077 0.6634615384615384 0.295673076923077 0.6634615384615384 0.6754807692307693 0.7908653846153846 0.6754807692307693
0 0.625 0.3100961538461539 0.5144230769230769 0.31009615384615385 0.5144230769230769 0.45432692307692313 0.625 0.45432692307692324
0 0.49759615384615385 0.295673076923077 0.40384615384615385 0.295673076923077 0.40384615384615385 0.49278846153846156 0.49759615384615385 0.49278846153846156
0 0.3798076923076923 0.28125000000000006 0.2692307692307693 0.28125 0.2692307692307693 0.4855769230769231 0.3798076923076923 0.4855769230769231
0 0.264423076923077 0.2668269230769231 0.16105769230769232 0.2668269230769231 0.16105769230769235 0.3485576923076923 0.264423076923077 0.3485576923076923
0 0.6610576923076923 0.5576923076923078 0.5841346153846154 0.5576923076923078 0.5841346153846154 0.7716346153846154 0.6610576923076923 0.7716346153846154
0 0.5625000000000001 0.5408653846153847 0.4855769230769231 0.5408653846153846 0.48557692307692313 0.7668269230769231 0.5625000000000001 0.7668269230769231
0 0.483173076923077 0.5552884615384616 0.4326923076923077 0.5552884615384616 0.43269230769230776 0.6225961538461539 0.48317307692307704 0.6225961538461539
0 0.4110576923076924 0.5408653846153846 0.33413461538461536 0.5408653846153846 0.3341346153846155 0.8076923076923077 0.41105769230769246 0.8076923076923077
0 0.3365384615384616 0.5480769230769231 0.2692307692307693 0.5480769230769231 0.2692307692307693 0.6850961538461539 0.3365384615384617 0.6850961538461539
0 0.4615384615384617 0.8028846153846154 0.4014423076923078 0.8028846153846154 0.4014423076923078 0.9399038461538461 0.4615384615384617 0.9399038461538461
0 0.512019230769231 0.8052884615384616 0.4615384615384617 0.8052884615384616 0.4615384615384617 0.9134615384615384 0.512019230769231 0.9134615384615384
0 0.560096153846154 0.7980769230769231 0.5072115384615385 0.7980769230769231 0.5072115384615385 0.9543269230769231 0.560096153846154 0.9543269230769231
0 0.6105769230769232 0.8100961538461539 0.560096153846154 0.8100961538461539 0.560096153846154 0.9807692307692307 0.6105769230769232 0.9807692307692307
0 0.6754807692307693 0.8125 0.6153846153846154 0.8125 0.6153846153846154 0.9639423076923077 0.6754807692307693 0.9639423076923077
0 0.75 0.8221153846153846 0.6754807692307693 0.8221153846153846 0.6754807692307693 0.8894230769230769 0.75 0.8894230769230769
0 0.8149038461538461 0.8004807692307693 0.7379807692307693 0.8004807692307693 0.7379807692307693 0.9759615384615384 0.8149038461538461 0.9759615384615384