0 0.8341346153846154 0.19230769230769237 0.7524038461538461 0.19230769230769237 0.7524038461538461 0.3365384615384617 0.8341346153846154 0.3365384615384617
0 0.19951923076923084 0.40384615384615385 0.1274038461538462 0.40384615384615385 0.12740384615384623 0.7596153846153846 0.19951923076923084 0.7596153846153846
0 0.2596153846153847 0.4206730769230769 0.18750000000000006 0.4206730769230769 0.18750000000000006 0.65625 0.2596153846153847 0.65625
0 0.3149038461538462 0.4110576923076923 0.2524038461538462 0.4110576923076923 0.2524038461538462 0.6129807692307693 0.3149038461538463 0.6129807692307693
0 0.389423076923077 0.4254807692307692 0.3269230769230769 0.4254807692307692 0.326923076923077 0.5769230769230769 0.38942307692307704 0.5769230769230769
0 0.4471153846153847 0.40384615384615385 0.375 0.40384615384615385 0.37500000000000006 0.6057692307692307 0.44711538461538475 0.6057692307692307
0 0.8190148241932514 0.6393192311056838 0.7448305008228697 0.23228119045546977 0.6918714423076923 0.24193319230769228 0.766055765678074 0.6489712329579063
0 0.7167613701923078 0.43245746875 0.6960555432692309 0.2421524711538462 0.6492194141248215 0.24724840029948528 0.6699252410478985 0.43755339789563913
0 0.6560558125000001 0.34083631250000007 0.632061243648707 0.24046930402246075 0.5704629777221497 0.25519549597851376 0.5944575465734429 0.355562504456053
0 0.6088958774038461 0.657159074519231 0.5713449217193934 0.250110045795514 0.5009211201923077 0.2566067596153846 0.5384720758767604 0.6636557883391014
0 0.5051901009615385 0.7031425216346154 0.4881775673076923 0.2641658509615385 0.41925622062061796 0.2668368966191231 0.4362687542744642 0.7058135672922
2 0.9752728221153847 0.05672813942307699 5.367959400493368e-17 0.05672813942307693 1.1143833724399856e-16 1 0.9752728221153847 1