2 0.9967637548076922 0.017398576923076895 0.017259978365384614 0.00030127403846154046 -0.000026805648109445857 0.9906604165320055 0.9794769707941983 1.007757719416621
0 0.21860762019230773 0.9441523725961538 0.19297225386232672 0.7649900648698549 0.1557188581730769 0.7703204519230771 0.18135422450305788 0.949482759649376
0 0.26569657692307697 0.9118472091346155 0.2588785226057956 0.7481114696956322 0.21295904807692312 0.7500235841346156 0.2197771023942045 0.9137593235735988
0 0.31009615384615397 0.7451923076923077 0.264423076923077 0.7451923076923077 0.26442307692307704 0.9182692307692307 0.31009615384615397 0.9182692307692307
0 0.3389423076923078 0.8317307692307693 0.3076923076923078 0.8317307692307693 0.3076923076923078 0.9350961538461539 0.3389423076923078 0.9350961538461539
0 0.39182692307692324 0.8798076923076923 0.3437500000000001 0.8798076923076923 0.3437500000000001 0.9783653846153846 0.39182692307692324 0.9783653846153846
0 0.2524038461538462 0.3269230769230769 0.19230769230769237 0.3269230769230769 0.19230769230769237 0.36538461538461536 0.2524038461538462 0.36538461538461536
0 0.23557692307692307 0.17067307692307693 0.16105769230769232 0.17067307692307693 0.16105769230769232 0.2283653846153846 0.23557692307692307 0.2283653846153846
0 0.3317307692307692 0.3245192307692308 0.26682692307692313 0.3245192307692308 0.26682692307692313 0.3798076923076923 0.3317307692307692 0.3798076923076923
0 0.3125 0.18028846153846156 0.25961538461538464 0.18028846153846154 0.25961538461538464 0.2355769230769231 0.3125 0.23557692307692316
0 0.37740384615384615 0.20432692307692316 0.32211538461538464 0.20432692307692316 0.32211538461538464 0.2548076923076924 0.37740384615384615 0.2548076923076924
0 0.3918269230769231 0.34615384615384615 0.34134615384615385 0.34615384615384615 0.34134615384615385 0.40865384615384615 0.3918269230769231 0.40865384615384615
0 0.45633664075070585 0.2525599132931871 0.40125298076923077 0.24812190144230772 0.3839229626146788 0.4632184040145052 0.43900662259615386 0.46765641586538464
0 0.4880550817307693 0.36794813221153844 0.44392257549900693 0.3673074065901097 0.4432700274220839 0.4122542311093405 0.4874025336538462 0.41289495673076926
0 0.522442201923077 0.16860261538461546 0.4739395740073118 0.16376093936033917 0.4617962639111578 0.28540940330264686 0.510298891826923 0.2902510793269232
0 0.5604675576067505 0.3862911237862096 0.5128131947115384 0.3766620649038461 0.5041146008167314 0.41971154203400035 0.5517689637119434 0.4293406009163637
0 0.6057692307692307 0.4014423076923078 0.5625 0.4014423076923078 0.5625 0.44711538461538475 0.6057692307692307 0.44711538461538475
0 0.5865384615384616 0.24278846153846162 0.5216346153846154 0.24278846153846162 0.5216346153846154 0.3317307692307693 0.5865384615384616 0.3317307692307694
0 0.6875 0.41105769230769246 0.625 0.41105769230769246 0.625 0.4495192307692309 0.6875 0.4495192307692309
0 0.6947115384615384 0.3149038461538463 0.6346153846153846 0.3149038461538463 0.6346153846153846 0.3629807692307694 0.6947115384615384 0.3629807692307694
0 0.18750000000000006 0.46634615384615385 0.1129807692307693 0.46634615384615385 0.1129807692307693 0.6730769230769231 0.18750000000000006 0.6730769230769231
0 0.24519230769230776 0.46634615384615385 0.19230769230769237 0.46634615384615385 0.19230769230769237 0.6875 0.24519230769230776 0.6875
0 0.29326923076923084 0.4879807692307692 0.24038461538461545 0.4879807692307692 0.24038461538461545 0.7043269230769231 0.29326923076923084 0.7043269230769231
0 0.34375000000000006 0.5360576923076923 0.2908653846153847 0.5360576923076923 0.2908653846153847 0.7091346153846154 0.3437500000000001 0.7091346153846154
0 0.38701923076923084 0.47836538461538464 0.34134615384615385 0.47836538461538464 0.3413461538461539 0.7163461538461539 0.3870192307692309 0.7163461538461539
0 0.43750000000000006 0.5264423076923077 0.3918269230769231 0.5264423076923077 0.39182692307692313 0.7211538461538461 0.4375000000000001 0.7211538461538461
0 0.4903846153846155 0.5120192307692307 0.43028846153846156 0.5120192307692307 0.4302884615384616 0.7259615384615384 0.49038461538461553 0.7259615384615384
0 0.545673076923077 0.5144230769230769 0.4855769230769231 0.5144230769230769 0.48557692307692313 0.7331730769230769 0.5456730769230771 0.7331730769230769
0 0.4487737631006831 0.7700487514751759 0.40845891105769233 0.7652671586538461 0.3847951324472743 0.9647826274744985 0.42510998449026505 0.9695642202958283
0 0.4916103949031558 0.7546802238213512 0.4501115384615385 0.7482475432692308 0.4153289704814597 0.9726387256978796 0.456827826923077 0.97907140625
0 0.541114427222636 0.7714295896840747 0.49654795192307694 0.7608892019230769 0.4477551937742187 0.9671929262400083 0.4923216690737778 0.977733314001006
0 0.5839801476532366 0.7751135805122167 0.5450780507638178 0.7651405530419726 0.4924574559951967 0.9703993355105253 0.5313595528846154 0.9803723629807695
0 0.6317278149038462 0.7916434375000001 0.5880810750387064 0.7762280783659912 0.5205136891316798 0.9675370248792954 0.5641604289968197 0.9829523840133044