2 0.9820947295566603 0.09041512584788412 0.02362021153846154 0.03529513221153846 -0.030337799237803033 0.9735640789245343 0.9281367187803957 1.02868407256088
0 0.20192307692307698 0.28846153846153844 0.05288461538461542 0.28846153846153844 0.052884615384615426 0.38221153846153844 0.20192307692307698 0.38221153846153844
0 0.20432692307692316 0.38221153846153844 0.05288461538461543 0.38221153846153844 0.05288461538461543 0.4543269230769231 0.20432692307692316 0.4543269230769231
0 0.20913461538461545 0.44711538461538464 0.04807692307692313 0.44711538461538464 0.048076923076923135 0.5240384615384616 0.20913461538461545 0.5240384615384616
0 0.1971153846153847 0.5144230769230769 0.040865384615384685 0.5144230769230769 0.040865384615384685 0.5985576923076923 0.1971153846153847 0.5985576923076923
0 0.6706730769230769 0.2596153846153847 0.29086538461538464 0.2596153846153847 0.29086538461538464 0.4158653846153847 0.6706730769230769 0.41586538461538475
0 0.44711538461538464 0.43028846153846156 0.3004807692307693 0.43028846153846156 0.3004807692307693 0.5552884615384616 0.44711538461538464 0.5552884615384616
0 0.4879807692307693 0.5552884615384616 0.2860576923076924 0.5552884615384616 0.2860576923076924 0.6706730769230769 0.4879807692307694 0.6706730769230769
0 0.4951923076923078 0.6971153846153846 0.2692307692307693 0.6971153846153846 0.2692307692307693 0.8197115384615384 0.4951923076923078 0.8197115384615384
0 0.34134615384615397 0.8149038461538461 0.2596153846153847 0.8149038461538461 0.2596153846153847 0.9134615384615384 0.34134615384615397 0.9134615384615384
0 0.7572115384615384 0.4278846153846155 0.5576923076923077 0.42788461538461536 0.5576923076923077 0.5192307692307693 0.7572115384615384 0.5192307692307694
0 0.75 0.5168269230769231 0.5384615384615384 0.5168269230769231 0.5384615384615385 0.625 0.75 0.625
0 0.6274038461538461 0.6105769230769231 0.5480769230769232 0.6105769230769231 0.5480769230769232 0.6658653846153846 0.6274038461538461 0.6658653846153846
0 0.7836538461538461 0.6754807692307693 0.5456730769230771 0.6754807692307693 0.5456730769230771 0.7668269230769231 0.7836538461538461 0.7668269230769231
0 0.6778846153846154 0.7475961538461539 0.5408653846153848 0.7475961538461539 0.5408653846153848 0.8221153846153846 0.6778846153846154 0.8221153846153846
0 0.9399038461538461 0.29567307692307704 0.7836538461538461 0.295673076923077 0.7836538461538461 0.38942307692307704 0.9399038461538461 0.38942307692307704
0 0.8629807692307693 0.37980769230769246 0.7980769230769231 0.37980769230769246 0.7980769230769231 0.4495192307692309 0.8629807692307693 0.4495192307692309
0 0.9278846153846154 0.44230769230769246 0.7956730769230769 0.44230769230769246 0.7956730769230769 0.5096153846153848 0.9278846153846154 0.5096153846153848
0 0.9447115384615384 0.5024038461538463 0.7884615384615384 0.5024038461538463 0.7884615384615384 0.5649038461538463 0.9447115384615384 0.5649038461538463
0 0.9230769230769231 0.5552884615384617 0.78125 0.5552884615384617 0.78125 0.6129807692307694 0.9230769230769231 0.6129807692307694
0 0.8870192307692307 0.6009615384615385 0.7836538461538461 0.6009615384615385 0.7836538461538461 0.6514423076923077 0.8870192307692307 0.6514423076923077
0 0.9014423076923077 0.6490384615384616 0.78125 0.6490384615384616 0.78125 0.7115384615384616 0.9014423076923077 0.7115384615384616