0 0.7163461538461539 0.4158653846153847 0.53125 0.41586538461538464 0.53125 0.5000000000000001 0.7163461538461539 0.5000000000000001
0 0.21394230769230776 0.65625 0.04807692307692316 0.65625 0.04807692307692316 0.7331730769230769 0.21394230769230776 0.7331730769230769
0 0.22596153846153852 0.59375 0.052884615384615453 0.59375 0.05288461538461546 0.6658653846153846 0.22596153846153852 0.6658653846153846
0 0.5 0.264423076923077 0.2668269230769231 0.2644230769230769 0.26682692307692313 0.3389423076923077 0.5 0.3389423076923077
0 0.5096153846153846 0.33653846153846156 0.2692307692307693 0.33653846153846156 0.2692307692307693 0.4182692307692308 0.5096153846153846 0.4182692307692308
0 0.5072115384615384 0.46634615384615385 0.264423076923077 0.46634615384615385 0.264423076923077 0.5552884615384616 0.5072115384615384 0.5552884615384616
0 0.48557692307692313 0.5576923076923077 0.2740384615384616 0.5576923076923077 0.2740384615384616 0.6201923076923077 0.48557692307692324 0.6201923076923077
0 0.20668722397327371 0.7545261408280862 0.06024833653846163 0.743602637019231 0.05545153083441877 0.8079079096526832 0.20189041826923082 0.8188314134615384
0 0.5114834639423079 0.7840096490384615 0.30239366144684127 0.7719727657802294 0.29785978163914895 0.8507297008763833 0.5069495841346155 0.8627665841346155
0 0.5206693698442998 0.6949464326173707 0.2849540407748391 0.6884072394931299 0.2828948800651548 0.7626328717796055 0.5186102091346155 0.7691720649038463
0 0.4982701322115386 0.6193982836538463 0.27350306505904504 0.6095805178167987 0.27033687996289124 0.6820668807975678 0.49510394711538475 0.6918846466346155
0 0.21783257904151102 0.45457196346331674 0.21667635576923078 0.39653171153846156 0.03787745201289774 0.4000935750163961 0.03903367528517794 0.45813382694125127
0 0.23791495225884723 0.314116977949092 0.22891191586538462 0.25124960817307695 0.016214482837306612 0.28170933214706195 0.025217519230769234 0.344576701923077
0 0.8125 0.8076923076923077 0.7379807692307693 0.8076923076923077 0.7379807692307693 0.8870192307692307 0.8125 0.8870192307692307
0 0.6394230769230769 0.6730769230769231 0.5961538461538463 0.6730769230769231 0.5961538461538463 0.7451923076923077 0.6394230769230769 0.7451923076923077
0 0.7620192307692307 0.6730769230769231 0.7115384615384616 0.6730769230769231 0.7115384615384616 0.7716346153846154 0.7620192307692307 0.7716346153846154
0 0.6274038461538461 0.5793269230769232 0.5889423076923078 0.5793269230769232 0.5889423076923078 0.6490384615384616 0.6274038461538461 0.6490384615384616
0 0.7451923076923077 0.5961538461538463 0.7067307692307693 0.5961538461538463 0.7067307692307693 0.6634615384615384 0.7451923076923077 0.6634615384615384
0 0.6394230769230769 0.5048076923076924 0.5793269230769231 0.5048076923076924 0.5793269230769231 0.5625000000000001 0.6394230769230769 0.5625000000000001
0 0.7379807692307693 0.512019230769231 0.6947115384615384 0.512019230769231 0.6947115384615384 0.5697115384615385 0.7379807692307693 0.5697115384615385
0 0.7836538461538461 0.3317307692307694 0.7043269230769231 0.3317307692307694 0.7043269230769231 0.40384615384615397 0.7836538461538461 0.40384615384615397
0 0.6298076923076923 0.36538461538461553 0.5769230769230769 0.36538461538461553 0.5769230769230769 0.4182692307692309 0.6298076923076923 0.4182692307692309
2 0.9836088365384619 1.2596761240939276e-16 0.0002484726807705186 -0.014763910292442327 -0.014016279723075786 0.9353497002844808 0.9693440841346155 0.9501136105769233
0 0.24212201923076926 0.24642469951923077 0.22610284615384618 0.17494379567307694 0.020561757953720373 0.2210064234398366 0.03658093103064343 0.2924873272859904
0 0.23143324318116806 0.17604426587253993 0.21162104163001969 0.07741781919112153 0.03999403883346702 0.11189446197242775 0.0598062403846154 0.21052090865384615