2 1.0058606517506208 0.04307861301819845 0.03176959134615385 0.010941262019230761 0.0025774588263023624 0.8957620215971863 0.9766685192307692 0.9278993725961541
0 0.3804572736003562 0.1838431694173413 0.11261423798076925 0.1327667427884615 0.09642250524579772 0.2176756358711202 0.36426554086538465 0.2687520625
0 0.35656432423368944 0.2857844213499837 0.08884347596153849 0.23906449278846154 0.08178116134323363 0.2795339224000163 0.34950200961538463 0.3262538509615384
0 0.3515390760296229 0.32291951424764476 0.0949541466346154 0.29127023076923075 0.08855399127806939 0.34315713719466284 0.3451389206730769 0.3748064206730769
0 0.3303250765082687 0.37217662813140084 0.12659538701923084 0.3400369302884616 0.11844504634572037 0.3917009621894008 0.32217473583475825 0.42384066003234006
0 0.33033873317307705 0.4260070120192308 0.09011589235134053 0.4148199717799365 0.08782891826923084 0.46392888701923074 0.3280517590909673 0.47511592725852503
0 0.32017046634615387 0.4748638173076923 0.06955466520634632 0.46270011439016384 0.06719343802911795 0.5113498425779031 0.3178092391689255 0.5235135454954315
0 0.3172005889423077 0.5632631225961539 0.31639488294996965 0.5191647750372298 0.1317535560268927 0.522538294267999 0.13255926201923077 0.5666366418269231
0 0.3222731227478406 0.569387228744799 0.1058729661438919 0.5686270378585321 0.10572562945374371 0.6105687177675794 0.3221257860576924 0.6113289086538463
0 0.3275472653614623 0.619521401952141 0.0919131973625496 0.6084315098447333 0.08902645432692316 0.6697679951923077 0.32466052232583587 0.6808578872997154
0 0.31576619547851664 0.7125120969957877 0.31291115559449584 0.6580346952208505 0.03888666925059462 0.6723957112058321 0.04174170913461539 0.7268731129807693