2 1.0041532299005338 0.9179271510441536 0.9839310658995433 -0.009001244412263338 -0.0009718587125289461 0.012485710312813866 0.019250305288461535 0.9394141057692307
0 0.3746967482964943 0.7716214908128737 0.3681804927884616 0.6856272283653847 0.09239691997273651 0.7065248577448189 0.09891317548076922 0.7925191201923079
0 0.3469411279329718 0.6629380517855284 0.33793552884615374 0.6044133677884613 0.06500525668241279 0.6464110419644715 0.07401085576923079 0.7049357259615385
0 0.34349261981748913 0.6024346705927388 0.3371557043269231 0.5597372692307693 0.08989886335558786 0.5964337813303384 0.09623577884615386 0.6391311826923078
0 0.3340095284868907 0.553648686440466 0.32639428118173136 0.5036240826069645 0.12661519019484063 0.5340364610703446 0.1342304375 0.5840610649038461
0 0.3424592580737786 0.4937298068348964 0.33904460096153843 0.44477381490384615 0.08987446889928684 0.4621533128987493 0.093289126011527 0.5111093048297995
0 0.3242089206730769 0.44291565144230777 0.3216419720352758 0.39838489284334433 0.07436262740384615 0.4126391610576923 0.0769295760416473 0.45716991965665577
0 0.3297580844251421 0.40374196973071624 0.3289050309801268 0.35487045027242503 0.11938607932692305 0.35852760817307683 0.1202391327719383 0.40739912763136804
0 0.3232851588141814 0.3453577464725796 0.3223225828984698 0.29021185873370603 0.10423594331505764 0.29401857860728026 0.10519851923076923 0.34916446634615383
0 0.3269764110576923 0.2443799350961538 0.07920618269230774 0.24376959374999999 0.0790849812147352 0.29297176228341165 0.3268552095801198 0.2935821036295655
0 0.3196212212355596 0.1946640688615472 0.0460278988597519 0.17910637131392124 0.04312815144230772 0.23010051923076927 0.3167214738181154 0.24565821677839522
0 0.31978818028846157 0.14501603605769237 0.2247313485576924 0.14476314663461542 0.22460425045508495 0.19253716108669391 0.3196610821858542 0.19279005050977086