2 1 0.0540988966346155 7.316800230596388e-18 0.05409889663461544 6.523653815791479e-17 1 1 1
0 0.9375 0.43509615384615397 0.8509615384615384 0.43509615384615397 0.8509615384615384 0.6418269230769231 0.9375 0.6418269230769231
0 0.9182692307692307 0.2860576923076924 0.8125 0.2860576923076924 0.8125 0.35336538461538475 0.9182692307692307 0.35336538461538475
0 0.9086538461538461 0.1298076923076924 0.8173076923076923 0.1298076923076924 0.8173076923076923 0.20913461538461547 0.9086538461538461 0.20913461538461553
0 0.8485576923076923 0.38461538461538475 0.7764423076923077 0.38461538461538475 0.7764423076923077 0.78125 0.8485576923076923 0.78125
0 0.7860576923076923 0.6322115384615384 0.7211538461538461 0.6322115384615384 0.7211538461538461 0.9759615384615384 0.7860576923076923 0.9759615384615384
0 0.7163461538461539 0.12740384615384623 0.6442307692307693 0.12740384615384623 0.6442307692307693 0.9759615384615384 0.7163461538461539 0.9759615384615384
0 0.6490384615384616 0.09855769230769237 0.5649038461538461 0.09855769230769237 0.5649038461538463 0.9927884615384616 0.6490384615384616 0.9927884615384616
0 0.5697577283653845 0.970595533653846 0.5487797344386505 0.5365758760544331 0.4778613197115385 0.5400036610576924 0.49883931363827255 0.9740233186571052
0 0.49038461538461553 0.6105769230769231 0.4254807692307694 0.6105769230769231 0.4254807692307694 0.9399038461538461 0.49038461538461553 0.9399038461538461
0 0.41520467788461535 0.9219233461538461 0.39805059345289767 0.5339438806289171 0.31913116105769235 0.5374332163461538 0.33628524548941 0.9254126818710829
0 0.3943191322115384 0.4859583028846154 0.33554382272878414 0.1343860147671649 0.2573923814009838 0.14745125143630267 0.3161676908837381 0.4990235395537532
0 0.3441938173076923 0.9350125649038462 0.2594204794861702 0.1862582845303904 0.1917293221153846 0.1939222211538462 0.2765026599369067 0.9426765015273021
0 0.2773600673076923 0.9174321418269229 0.20453625812096293 0.3443011057228714 0.11535879010119135 0.35563227173156137 0.18818259928792072 0.9287633078356129