0 0.6610576923076923 0.7331730769230769 0.5769230769230771 0.7331730769230769 0.5769230769230771 0.875 0.6610576923076923 0.875
0 0.5793269230769232 0.7211538461538461 0.5024038461538463 0.7211538461538461 0.5024038461538463 0.8918269230769231 0.5793269230769232 0.8918269230769231
0 0.5048076923076924 0.7091346153846154 0.4447115384615386 0.7091346153846154 0.4447115384615386 0.8870192307692307 0.5048076923076924 0.8870192307692307
0 0.8269230769230769 9.582272430828448e-17 0.7379807692307693 9.03765786870763e-17 0.7379807692307693 0.14182692307692318 0.8269230769230769 0.14182692307692318
0 0.7403846153846154 0.06009615384615393 0.6875 0.06009615384615393 0.6875 0.13221153846153855 0.7403846153846154 0.13221153846153857
0 0.44900013701923086 0.7164172668269231 0.3920324371745202 0.7083830645361496 0.3653865240384616 0.8973198533653846 0.4223542238831723 0.905354055656158
0 0.7071074326923077 6.832141690000964e-17 0.6538442236858978 -0.01426027635875242 0.6157367314184712 0.1280740847915712 0.668999940424881 0.1423343611503237
0 0.6456167403846156 8.540177112501205e-17 0.604948024646424 -0.010314158107829003 0.5687401411586636 0.13245349249930571 0.609408856896855 0.1427676506071348
0 0.5996078437499999 6.832141690000964e-17 0.5566739792807577 -0.008215756627025561 0.528546866399261 0.13877078486726074 0.571480730868503 0.1469865414942864
0 0.5528343870192308 0.03800761057692315 0.5091789991637419 0.028893991897413825 0.4859507492047635 0.14016025141772578 0.5296061370602525 0.1492738700972351
0 0.514537889423077 0.02425350480769237 0.4480681823691058 0.02093659064676377 0.44181533413461543 0.14624130769230775 0.5082850411885866 0.14955822185323636
2 0.9497854326923078 1.1956247957501685e-16 0.07337502415121706 -0.06757109511281424 -0.005586571328105805 0.9565763460016335 0.8708238372129848 1.024147441114448
1 0.6105769230769231 0.4615384615384616 0.0024038461538462104 0.46153846153846156 0.0024038461538462338 0.8461538461538461 0.6105769230769232 0.8461538461538461