2 0.9783653846153846 0.014423076923076985 0.040865384615384616 0.014423076923076927 0.04086538461538468 1 0.9783653846153846 1
0 0.36778846153846156 0.06250000000000004 0.2860576923076923 0.06250000000000003 0.2860576923076923 0.19951923076923084 0.36778846153846156 0.19951923076923084
0 0.4375 0.05528846153846159 0.37740384615384615 0.05528846153846159 0.37740384615384615 0.21394230769230776 0.4375 0.21394230769230776
0 0.5072115384615384 0.06730769230769237 0.44711538461538464 0.06730769230769236 0.44711538461538464 0.22115384615384623 0.5072115384615384 0.22115384615384623
0 0.5625 0.06730769230769237 0.5048076923076923 0.06730769230769237 0.5048076923076923 0.21394230769230776 0.5625 0.21394230769230776
0 0.6177884615384616 0.07451923076923084 0.5649038461538461 0.07451923076923084 0.5649038461538461 0.19471153846153852 0.6177884615384616 0.19471153846153852
0 0.2932692307692309 0.8149038461538461 0.19951923076923084 0.8149038461538461 0.19951923076923087 0.9807692307692307 0.2932692307692309 0.9807692307692307
0 0.36057692307692324 0.8293269230769231 0.29326923076923084 0.8293269230769231 0.2932692307692309 0.90625 0.36057692307692324 0.90625
0 0.42067307692307704 0.8269230769230769 0.3629807692307694 0.8269230769230769 0.3629807692307694 0.9783653846153846 0.42067307692307704 0.9783653846153846
0 0.47836538461538475 0.8341346153846154 0.4254807692307694 0.8341346153846154 0.4254807692307694 1 0.47836538461538475 1
0 0.5264423076923078 0.8197115384615384 0.4759615384615386 0.8197115384615384 0.4759615384615386 0.9831730769230769 0.5264423076923078 0.9831730769230769
0 0.5721153846153848 0.8293269230769231 0.5264423076923078 0.8293269230769231 0.5264423076923078 0.9447115384615384 0.5721153846153848 0.9447115384615384
0 0.6442307692307693 0.8341346153846154 0.5697115384615385 0.8341346153846154 0.5697115384615385 0.9711538461538461 0.6442307692307693 0.9711538461538461
1 0.9903846153846154 0.576923076923077 0.35336538461538475 0.5769230769230769 0.35336538461538475 0.84375 0.9903846153846154 0.84375