2 0.9770227812500001 0.05832037259615387 0.022584447115384623 0.05054432451923078 0.01510858748281985 0.9681372899105644 0.9695469216174354 0.9759133379874876
0 0.19471153846153852 0.2932692307692308 0.06250000000000003 0.2932692307692308 0.06250000000000004 0.37259615384615385 0.19471153846153852 0.37259615384615385
0 0.19951923076923084 0.38221153846153844 0.06971153846153852 0.38221153846153844 0.06971153846153852 0.4495192307692308 0.19951923076923084 0.4495192307692308
0 0.1538461538461539 0.4543269230769231 0.060096153846153896 0.4543269230769231 0.0600961538461539 0.5096153846153846 0.1538461538461539 0.5096153846153846
0 0.1346153846153847 0.5120192307692307 0.06009615384615392 0.5120192307692307 0.06009615384615392 0.5697115384615384 0.1346153846153847 0.5697115384615384
0 0.6610576923076923 0.23557692307692316 0.2860576923076923 0.23557692307692316 0.28605769230769235 0.358173076923077 0.6610576923076923 0.35817307692307704
0 0.4495192307692308 0.41346153846153844 0.295673076923077 0.41346153846153844 0.295673076923077 0.5072115384615384 0.4495192307692308 0.5072115384615384
0 0.48557692307692313 0.5264423076923077 0.28846153846153855 0.5264423076923077 0.28846153846153855 0.6346153846153846 0.48557692307692324 0.6346153846153846
0 0.4879807692307694 0.6778846153846154 0.27644230769230776 0.6778846153846154 0.27644230769230776 0.7860576923076923 0.4879807692307694 0.7860576923076923
0 0.9278846153846154 0.5817307692307694 0.7908653846153846 0.5817307692307694 0.7908653846153846 0.6418269230769231 0.9278846153846154 0.6418269230769231
0 0.8942307692307693 0.5240384615384617 0.7884615384615384 0.5240384615384617 0.7884615384615384 0.574519230769231 0.8942307692307693 0.574519230769231
0 0.9302884615384616 0.4807692307692309 0.7884615384615384 0.4807692307692309 0.7884615384615384 0.528846153846154 0.9302884615384616 0.528846153846154
0 0.9519230769230769 0.4254807692307694 0.7932692307692307 0.4254807692307694 0.7932692307692307 0.47355769230769246 0.9519230769230769 0.47355769230769246
0 0.9326923076923077 0.36057692307692324 0.7884615384615384 0.36057692307692324 0.7884615384615384 0.4182692307692309 0.9326923076923077 0.4182692307692309
0 0.8677884615384616 0.29567307692307704 0.7956730769230769 0.295673076923077 0.7956730769230769 0.34855769230769246 0.8677884615384616 0.34855769230769246
0 0.9423076923076923 0.21153846153846165 0.7788461538461539 0.21153846153846162 0.7788461538461539 0.2908653846153847 0.9423076923076923 0.29086538461538475
1 0.2716346153846155 0.42788461538461536 0.06250000000000006 0.42788461538461536 0.06250000000000008 0.9759615384615384 0.27163461538461553 0.9759615384615384