2 0.9827661346153846 6.017707005335738e-17 0 0 5.967569715150333e-17 0.97457809375 0.9827661346153846 0.97457809375
0 0.2058680526756121 0.7417685605774659 0.06327172115384626 0.722312766826923 0.05445172106489633 0.7869567321583717 0.19704805258666222 0.8064125259089145
0 0.49880219230769235 0.7950788245192307 0.2912724254807693 0.7645809759615385 0.28106981291103345 0.8340070472339883 0.4885995797379565 0.8645048957916805
0 0.5038508855523135 0.713055364887879 0.2882341274038462 0.6734461442307692 0.2744487531878607 0.7484882089067053 0.49006551133632803 0.7880974295638151
0 0.4945143009132235 0.6339045747477391 0.2709628251807842 0.601979152699152 0.26066790407525303 0.6740673087206438 0.48421937980769236 0.7059927307692307
0 0.49502724038461543 0.4958827668269231 0.26886481883566565 0.47969117833160113 0.26304586931643487 0.5609696591008319 0.48920829086538475 0.5771612475961538
0 0.4756524139224151 0.41508397921550905 0.27381756140120483 0.4079536219374295 0.2713086522864821 0.4789718446449975 0.47314350480769235 0.48610220192307707
0 0.4982920841346154 0.35120870432692314 0.2614220206541251 0.3319715251413365 0.25546472738489434 0.4053245059105671 0.4923347908653847 0.42456168509615383
0 0.48370927163461547 0.2621226129807693 0.26854837244129975 0.2583945176896816 0.2671061657105305 0.3416291114396816 0.4822670649038462 0.34535720673076925
0 0.7085422530915658 0.4451536236671915 0.5274644795795089 0.44410014406054477 0.5270612745648662 0.5134052030856611 0.7081390480769231 0.5144586826923079
0 0.20902728365384618 0.44800725721153845 0.20799213876029785 0.39044231917017946 0.040159055172883915 0.3934603291838299 0.041194200066432256 0.4510252672251888
0 0.22596153846153852 0.65625 0.05288461538461547 0.65625 0.05288461538461547 0.7115384615384616 0.22596153846153852 0.7115384615384616
0 0.22115384615384623 0.5817307692307693 0.04326923076923084 0.5817307692307693 0.043269230769230844 0.6442307692307693 0.22115384615384623 0.6442307692307693
0 0.13942307692307698 0.53125 0.028846153846153914 0.53125 0.028846153846153914 0.5841346153846154 0.13942307692307698 0.5841346153846154
0 0.23076923076923084 0.3245192307692308 0.06730769230769235 0.3245192307692308 0.06730769230769235 0.3942307692307692 0.23076923076923084 0.3942307692307692
0 0.2211538461538462 0.2692307692307692 0.014423076923076957 0.2692307692307692 0.014423076923076959 0.3269230769230769 0.22115384615384623 0.3269230769230769
0 0.23557692307692307 0.18990384615384615 0.04086538461538463 0.18990384615384615 0.040865384615384644 0.2668269230769231 0.23557692307692307 0.2668269230769231
0 0.21875 0.11778846153846155 0.10096153846153846 0.11778846153846154 0.10096153846153848 0.19230769230769232 0.21875 0.19230769230769232
0 0.6418269230769231 0.6875 0.5793269230769232 0.6875 0.5793269230769232 0.7668269230769231 0.6418269230769231 0.7668269230769231
0 0.7548076923076923 0.7115384615384616 0.6850961538461539 0.7115384615384616 0.6850961538461539 0.7788461538461539 0.7548076923076923 0.7788461538461539
0 0.8076923076923077 0.8341346153846154 0.7379807692307693 0.8341346153846154 0.7379807692307693 0.9158653846153846 0.8076923076923077 0.9158653846153846
0 0.591346153846154 0.8028846153846154 0.5552884615384617 0.8028846153846154 0.5552884615384617 0.8846153846153846 0.591346153846154 0.8846153846153846
0 0.625 0.6009615384615385 0.5865384615384617 0.6009615384615385 0.5865384615384617 0.6634615384615384 0.625 0.6634615384615384
0 0.7451923076923077 0.6153846153846154 0.6995192307692307 0.6153846153846154 0.6995192307692307 0.6778846153846154 0.7451923076923077 0.6778846153846154
0 0.6346153846153846 0.5072115384615385 0.5745192307692307 0.5072115384615385 0.5745192307692308 0.5793269230769232 0.6346153846153846 0.5793269230769232
0 0.7451923076923077 0.528846153846154 0.6971153846153846 0.528846153846154 0.6971153846153846 0.5985576923076924 0.7451923076923077 0.5985576923076924
0 0.6274038461538461 0.3774038461538463 0.5745192307692307 0.3774038461538463 0.5745192307692307 0.4375000000000001 0.6274038461538461 0.4375000000000001
0 0.8052884615384616 0.36057692307692324 0.6850961538461539 0.36057692307692324 0.6850961538461539 0.4182692307692309 0.8052884615384616 0.4182692307692309