0 0.75 0.3245192307692309 0.65625 0.3245192307692309 0.65625 0.8870192307692307 0.75 0.8870192307692307
0 0.6610576923076923 0.15625000000000006 0.5817307692307693 0.15625000000000006 0.5817307692307693 0.8846153846153846 0.6610576923076923 0.8846153846153846
0 0.5889423076923077 0.12740384615384623 0.5024038461538461 0.12740384615384623 0.5024038461538463 0.8581730769230769 0.5889423076923078 0.8581730769230769
0 0.4975961538461539 0.5384615384615384 0.4182692307692308 0.5384615384615384 0.41826923076923084 0.8629807692307693 0.49759615384615397 0.8629807692307693
0 0.43269230769230776 0.44711538461538464 0.3629807692307692 0.44711538461538464 0.3629807692307693 0.8846153846153846 0.4326923076923078 0.8846153846153846
0 0.10817307692307697 0.35336538461538464 0.03125000000000004 0.35336538461538464 0.031250000000000056 0.5288461538461539 0.108173076923077 0.5288461538461539
0 0.1634615384615385 0.08173076923076925 0.050480769230769246 0.08173076923076923 0.05048076923076926 0.2860576923076923 0.16346153846153852 0.2860576923076923
0 0.17307692307692316 0.2980769230769231 0.11057692307692311 0.2980769230769231 0.11057692307692313 0.6730769230769231 0.17307692307692316 0.6730769230769231
0 0.23410452884615385 0.871025579326923 0.23019036985898378 0.534643584065728 0.16974341230205914 0.5353469481146415 0.1736575712892292 0.8717289433758365
0 0.30057791105769227 0.8675753052884616 0.28798203901090436 0.0970748260134024 0.22160452884615384 0.0981599423076923 0.23420040089294175 0.8686604215827514
0 0.3571849687500001 0.8724378557692307 0.3507779539161708 0.07706640331149606 0.2921855552884615 0.07753838701923078 0.2985925701222908 0.8729098394769655
2 0.9595593653846154 5.875606527050674e-17 0 0 6.123233995736766e-17 1 0.9595593653846154 1