0 0.8245192307692307 0.03365384615384625 0.6899038461538461 0.03365384615384624 0.6899038461538461 0.7403846153846154 0.8245192307692307 0.7403846153846154
0 0.7235576923076923 0.05288461538461546 0.6033653846153846 0.052884615384615453 0.6033653846153847 0.6538461538461539 0.7235576923076923 0.6538461538461539
0 0.6057692307692308 0.05769230769230775 0.4807692307692308 0.057692307692307744 0.48076923076923084 0.7307692307692307 0.605769230769231 0.7307692307692307
0 0.5048076923076924 0.05769230769230775 0.3942307692307692 0.057692307692307744 0.3942307692307693 0.6322115384615384 0.5048076923076924 0.6322115384615384
0 0.420673076923077 0.07451923076923081 0.31971153846153844 0.07451923076923081 0.31971153846153855 0.5913461538461539 0.42067307692307704 0.5913461538461539
0 0.3245192307692308 0.009615384615384649 0.25961538461538464 0.009615384615384645 0.25961538461538464 0.15144230769230774 0.3245192307692308 0.15144230769230774
0 0.25721153846153844 0.026442307692307723 0.20673076923076922 0.026442307692307716 0.20673076923076922 0.1322115384615385 0.25721153846153844 0.1322115384615385
0 0.7692307692307693 0.7451923076923077 0.6947115384615384 0.7451923076923077 0.6947115384615384 0.8725961538461539 0.7692307692307693 0.8725961538461539
0 0.3750000000000001 0.7668269230769231 0.31009615384615397 0.7668269230769231 0.31009615384615397 0.9206730769230769 0.3750000000000001 0.9206730769230769
0 0.3125000000000001 0.7788461538461539 0.24278846153846162 0.7788461538461539 0.24278846153846165 0.9134615384615384 0.3125000000000001 0.9134615384615384
0 0.6899038461538461 0.7908653846153846 0.6394230769230769 0.7908653846153846 0.6394230769230769 0.8677884615384616 0.6899038461538461 0.8677884615384616
2 0.9629821538461538 6.911150491620937e-17 2.963149551649877e-17 1.0145854299023564e-17 8.845426944717469e-17 0.9606488004807693 0.9629821538461538 0.9606488004807693