2 0.9840425528846156 0.02289733894230784 0.07367891685115456 -0.05379542014751118 -0.007881366802691648 0.9143470389871043 0.9024822692307695 0.9910397980769233
0 0.939752008554267 0.12942036782506874 0.931442079326923 0.08702999519230768 0.5011463351957328 0.1713823365018543 0.5094562644230769 0.2137727091346154
0 0.8747044903846154 0.2256020288461539 0.865665228384204 0.17221054885205686 0.37157539665343475 0.255860738755903 0.3806146586538461 0.30925221875
0 0.7022407933126561 0.29211715451579834 0.6958499086435022 0.25650692744012227 0.41204883167699996 0.3074400469627855 0.41843971634615384 0.3430502740384615
0 0.6149142194855002 0.3420310827911157 0.6096950709000494 0.3112520119859836 0.36948534179916454 0.35198391957948333 0.3747044903846154 0.3827629903846154
0 0.9131975449675782 0.3632684555255575 0.9089834519230767 0.31685678124999994 0.3964951257054985 0.36338976082059626 0.40070921874999993 0.40980143509615385
0 0.20241941456167886 0.24140791012691304 0.19739952644230768 0.21292775721153848 0.1049091888037057 0.22923002737308704 0.10992907692307693 0.2577101802884616
0 0.21750927088332783 0.2670017078837708 0.2125491572707466 0.24138122048898916 0.09905879984895721 0.263352897220603 0.10401891346153845 0.28897338461538463
0 0.28014184375000006 0.5948457956730768 0.062290692803113654 0.5810034595516189 0.05871396928259605 0.6372940544863628 0.27656512022948243 0.6511363906078207
0 0.4621749423076924 0.6844106466346156 0.3130096724123518 0.6810449564928943 0.31182763875850567 0.7334319444736634 0.46099290865384623 0.7367976346153847
0 0.6226336372965343 0.6802686607887293 0.5224586298076924 0.6708914230769232 0.5156642352996198 0.7434744738266553 0.6158392427884617 0.7528517115384615