2 0.9735794423076926 1.2009624064454818e-16 0.0001212299895589691 -0.004047437702954056 -0.003984487174164896 0.9834276968903356 0.9694737251439688 0.9874751345932897
0 0.6274038461538461 0.06490384615384621 0.4182692307692308 0.0649038461538462 0.4182692307692308 0.1370192307692308 0.6274038461538461 0.13701923076923084
0 0.7716346153846154 0.07451923076923087 0.7043269230769231 0.07451923076923085 0.7043269230769231 0.17788461538461545 0.7716346153846154 0.17788461538461545
0 0.9182692307692307 0.07211538461538472 0.8365384615384616 0.07211538461538472 0.8365384615384616 0.15865384615384626 0.9182692307692307 0.15865384615384628
0 0.6804198341346155 0.19878635817307697 0.6775604613171821 0.12975275274991085 0.2734103819902589 0.14649265419221857 0.27626975480769234 0.2155262596153847
0 0.4125950048076923 0.20924879567307697 0.01930268990384618 0.20924879567307691 0.019302689903846183 0.2803933870192308 0.4125950048076923 0.2803933870192308
0 0.908385246868026 0.2886778699522429 0.9034406357337065 0.2216380460221904 0.021715526442307693 0.28667085096153844 0.02666013757662721 0.353710674891591
0 0.9341403847716487 0.36603748567263483 0.9313548076923077 0.290855826923077 0.020485026608130855 0.3246047229524208 0.023270603687471855 0.3997863817019787
0 0.5238870793269231 0.4519774014423078 0.5195281177738527 0.3736509769363091 0.011927682677698762 0.4018995634747705 0.01628664423076923 0.4802259879807692
0 0.4406398039138484 0.5220736362811992 0.4358460171977669 0.4560484603966882 0.03800217067307692 0.4849340865384616 0.042795957389158396 0.5509592624229724
0 0.46190849329468275 0.5992455882745203 0.4587405 0.5367231634615385 0.05112082401300959 0.557377135283172 0.054288817307692305 0.6198995600961539
0 0.8846153846153846 0.5264423076923078 0.5697115384615384 0.5264423076923078 0.5697115384615385 0.5817307692307694 0.8846153846153846 0.5817307692307694
0 0.8132403434242128 0.6479445690084915 0.8093475467620519 0.5823157683800407 0.0386334437224544 0.6280309613907799 0.042526240384615395 0.6936597620192307
0 0.5799855240384615 0.7297551778846153 0.5729855735130308 0.662530246937438 0.04547923937841546 0.717458057033592 0.05247918990384616 0.7846829879807693