0 0.8108986296587944 0.9251507775518816 0.7995808317307692 0.7982404423076924 0.7067332429373594 0.8065205421596569 0.7180510408653846 0.9334308774038462
0 0.709562891826923 0.9031033725961539 0.7001202884000476 0.7951739471426141 0.6480056348423564 0.7997333896135288 0.6574482382692318 0.9076628150670685
0 0.6477310697115386 0.9299800793269231 0.632723641219269 0.8295045489641731 0.5699737529073643 0.8388771241408246 0.5849811813996338 0.9393526545035745
0 0.8347716370192307 0.04446962259615395 0.7651391889377488 0.032446942388402636 0.735977651201988 0.20134349683991123 0.8056100992834699 0.21336617704766253
0 0.7556754807692307 0.11855327403846162 0.6897846189811581 0.1077119924905797 0.6763128076923077 0.18959062019230777 0.7422036694803804 0.20043190174018968
0 0.6830989953819429 0.18931792120729618 0.6787814206730769 0.039960317307692304 0.6167391602227906 0.0417538121657184 0.6210567349316567 0.19111141606532228
0 0.6184260180358249 0.19543849173931221 0.6094252163461539 0.025294562500000003 0.5552674002334059 0.028159570760687813 0.5642682019230769 0.19830350000000002
0 0.5591559302884617 0.2065625096153846 0.5550878308603966 0.048827159057555795 0.508507 0.0500285096153846 0.512575099428065 0.2077638601732134
0 0.5134470072115385 0.19541636778846153 0.5041189110576924 0.08879573557692305 0.46165512191455044 0.09251083555305141 0.47098321806839655 0.19913146776458987
0 0.46634615384615385 0.07211538461538466 0.4014423076923077 0.07211538461538466 0.4014423076923077 0.1971153846153847 0.46634615384615385 0.1971153846153847
2 1 6.373462308062547e-17 0.040865384615384616 5.0045662465156255e-18 0.04086538461538468 0.9759615384615384 1 0.9759615384615384