1 0.6658653846153846 0.11538461538461542 0.09134615384615384 0.11538461538461539 0.09134615384615387 0.3653846153846155 0.6658653846153846 0.36538461538461553
0 0.65625 0.7163461538461539 0.5793269230769232 0.7163461538461539 0.5793269230769232 0.8822115384615384 0.65625 0.8822115384615384
0 0.7403846153846154 0.24519230769230776 0.6274038461538461 0.24519230769230776 0.6274038461538461 0.6129807692307694 0.7403846153846154 0.6129807692307694
0 0.5961538461538463 0.42307692307692313 0.5072115384615384 0.4230769230769231 0.5072115384615385 0.5721153846153847 0.5961538461538463 0.5721153846153848
0 0.5793269230769232 0.6826923076923077 0.5168269230769232 0.6826923076923077 0.5168269230769232 0.8605769230769231 0.5793269230769232 0.8605769230769231
0 0.5000000000000001 0.38221153846153844 0.4110576923076923 0.38221153846153844 0.4110576923076924 0.5697115384615384 0.5000000000000001 0.5697115384615384
0 0.3990384615384616 0.36538461538461536 0.29807692307692313 0.36538461538461536 0.29807692307692313 0.5745192307692307 0.3990384615384617 0.5745192307692307
0 0.2788461538461539 0.49278846153846156 0.18269230769230776 0.49278846153846156 0.18269230769230776 0.5745192307692307 0.2788461538461539 0.5745192307692307
0 0.5253691995192308 0.6630348365384615 0.4669076350213376 0.6558985982108767 0.44157817307692315 0.863402875 0.5000397375748163 0.8705391133275848
0 0.4814502716346155 0.6656042692307693 0.4390071676391455 0.6562305829625452 0.39327099660471576 0.8633193427121975 0.43571410060018567 0.8726930289804217
2 0.9414734466661249 0.0693970623257715 0.07042247061781444 0.006454562407696314 0.006470829240151265 0.8914708822934634 0.8775218052884617 0.9544133822115387
0 0.5342468870192308 0.06492603605769237 0.5063165932634766 0.061201733060301494 0.49509820624424583 0.14533367536799383 0.5230285000000001 0.1490579783653847
0 0.5687678221153847 0.08128213701923084 0.5313465275024919 0.07820944898802931 0.5253735649038462 0.1509522692307693 0.5627948595167389 0.1540249572619708
0 0.7649630889423077 0.07451327403846161 0.723426084571895 0.06548256073223115 0.7009539158653847 0.1688438942307693 0.7424909202357974 0.17787460753699974
0 0.7107922788461539 0.11434157932692318 0.6745873554876304 0.10234361247508028 0.6587991937898917 0.14998578312758581 0.6950041171484153 0.16198374997942872
0 0.6751338004807693 0.07016526201923087 0.6407948007899347 0.06321453682794019 0.6234118753091654 0.14909223394332483 0.6577508750000002 0.1560429591346155
0 0.6419858384621487 0.059775891934561114 0.6112409666277986 0.052028569444038726 0.5876739879807692 0.14555297596153854 0.6184188598151193 0.15330029845206095