0 0.19471153846153852 0.6105769230769231 0.05769230769230776 0.6105769230769231 0.05769230769230777 0.6971153846153846 0.19471153846153852 0.6971153846153846
0 0.21394230769230776 0.5360576923076923 0.0504807692307693 0.5360576923076923 0.0504807692307693 0.6153846153846154 0.21394230769230776 0.6153846153846154
0 0.23557692307692316 0.47596153846153844 0.060096153846153896 0.47596153846153844 0.0600961538461539 0.5384615384615384 0.23557692307692316 0.5384615384615384
0 0.9206730769230769 0.6875 0.7788461538461539 0.6875 0.7788461538461539 0.7788461538461539 0.9206730769230769 0.7788461538461539
0 0.8629807692307693 0.6418269230769231 0.7932692307692307 0.6418269230769231 0.7932692307692307 0.6947115384615384 0.8629807692307693 0.6947115384615384
0 0.23790809456524764 0.4428341672514167 0.05923026201923084 0.40977152884615387 0.04866883672288829 0.4668478140904304 0.22734666926890507 0.49991045249569327
0 0.9388175805956929 0.592774138323806 0.8032222235576923 0.581202795673077 0.798246102096615 0.6395140035031173 0.9338414591346156 0.6510853461538461
0 0.9484792381478867 0.5446993299304439 0.8032115240384616 0.536207997596154 0.8005828724290366 0.581178350358018 0.9458505865384617 0.5896696826923079
0 0.9395631081730769 0.49616898798076936 0.8010211339948456 0.4896966427858494 0.7989127421679225 0.5348272341320032 0.9374547163461538 0.5412995793269231
0 0.9053957988215084 0.45192672851781 0.8063231586538462 0.44797395432692316 0.8044658862746453 0.4945247738860363 0.9035385264423077 0.4984775480769231
0 0.9250728725961538 0.39145599278846166 0.807178028383577 0.38497477808434044 0.8035084658835772 0.4517249968343405 0.921403310096154 0.45820621153846164
2 0.9765320856599808 0.07181989370025063 0.034266911951454336 0.033370711249028136 -0.002320385907394268 0.9300071121979788 0.9399447878011321 0.9684562946492014
1 0.48557692307692313 0.016826923076923114 0.1346153846153846 0.016826923076923093 0.13461538461538464 0.6274038461538461 0.48557692307692324 0.6274038461538461