0 0.6875 0.264423076923077 0.31009615384615385 0.264423076923077 0.31009615384615385 0.4110576923076924 0.6875 0.41105769230769246
0 0.65625 0.4423076923076924 0.5 0.4423076923076923 0.5000000000000001 0.5649038461538463 0.65625 0.5649038461538463
0 0.6610576923076923 0.5576923076923077 0.46153846153846156 0.5576923076923077 0.4615384615384616 0.6634615384615384 0.6610576923076923 0.6634615384615384
0 0.6658653846153846 0.6875 0.44711538461538475 0.6875 0.44711538461538475 0.8052884615384616 0.6658653846153846 0.8052884615384616
0 0.6658653846153846 0.8028846153846154 0.5721153846153848 0.8028846153846154 0.5721153846153848 0.9158653846153846 0.6658653846153846 0.9158653846153846
0 0.4254807692307692 0.3918269230769231 0.21153846153846162 0.3918269230769231 0.21153846153846162 0.4855769230769231 0.4254807692307692 0.4855769230769231
0 0.4254807692307693 0.4831730769230769 0.19471153846153852 0.4831730769230769 0.19471153846153852 0.6274038461538461 0.4254807692307694 0.6274038461538461
0 0.40384615384615397 0.6201923076923077 0.1538461538461539 0.6201923076923077 0.1538461538461539 0.7163461538461539 0.40384615384615397 0.7163461538461539
0 0.39182692307692324 0.7067307692307693 0.23317307692307698 0.7067307692307693 0.23317307692307698 0.7956730769230769 0.39182692307692324 0.7956730769230769
0 0.2043269230769231 0.23557692307692307 0.04086538461538465 0.23557692307692307 0.04086538461538465 0.31971153846153844 0.20432692307692316 0.31971153846153844
0 0.17307692307692316 0.31490384615384615 0.10576923076923081 0.31490384615384615 0.10576923076923081 0.3894230769230769 0.17307692307692316 0.3894230769230769
2 0.9617705865384617 0.14265874759615396 0.014366346153846167 0.09222447355769227 -0.030822366818117144 0.9410912234689246 0.9165818735664983 0.9915254975073863
0 0.90625 0.3557692307692309 0.7764423076923077 0.3557692307692309 0.7764423076923077 0.4326923076923078 0.90625 0.4326923076923078
0 0.90625 0.4375000000000001 0.7427884615384616 0.4375000000000001 0.7427884615384616 0.5048076923076924 0.90625 0.5048076923076924
0 0.8966346153846154 0.49759615384615397 0.7355769230769231 0.49759615384615397 0.7355769230769231 0.5673076923076924 0.8966346153846154 0.5673076923076924
0 0.8990384615384616 0.560096153846154 0.7355769230769231 0.560096153846154 0.7355769230769231 0.6346153846153846 0.8990384615384616 0.6346153846153846
0 0.18028846153846162 0.37740384615384615 0.026442307692307734 0.37740384615384615 0.02644230769230774 0.4423076923076923 0.18028846153846162 0.4423076923076923
0 0.18269230769230776 0.4326923076923077 0.014423076923076974 0.4326923076923077 0.01442307692307698 0.49278846153846156 0.18269230769230776 0.49278846153846156
0 0.18028846153846162 0.47836538461538464 0.028846153846153907 0.47836538461538464 0.02884615384615391 0.5336538461538461 0.18028846153846162 0.5336538461538461
0 0.17788461538461545 0.5264423076923077 0.06009615384615392 0.5264423076923077 0.06009615384615392 0.5817307692307693 0.17788461538461545 0.5817307692307693
0 0.16826923076923084 0.5649038461538461 0.040865384615384685 0.5649038461538461 0.04086538461538469 0.6442307692307693 0.16826923076923084 0.6442307692307693