2 0.9717152283653847 0.016711372596153906 2.0465528959238603e-18 0.016711372596153847 6.22556164053296e-17 1 0.9717152283653847 1
0 0.7842876298076925 0.8600378774038464 0.7223347359668976 0.8468692667394117 0.6929180745192309 0.9852625528846155 0.7548709683600259 0.9984311635490501
0 0.8580303389423081 0.5625084471153847 0.7875848292602362 0.5478162924275977 0.7456913533653847 0.7486858942307694 0.8161368630474566 0.7633780489185564
0 0.7726679903846155 0.5403057307692308 0.7010833046409861 0.524226565520135 0.6492130913175205 0.7551535360868502 0.72079777706115 0.7712327013359462
0 0.694182454326923 0.5509666995192309 0.6228586652696748 0.5369293431477156 0.5772542461137331 0.7686453362357782 0.6485780351709813 0.7826826926072936
0 0.6114502249431679 0.5655581931142886 0.5420703834466839 0.557376643256007 0.5167439879807694 0.7721454014423077 0.5861238294772535 0.7803269513005893
0 0.5492615528846154 0.5285974975961539 0.4785453259721777 0.5186418779752532 0.44336256876812286 0.7685501646100579 0.5140787956805606 0.7785057842309586
0 0.465835810096154 0.5596834711538463 0.4005689719919193 0.554439117693222 0.3839004118957654 0.7618820792316835 0.4491672500000001 0.7671264326923078
0 0.40343956971153866 0.5283423990384616 0.32550410570889354 0.5237910651447464 0.31191352157427815 0.7565115170678232 0.38984898557692327 0.7610628509615386
0 0.34189148798076935 0.5265942259615385 0.26364574298188403 0.5151330712919235 0.22949908192419174 0.7482536434073082 0.3077448269230771 0.7597147980769232
0 0.7040457043269234 0.8129873341346155 0.6229203103482731 0.8033770452454218 0.6000252668269233 0.9966458894230771 0.6811506608055736 1.0062561783122708
0 0.6302600913461541 0.8091203918269231 0.5606675096016907 0.8054220778606227 0.5503337131236802 0.9998770599631835 0.6199262948681437 1.003575373929484
0 0.5547996153846155 0.8967658509615386 0.4995721137696004 0.8955404228633864 0.4972542884615387 1.0000000000000002 0.5524817900765537 1.0012254280981523
0 0.42246952403846166 0.8174370408653847 0.3590812417111255 0.8133804871346287 0.3477733931534332 0.9900785280000134 0.4111616754807694 0.9941350817307695
0 0.3577897080743026 0.7906447565023613 0.2983369816161448 0.7903421377103955 0.2974510379649193 0.9643953259195727 0.3569037644230771 0.9646979447115385
0 0.2920769767040231 0.7908037790036473 0.22226948317307704 0.7906933557692307 0.22193842626045898 0.9999813141237346 0.2917459197914051 1.0000917373581513
0 0.232786375 0.9862642500000002 0.20520931597849013 0.7770824134696939 0.13618626923076924 0.7861819254807692 0.16376332825227907 0.9953637620110756
0 0.15610300480769232 0.9526970000000001 0.12764679547215635 0.7766037079652564 0.04813513307401969 0.7894525818983499 0.07659134240955567 0.9655458739330937
0 0.7548076923076923 0.4134615384615386 0.6754807692307693 0.4134615384615386 0.6754807692307693 0.4615384615384617 0.7548076923076923 0.4615384615384617
0 0.9086538461538461 0.24278846153846165 0.8365384615384616 0.24278846153846162 0.8365384615384616 0.32932692307692324 0.9086538461538461 0.32932692307692324
0 0.7980769230769231 0.2860576923076924 0.7043269230769231 0.2860576923076924 0.7043269230769231 0.34855769230769246 0.7980769230769231 0.34855769230769246
0 0.6682692307692307 0.39663461538461553 0.5841346153846154 0.39663461538461553 0.5841346153846154 0.45913461538461553 0.6682692307692307 0.45913461538461553
0 0.6850961538461539 0.2836538461538462 0.6153846153846154 0.2836538461538462 0.6153846153846154 0.3317307692307694 0.6850961538461539 0.3317307692307694
0 0.5793269230769231 0.3990384615384616 0.5144230769230769 0.39903846153846156 0.5144230769230769 0.4591346153846155 0.5793269230769231 0.45913461538461553
0 0.59375 0.27644230769230776 0.5216346153846154 0.27644230769230776 0.5216346153846154 0.3413461538461539 0.59375 0.34134615384615397
0 0.5048076923076923 0.3004807692307693 0.43028846153846156 0.3004807692307693 0.43028846153846156 0.5 0.5048076923076923 0.5
0 0.4230769230769231 0.3894230769230769 0.3629807692307692 0.3894230769230769 0.3629807692307692 0.4567307692307692 0.4230769230769231 0.4567307692307692
0 0.43028846153846156 0.21875000000000006 0.3581730769230769 0.21875000000000006 0.3581730769230769 0.3317307692307692 0.43028846153846156 0.3317307692307692