2 1.001597794946625 0.013504143013690958 0.07426824038461538 8.940497914649699e-18 0.05971201634228232 0.9995759629912471 0.9870415709042921 1.013080106004938
0 0.8558127270955763 0.12299671571816409 0.7100454855769229 0.09730207932692313 0.7002623373863597 0.15280247650680903 0.8460295789050131 0.17849711289805
0 0.8895878886231746 0.1832041523261143 0.58746434375 0.13710747355769237 0.5783020200306714 0.19715851834696282 0.880425564903846 0.24325519711538474
0 0.9229486739481043 0.2246276349745628 0.9212859447115384 0.1614329951923077 0.8842768455636121 0.1624067504250973 0.8859395748001782 0.22560139020735243
0 0.7090189447093158 0.19787623065778012 0.3191735408653846 0.13157894711538465 0.3015954534475135 0.23494270837479947 0.6914408572914448 0.30123999191719497
0 0.8323130894682501 0.27185169910739243 0.31531878846153855 0.253206545673077 0.3130119461036513 0.31717085449735405 0.8300062471103629 0.33581600793166955
0 0.8318556778846153 0.320654576923077 0.25672654326923083 0.3206545769230769 0.25672654326923083 0.3958425480769231 0.8318556778846153 0.39584254807692315
0 0.7671140790705946 0.4553760344215595 0.7627639007978929 0.3780913286769625 0.26856632653499074 0.4059085731015569 0.27291650480769236 0.48319327884615393
0 0.7120171552311757 0.5369389399624673 0.703070903101582 0.4644959380614452 0.3056015844088678 0.5135808827143624 0.31454783653846147 0.5860238846153846
0 0.7246935456730768 0.6037151706730769 0.709116496491774 0.5314961610712223 0.31438979937638944 0.6166354783789146 0.3299668485576923 0.6888544879807692
0 0.7960307809445261 0.6682656180090164 0.7766835555542412 0.5931828140569976 0.28055255105202287 0.721025114317212 0.2998997764423077 0.7961079182692308
0 0.7635521048948734 0.7338101791751043 0.7400810664650461 0.6666683202733956 0.2771996899355573 0.8284795473482915 0.3006707283653847 0.8956214062500002