0 0.9598853245192309 0.6502042860576924 0.8847143880693824 0.6339145299178502 0.8413288197115385 0.8341221802884615 0.916499756161387 0.8504119364283037
0 0.873481293269231 0.8818851274038464 0.7857048445575513 0.8464067105558886 0.7256069060909336 0.9950938302799576 0.8133833548026133 1.0305722471279155
0 0.8916099399038463 0.4749886129807694 0.8265894157732622 0.4624700845146161 0.7504985504807695 0.8576817067307694 0.8155190746113536 0.8702002351969227
0 0.9275347548076923 0.17695990384615395 0.8194667259862618 0.14603391357566675 0.6849458226596432 0.6161048387307783 0.7930138514810737 0.6470308290012654
0 0.8087053846153848 0.1541107980769232 0.7220355745064703 0.1411992328292164 0.5945396938843809 0.9970244988749362 0.6812095039932954 1.009936064122643
0 0.7291209591346157 0.07936885336538474 0.63845632504154 0.06804853558424458 0.5224597286937732 0.9970674171419353 0.6131243627868489 1.0083877349230754
0 0.6193318846153849 0.1060660673076924 0.5464161335676727 0.09774721748404155 0.47832603897491693 0.6945653463586972 0.5512417900226292 0.7028841961823479
0 0.5095112091346153 0.1338494086538462 0.40040050157501295 0.13214056265743346 0.3928897919010771 0.6117032900876512 0.5020004994606795 0.6134121360840641
0 0.38339307451923094 0.14535418750000004 0.30082143582404625 0.1452942316744525 0.3002312459202 0.9581084504244525 0.3828028846153847 0.95816840625
0 0.3125431802884616 0.923197608173077 0.24265244711538464 0.08301550721153844 0.16581706502220697 0.0894070753989349 0.23570779819528395 0.9295891763604734
0 0.23226813672347285 0.8046533554982855 0.1453067349639609 0.09752204218673993 0.056810446798180356 0.1084051145730697 0.14377184855769232 0.8155364278846152
2 1.0009307188888703 0.03209617121467667 0.010912450332064968 0.0032895807369588527 -0.017866243443265997 0.9923491018496082 0.9721520251135393 1.021155692327326