2 1.0070579895522613 0.9486758527287014 0.982253872596154 0.002132651442307689 -0.007849215513799683 0.028078253040529647 0.0169549014423077 0.9746214543269232
0 0.9116321692017728 0.2216476127725961 0.8858095838307624 0.1125992378210955 0.596987407417451 0.18099214427926863 0.6228099927884615 0.29004051923076923
0 0.9389790488525129 0.3099601543852376 0.9291285168269231 0.24098955048076925 0.6355659920128716 0.2829167903263009 0.6454165240384614 0.3518873942307693
0 0.9102899470095684 0.35387900108286685 0.9024930990450908 0.31148848550995534 0.6510966496316761 0.35772759981170393 0.6588934975961538 0.4001181153846155
0 0.8701776346153847 0.4326000288461538 0.8688468174583424 0.3719402397882895 0.6669530866891116 0.37636959315367413 0.6682839038461539 0.4370293822115384
0 0.9093043269230768 0.5034696586538462 0.9085217932692307 0.4562232403846154 0.6604043592942334 0.4603327633771305 0.6611868929480795 0.5075791816463613
0 0.9351279447115384 0.5536689783653845 0.9339536833229223 0.5004563278163515 0.6658048983903341 0.5063736568969718 0.6669791597789503 0.5595863074460048
0 0.8629807692307693 0.560096153846154 0.6706730769230769 0.560096153846154 0.6706730769230769 0.6105769230769232 0.8629807692307693 0.6105769230769232
0 0.8966346153846154 0.625 0.6730769230769231 0.625 0.6730769230769231 0.6706730769230769 0.8966346153846154 0.6706730769230769
0 0.9110576923076923 0.6730769230769231 0.6658653846153846 0.6730769230769231 0.6658653846153846 0.7283653846153846 0.9110576923076923 0.7283653846153846
0 0.9759615384615384 0.7307692307692307 0.6802884615384616 0.7307692307692307 0.6802884615384616 0.7764423076923077 0.9759615384615384 0.7764423076923077
0 0.7644230769230769 0.7764423076923077 0.6754807692307693 0.7764423076923077 0.6754807692307693 0.8293269230769231 0.7644230769230769 0.8293269230769231