0 0.4422428891663728 0.0707513849003148 0.42124540200791605 -0.0019612684342973194 0.22625033976462025 0.054348137530772535 0.24724782692307692 0.12706079086538463
0 0.5901187768983994 0.11103546335351615 0.5759344019060807 0.05038322314922494 0.20658603125768135 0.13676050739186266 0.22077040624999997 0.19741274759615385
0 0.2228137937972348 0.18051369100244768 0.20062093269230766 0.0897976610576923 0.03716965331814983 0.12978454697832156 0.05936251442307694 0.22050057692307695
0 0.915390985402451 0.1129857386236317 0.8948076875000002 0.019979625000000015 0.41251593527062613 0.126716208491753 0.43309923317307697 0.21972232211538467
0 0.906795494156278 0.22974504813125785 0.8952652379807691 0.14952500000000002 0.0640279265167988 0.26900110811874217 0.07555818269230768 0.34922115625
0 0.9618026239560502 0.3256286970359587 0.9528459591346152 0.22592080288461538 0.05571639767856498 0.306509093829426 0.06467306250000002 0.4062169879807693
0 0.9410917905164937 0.41867457233931304 0.9352725528846152 0.33969251682692303 0.33981860852196755 0.3835643555453023 0.3456378461538462 0.46254641105769234
0 0.9104234014423077 0.5499776442307691 0.9092568798076923 0.44972701442307683 0.44003849959931407 0.45518686433047634 0.44120502123392946 0.5554374941381687
0 0.8894530354717385 0.5762016746517834 0.10051627544479264 0.5693922034205907 0.09974070872305424 0.6592483869418841 0.8886774687500001 0.6660578581730768
0 0.9411104185544004 0.6827092826370341 0.12205096875000007 0.6456300288461538 0.117241317022523 0.7518724769783505 0.9363007668269232 0.7889517307692308
0 0.9358534473046595 0.7878805255818719 0.2458046899038463 0.7248273317307692 0.2368778483684179 0.8225219215335128 0.9269266057692309 0.8855751153846155
2 1 8.853636788451753e-17 0.008984634615384617 2.7854178128311834e-17 0.008984634615384676 0.9472915096153846 1 0.9472915096153846