2 0.9967564879807695 0.008532423076923203 0.0005172768473418675 0.00217182203284308 -0.0057202495949660054 0.9791342787636121 0.9905189615384616 0.9854948798076923
0 0.8894938224469013 0.24107524335704558 0.8745339932771936 0.15784187700376576 0.5780208775610615 0.21113523460825867 0.5929807067307692 0.2943686009615385
0 0.9229232148462224 0.33241155882475854 0.9156686634615383 0.2687713317307692 0.613171263519162 0.30325397002139526 0.6204258149038461 0.3668941971153845
0 0.9055414292993054 0.3806091022886451 0.8998669326923078 0.3356086466346154 0.6139196476237716 0.37166621261520116 0.6195941442307693 0.41666666826923077
0 0.8568492236067299 0.4478636635376211 0.854956752403846 0.3896473269230769 0.6322578676368866 0.39688672484545506 0.6341503388397705 0.4551030614599992
0 0.9040252812499999 0.5290102379807693 0.9031936129807691 0.4707053461538461 0.6295690044244154 0.4746083617926118 0.6304006726936463 0.5329132536195349
0 0.9322185183037182 0.5334202707160185 0.6362275456730769 0.5247440264423078 0.6346477509270513 0.5786388879378278 0.9306387235576925 0.5873151322115385
0 0.8566200937499999 0.5901592716346156 0.6387225552884617 0.580204778846154 0.636707598893796 0.6243108973431103 0.8546051373553343 0.6342653901315719
0 0.8852079761014386 0.6542253067210354 0.6387225552884617 0.638509670673077 0.6359164421677923 0.6825209961635799 0.8824018629807694 0.6982366322115384
0 0.9078514783869036 0.7055543511292203 0.6378908846153848 0.6868600673076924 0.6340646874784812 0.7421134517553954 0.90402528125 0.7608077355769232
0 0.9704322613495572 0.7710442809779826 0.6445442451923077 0.7423208197115385 0.6396808468235199 0.7974995195027869 0.9655688629807694 0.8262229807692308
0 0.745993721655813 0.8006980054248204 0.6487025937500002 0.7920932884615386 0.6445585067095718 0.8389493214982566 0.7418496346153847 0.8475540384615384