2 0.9228619423076924 5.650899618510124e-17 0 0 6.123233995736766e-17 1 0.9228619423076924 1
0 0.8413461538461539 0.32932692307692324 0.7524038461538461 0.32932692307692324 0.7524038461538461 0.528846153846154 0.8413461538461539 0.528846153846154
0 0.8677884615384616 0.7644230769230769 0.7932692307692307 0.7644230769230769 0.7932692307692307 0.8557692307692307 0.8677884615384616 0.8557692307692307
0 0.7283653846153846 0.6225961538461539 0.6466346153846154 0.6225961538461539 0.6466346153846154 0.6682692307692307 0.7283653846153846 0.6682692307692307
0 0.7451923076923077 0.7403846153846154 0.6658653846153846 0.7403846153846154 0.6658653846153846 0.7908653846153846 0.7451923076923077 0.7908653846153846
0 0.6298076923076923 0.6153846153846154 0.5625000000000001 0.6153846153846154 0.5625000000000001 0.6514423076923077 0.6298076923076923 0.6514423076923077
0 0.6346153846153846 0.7283653846153846 0.574519230769231 0.7283653846153846 0.574519230769231 0.7740384615384616 0.6346153846153846 0.7740384615384616
0 0.5552884615384617 0.6057692307692307 0.4759615384615386 0.6057692307692307 0.4759615384615386 0.6442307692307693 0.5552884615384617 0.6442307692307693
0 0.5528846153846155 0.7211538461538461 0.48317307692307704 0.7211538461538461 0.48317307692307704 0.78125 0.5528846153846155 0.78125
0 0.48076923076923084 0.5384615384615384 0.39903846153846156 0.5384615384615384 0.3990384615384616 0.7283653846153846 0.4807692307692309 0.7283653846153846
0 0.3942307692307694 0.5985576923076923 0.32932692307692324 0.5985576923076923 0.32932692307692324 0.6466346153846154 0.3942307692307694 0.6466346153846154
0 0.3870192307692309 0.71875 0.3004807692307693 0.71875 0.3004807692307693 0.8245192307692307 0.3870192307692309 0.8245192307692307
0 0.7521292019230768 0.5288869134615385 0.729126528925248 0.2984275907849567 0.655435560175248 0.30578285520803367 0.6784382331730767 0.5362421778846154
0 0.6687592187500001 0.51549259375 0.6597035408653846 0.2934897019230769 0.5837961755406033 0.2965860248754236 0.5928518534252187 0.5185889167023467
0 0.5325135192307692 0.531721935096154 0.521286329326923 0.2789833149038462 0.450547280164387 0.2821256947188543 0.46177447006823313 0.5348643149111619
0 0.4543269230769231 0.34615384615384615 0.3870192307692308 0.34615384615384615 0.3870192307692308 0.4879807692307692 0.4543269230769231 0.4879807692307692
0 0.4014423076923077 0.2716346153846155 0.31009615384615385 0.2716346153846155 0.31009615384615385 0.5120192307692307 0.4014423076923077 0.5120192307692307
0 0.3293269230769231 0.2764423076923077 0.2403846153846154 0.2764423076923077 0.24038461538461542 0.5072115384615384 0.3293269230769231 0.5072115384615384
0 0.7269638677884616 0.24546369230769233 0.721757517945141 0.0637357632927801 0.6434962331730769 0.06597788221153847 0.6487025830163975 0.2477058112264507
0 0.6465943317307692 0.2707635600961539 0.6386335489223706 0.04189364015483339 0.5560124132698109 0.04476745125452662 0.5639731960782095 0.2736373711958471
0 0.5865384615384616 0.04567307692307699 0.53125 0.04567307692307699 0.53125 0.15144230769230776 0.5865384615384616 0.15144230769230776
0 0.4495192307692308 0.04807692307692313 0.375 0.04807692307692313 0.375 0.2163461538461539 0.4495192307692308 0.2163461538461539
0 0.38461538461538464 0.06250000000000004 0.31490384615384615 0.06250000000000003 0.31490384615384615 0.2524038461538462 0.38461538461538464 0.2524038461538462
0 0.32211538461538464 0.024038461538461578 0.24519230769230768 0.02403846153846157 0.24519230769230768 0.24038461538461542 0.32211538461538464 0.24038461538461545
0 0.2559755625000001 0.03850118509615389 0.19216180260478682 0.02355274308035774 0.14402576442307694 0.2290418221153846 0.20783952431829017 0.24399026413118075
0 0.19539375721153848 0.022988649038461574 0.1345612284318819 0.005943220919545518 0.07949036534948674 0.2024827176108946 0.14032289412914334 0.21952814572981066