2 0.9953805024038461 7.618755077277089e-17 4.648201520093804e-17 1.5238073462643164e-17 1.0750870987719388e-16 0.9966415576923077 0.9953805024038461 0.9966415576923077
0 0.9056411586538462 0.33139359375000016 0.8426368368530404 0.3249575761889608 0.8214278485123894 0.5325794345525874 0.8844321703131952 0.5390154521136267
0 0.9134615384615384 0.17067307692307704 0.8341346153846154 0.17067307692307698 0.8341346153846154 0.24278846153846165 0.9134615384615384 0.24278846153846168
0 0.9254807692307693 0.04086538461538473 0.84375 0.04086538461538472 0.84375 0.10817307692307702 0.9254807692307693 0.10817307692307702
0 0.8462480625000003 0.2800756971153847 0.7744383240035349 0.27430615698478195 0.7409995096153849 0.6904974759615385 0.8128092481118503 0.6962670160921414
0 0.767969762019231 0.5615599591346156 0.7020880009914087 0.5524380685770829 0.6469397439215722 0.9507397441409879 0.7128215049493944 0.9598616346985208
0 0.7862994591346155 0.04651467788461548 0.7215717803512596 0.03607274551945168 0.5744660048076923 0.9479552451923077 0.6391936835910481 0.9583971775574714
0 0.7257031875000001 0.018154745192307795 0.6679138120262275 0.00868935644647133 0.5137128293269233 0.9501381153846155 0.5715022048006959 0.9596035041304519
0 0.5937573653846153 0.44210933894230775 0.5277139501403257 0.4305917047023517 0.45374131971153864 0.8547591201923077 0.5197847349558283 0.8662767544322638
0 0.5066359014423079 0.5341945793269232 0.43765327816375077 0.5235396240096687 0.37245903365384636 0.9456221081730771 0.4414416569324035 0.9562770634903315
0 0.4316198677884617 0.47794141826923087 0.37069326567082767 0.469188104691594 0.30368216105769236 0.9356124903846155 0.36460876317532637 0.9443658039622522
0 0.49178109375 0.07381901923076929 0.4116790125500749 0.0654315033303791 0.3763727163461538 0.40261212259615387 0.45647479754607895 0.41099963849654403
0 0.4173866490384617 0.11590112500000008 0.3505705694444613 0.10538329353365634 0.21780978605769236 0.9487658004807691 0.28462586565169273 0.9592836319471127
0 0.31448411298076934 0.288715420673077 0.24704413153754062 0.2783806039324294 0.14410724038461548 0.9500966298076925 0.21154722182784422 0.9604314465483401