2 1 0.00627026682692316 0.055661278846153905 0.006270266826923102 0.05566127884615397 1 1 1
0 0.8787864423076923 0.24713461298076916 0.8481113077657548 0.06712665680335977 0.8111903759896606 0.07341834842464111 0.841865510531598 0.2534263046020505
0 0.8220429278846153 0.2674314807692308 0.8102920246247896 0.10242181675663739 0.764578204573206 0.10567725443222861 0.7763291078330319 0.270686918444822
0 0.7692307692307693 0.10096153846153856 0.7211538461538461 0.10096153846153856 0.7211538461538461 0.2716346153846155 0.7692307692307693 0.2716346153846155
0 0.7259615384615384 0.08413461538461547 0.6923076923076923 0.08413461538461545 0.6923076923076923 0.1850961538461539 0.7259615384615384 0.1850961538461539
0 0.6875 0.03846153846153855 0.6370192307692307 0.03846153846153855 0.6370192307692307 0.13701923076923084 0.6875 0.13701923076923084
0 0.8509615384615384 0.6514423076923077 0.7908653846153846 0.6514423076923077 0.7908653846153846 0.6899038461538461 0.8509615384615384 0.6899038461538461
0 0.8870192307692307 0.7908653846153846 0.8125 0.7908653846153846 0.8125 0.8461538461538461 0.8870192307692307 0.8461538461538461
0 0.7788461538461539 0.6370192307692307 0.7139423076923077 0.6370192307692307 0.7139423076923077 0.6923076923076923 0.7788461538461539 0.6923076923076923
0 0.7884615384615384 0.7836538461538461 0.7331730769230769 0.7836538461538461 0.7331730769230769 0.8365384615384616 0.7884615384615384 0.8365384615384616
0 0.7235576923076923 0.7644230769230769 0.6682692307692307 0.7644230769230769 0.6682692307692307 0.8125 0.7235576923076923 0.8125
0 0.7019230769230769 0.6081730769230771 0.6514423076923077 0.6081730769230771 0.6514423076923077 0.6706730769230769 0.7019230769230769 0.6706730769230769
0 0.6519802532200867 0.5512567651217476 0.5969956170834357 0.5496307600953746 0.5905466643441184 0.7677071584351656 0.6455313004807692 0.7693331634615386
0 0.5997045072115385 0.6053304110576924 0.5555738822115384 0.6045601081730769 0.5547896920900498 0.6494863324821001 0.5989203170900498 0.6502566353667155
0 0.5843332379862852 0.7316877457647715 0.5355472211538461 0.7272039855769231 0.5243826557689043 0.8486811948783483 0.5731686726013433 0.8531649550661965
0 0.5363251928822182 0.5972052209405752 0.4902286033653847 0.5915932067307692 0.4849220234639357 0.6351809857901942 0.5310186129807692 0.6407930000000002
0 0.4807692307692309 0.5697115384615384 0.4375000000000001 0.5697115384615384 0.4375000000000001 0.6153846153846154 0.4807692307692309 0.6153846153846154
0 0.5240384615384617 0.6875 0.4567307692307694 0.6875 0.4567307692307694 0.7740384615384616 0.5240384615384617 0.7740384615384616
0 0.4182692307692309 0.5673076923076923 0.35336538461538475 0.5673076923076923 0.35336538461538475 0.6057692307692307 0.4182692307692309 0.6057692307692307
0 0.41105769230769246 0.6538461538461539 0.3509615384615386 0.6538461538461539 0.3509615384615386 0.7043269230769231 0.41105769230769246 0.7043269230769231
0 0.9278846153846154 0.3437500000000001 0.8509615384615384 0.3437500000000001 0.8509615384615384 0.5528846153846155 0.9278846153846154 0.5528846153846155
0 0.8485576923076923 0.32932692307692324 0.7908653846153846 0.32932692307692324 0.7908653846153846 0.5504807692307694 0.8485576923076923 0.5504807692307694
0 0.8004807692307693 0.3125000000000001 0.7427884615384616 0.3125000000000001 0.7427884615384616 0.528846153846154 0.8004807692307693 0.528846153846154
0 0.7475961538461539 0.3076923076923078 0.6923076923076923 0.3076923076923078 0.6923076923076923 0.4807692307692309 0.7475961538461539 0.4807692307692309
0 0.6995192307692307 0.3028846153846155 0.6490384615384616 0.3028846153846155 0.6490384615384616 0.5384615384615385 0.6995192307692307 0.5384615384615385
0 0.6466346153846154 0.295673076923077 0.5985576923076923 0.295673076923077 0.5985576923076923 0.4927884615384617 0.6466346153846154 0.4927884615384617
0 0.6105769230769231 0.2908653846153847 0.5456730769230769 0.2908653846153847 0.5456730769230769 0.5048076923076924 0.6105769230769231 0.5048076923076924
0 0.5552884615384616 0.2836538461538462 0.49038461538461536 0.2836538461538462 0.49038461538461536 0.5024038461538461 0.5552884615384616 0.5024038461538461
0 0.6334387858353113 0.049413678260248575 0.5933024426468309 0.04799414946980676 0.5861307914269042 0.25076837745955827 0.6262671346153846 0.25218790625000004
0 0.6004502047922822 0.0402371246645523 0.5589655975704413 0.03744301999579644 0.5435437990281591 0.2664134169658596 0.58502840625 0.2692075216346155
0 0.5665129712893426 0.04646005945187267 0.5217379358736531 0.040451097890206726 0.4935410246804644 0.2505569014191034 0.538316060096154 0.25656586298076933
0 0.5376873725535043 0.04635891692013939 0.49839971394230775 0.037082701923076986 0.44980826446572664 0.24288261913755307 0.4890959230769232 0.2521588341346155
0 0.4928878437500001 0.044082266826923136 0.44705304247058303 0.033459689048930936 0.4024739591346155 0.22581162740384622 0.4483087604140325 0.23643420518183839