0 0.18668166346153844 0.2730889230769231 0.17866982427346076 0.1926570508095819 0.08876345913461538 0.20161264663461537 0.09677529832269312 0.2820445189019566
0 0.30715634375 0.9488278774038462 0.2862388899276782 0.8075335627049434 0.22124274278846154 0.8171557043269231 0.24216019661078333 0.9584500190258258
0 0.2645324495192308 0.7137569375 0.2206753852826419 0.5067291178527719 0.15094280603218804 0.5215013654317756 0.1947998702687769 0.7285291850790038
0 0.3472928533653847 0.71735690625 0.3063295801924342 0.4891595985273921 0.23524730769230773 0.5019194447115385 0.2762105808652582 0.7301167524341464
0 0.4201099134615384 0.7303655096153846 0.389672915744961 0.5016120393702531 0.3141273870192308 0.5116638173076924 0.3445643847358083 0.7404172875528238
0 0.49238125480769224 0.7299812548076925 0.45262065499477977 0.5035438896599966 0.3903153703195456 0.5144842019560072 0.4300759701324581 0.740921567103703
0 0.5479186129807693 0.7244127259615385 0.5270795302237318 0.47377617737960365 0.4553353028846154 0.4797413245192308 0.47617438564165293 0.7303778731011656
0 0.6179578614593082 0.7199361043697448 0.6092288316261872 0.5057103667149678 0.5514950865384616 0.5080628365384616 0.5602241163715825 0.7222885741932384
0 0.7003432067307693 0.71433159375 0.6851339917682027 0.48256607727275164 0.6068602634028178 0.48770265659967477 0.6220694783653845 0.7194681730769231
0 0.7597893084519447 0.7035228328542893 0.7526406771124818 0.47612065298491496 0.6680264687499999 0.4787805913461538 0.6751751000894628 0.7061827712155282
0 0.5862966971153847 0.44978699038461545 0.5701894837306323 0.2642665934917282 0.49609925296140156 0.27069924012634355 0.5122064663461539 0.4562196370192308
0 0.3942215120192308 0.9567001057692307 0.36800721445617895 0.7863357451962052 0.30107714723210893 0.7966344056215748 0.32729144479516076 0.9669987661946003
0 0.4564888774038461 0.9642363918269231 0.437905821535747 0.7636844253686785 0.3700900264423076 0.7699682067307692 0.3886730823104067 0.9705201731890137
0 0.5162703653846155 0.9614520240384616 0.5054485739745508 0.8603530134296675 0.45219434685900706 0.8660534266590182 0.46301613826907173 0.9671524372678122
0 0.652567326923077 0.9610675697115385 0.6451091947115385 0.7780318533653847 0.5956231287855057 0.780048255571866 0.6030812609970442 0.9630839719180198
0 0.7147169977179465 0.9166843315362319 0.7121414513535684 0.7469109417682096 0.6542036418269229 0.7477898870192308 0.656779188191301 0.9175632767872531
0 0.7907431466346154 0.7533578125000001 0.7162284663461539 0.7493737908653847 0.7047387985759456 0.9642694413003686 0.7792534788644071 0.9682534629349842
0 0.869411764419129 0.7531115503329144 0.7965029927884615 0.7426531081730771 0.768297141269823 0.9392841126374081 0.8412059129004905 0.9497425547972456
0 0.9314055144230771 0.7587337115384616 0.8613224722123796 0.7586176233859615 0.8610748317307694 0.908119514423077 0.9311578739414669 0.9082356025755771
0 0.33413461538461536 0.36778846153846156 0.25721153846153855 0.36778846153846156 0.25721153846153855 0.41346153846153844 0.33413461538461536 0.41346153846153844
0 0.30528846153846156 0.2307692307692308 0.2283653846153846 0.23076923076923078 0.22836538461538464 0.29807692307692313 0.3052884615384616 0.29807692307692313
0 0.4326923076923077 0.36538461538461536 0.34375 0.36538461538461536 0.34375 0.41346153846153844 0.4326923076923077 0.41346153846153844
0 0.40384615384615385 0.23317307692307698 0.3245192307692308 0.23317307692307698 0.3245192307692308 0.3004807692307693 0.40384615384615385 0.3004807692307693
0 0.5096153846153846 0.3581730769230769 0.42788461538461536 0.3581730769230769 0.42788461538461536 0.4230769230769231 0.5096153846153846 0.4230769230769231
0 0.49038461538461536 0.2283653846153847 0.4206730769230769 0.2283653846153847 0.4206730769230769 0.29326923076923084 0.49038461538461536 0.29326923076923084
0 0.6418269230769231 0.3461538461538463 0.5721153846153846 0.3461538461538463 0.5721153846153846 0.41105769230769246 0.6418269230769231 0.41105769230769246
0 0.6586538461538461 0.18269230769230776 0.5841346153846154 0.18269230769230776 0.5841346153846154 0.2860576923076924 0.6586538461538461 0.2860576923076924
2 1.0443985244415128 0.9532541753097721 0.9990413315732302 -0.02058299666602042 0.02773622547894126 0.024656263344647458 0.07309341834722385 0.9984934353204399