0 0.9238401612051065 0.6424151041528171 0.9102112453090783 0.5568939740314781 0.7591456201616639 0.5809682665132764 0.7727745360576923 0.6664893966346154
0 0.885036082682427 0.5594289313045773 0.8811050288461537 0.5075512668269231 0.775624467798342 0.515544104753115 0.7795555216346153 0.5674217692307691
0 0.9128199079919053 0.4937139513080038 0.9119152788461539 0.4298519399038461 0.8152145992196332 0.4312217409996885 0.8161192283653846 0.4950837524038461
0 0.19645619755587648 0.7642882814808539 0.17534625453211766 0.7006894391958329 -0.00563561610068193 0.7607615543495944 0.015474326923076922 0.8243603966346154
0 0.1861116658702085 0.7031784466051103 0.16656813942307694 0.6428575865384616 0.07300086057209922 0.6731727144525821 0.09254438701923076 0.7334935745192308
0 0.177235538294735 0.6266259880714482 0.16200667979660757 0.5697559273434752 0.0011659948672572056 0.6128263935989502 0.016394853365384633 0.6696964543269233
0 0.18508033819013311 0.5830675563919747 0.17921764663461534 0.5298182764423077 -0.0017580425170562292 0.54974351572341 0.0041046490384615535 0.602992795673077
0 0.19411087728904539 0.5224990964956081 0.18789885063993317 0.4771375077899084 0.02351063200473393 0.4996495939866079 0.029722658653846164 0.5450111826923076
0 0.18216097836538464 0.4445684375 0.07157248081080915 0.44431908344274973 0.07147457692307697 0.4877394471153846 0.18206307447765246 0.4879888011726349
0 0.18269230769230776 0.37740384615384615 0.05528846153846159 0.37740384615384615 0.05528846153846159 0.43990384615384615 0.18269230769230776 0.43990384615384615
2 0.9759615384615384 5.976040870839248e-17 0 0 5.769970495982722e-17 0.9423076923076923 0.9759615384615384 0.9423076923076923