2 1 6.194366986854116e-17 0.011616899038461538 1.4226598223469888e-18 0.011616899038461598 0.9878247788461538 1 0.9878247788461538
0 1.010241874558612 0.7618206989090535 1 0.6929239567307692 0.8574494619514146 0.7141148676910911 0.8676913365100265 0.7830116098693753
0 1.0034202813990183 0.6915989838911063 1 0.6181641706730769 0.8368027298631358 0.6257652056993724 0.840223011262154 0.6992000189174019
0 1.0003472585846767 0.5623060536616589 0.8272256388269821 0.5612354872277682 0.8267649615384616 0.6357317500000003 0.9998865812961562 0.6368023164338908
0 1.003367047564674 0.5514710543660308 0.9999999999999999 0.5002344447115386 0.9118633481002442 0.506026402866826 0.9152303956649184 0.5572630125213182
0 1 0.35638913942307704 0.8258853966346155 0.35638913942307704 0.8258853966346155 0.4104061274038463 1 0.4104061274038463
0 0.9700297037378681 0.08866837730236724 0.8014804375000002 0.07659429567307703 0.7956307217429015 0.15825394721686378 0.9641799879807694 0.17032802884615397
0 1.00587875193121 0.18061152482185194 0.7946150120192308 0.15754981009615396 0.7886969849429849 0.21176366834126048 0.9999607248549641 0.23482538306695844
0 1.005550035460451 0.2387692213344665 0.8057878481692947 0.2169630203114728 0.7982988293269232 0.285568403846154 0.9980610166180793 0.3073746048691477
0 0.7814916186040779 0.8194275291834985 0.7708792263718375 0.7529069527862148 0.5663495380562211 0.7855366952373317 0.5769619302884617 0.8520572716346154
0 0.7910611915855276 0.7253545131603641 0.7782509495675097 0.6572559695434035 0.5378370945204437 0.702481014075347 0.5506473365384614 0.7705795576923078
0 0.7962760408653846 0.6536924615384615 0.7860590709647283 0.5886678102806034 0.5429213618301129 0.6268707165306034 0.5531383317307692 0.6918953677884615
0 0.7908653846153846 0.46875000000000006 0.53125 0.46875 0.53125 0.5480769230769231 0.7908653846153846 0.5480769230769232
0 0.7764423076923077 0.3942307692307693 0.5528846153846154 0.3942307692307692 0.5528846153846154 0.4711538461538462 0.7764423076923077 0.4711538461538463
0 0.5240384615384616 0.4326923076923077 0.3076923076923077 0.4326923076923077 0.3076923076923077 0.5120192307692307 0.5240384615384616 0.5120192307692307
0 0.7572115384615384 0.24278846153846162 0.5360576923076923 0.24278846153846162 0.5360576923076923 0.32932692307692313 0.7572115384615384 0.32932692307692324
0 0.7716346153846154 0.32932692307692313 0.5408653846153846 0.3293269230769231 0.5408653846153846 0.40144230769230776 0.7716346153846154 0.4014423076923078
0 0.4687500000000001 0.6778846153846154 0.4182692307692309 0.6778846153846154 0.4182692307692309 0.7475961538461539 0.4687500000000001 0.7475961538461539
0 0.35817307692307704 0.7091346153846154 0.3004807692307693 0.7091346153846154 0.3004807692307693 0.7860576923076923 0.35817307692307704 0.7860576923076923
0 0.4711538461538463 0.5889423076923077 0.41586538461538475 0.5889423076923077 0.41586538461538475 0.6682692307692307 0.4711538461538463 0.6682692307692307
0 0.35336538461538475 0.6129807692307693 0.29807692307692313 0.6129807692307693 0.29807692307692313 0.6850961538461539 0.35336538461538475 0.6850961538461539
0 0.4663461538461539 0.5144230769230769 0.41346153846153844 0.5144230769230769 0.41346153846153855 0.5793269230769231 0.46634615384615397 0.5793269230769231
0 0.3461538461538462 0.53125 0.29326923076923084 0.53125 0.29326923076923084 0.59375 0.3461538461538463 0.59375
0 0.4543269230769231 0.36538461538461536 0.40625 0.36538461538461536 0.40625 0.43028846153846156 0.4543269230769231 0.43028846153846156
0 0.33413461538461536 0.34375 0.21875000000000006 0.34375 0.21875000000000006 0.43028846153846156 0.33413461538461536 0.43028846153846156
0 0.3389423076923078 0.8389423076923077 0.2572115384615386 0.8389423076923077 0.2572115384615386 0.9134615384615384 0.3389423076923078 0.9134615384615384