2 0.9940476177884616 0.0020794326923078118 1.1204919577759326e-17 0.002079432692307751 7.230993100559313e-17 1 0.9940476177884616 1
0 0.4735576923076923 0.13942307692307698 0.27884615384615385 0.13942307692307696 0.27884615384615385 0.21394230769230774 0.4735576923076923 0.21394230769230776
0 0.7956730769230769 0.07932692307692318 0.7091346153846154 0.07932692307692318 0.7091346153846154 0.14663461538461547 0.7956730769230769 0.14663461538461547
0 0.6177884615384616 0.2283653846153847 0.5793269230769231 0.2283653846153847 0.5793269230769231 0.3076923076923078 0.6177884615384616 0.3076923076923078
0 0.7403846153846154 0.20192307692307698 0.6947115384615384 0.20192307692307698 0.6947115384615384 0.2788461538461539 0.7403846153846154 0.2788461538461539
0 0.6081730769230769 0.32692307692307704 0.5769230769230769 0.32692307692307704 0.5769230769230769 0.39182692307692324 0.6081730769230769 0.39182692307692324
0 0.7307692307692307 0.3125000000000001 0.6899038461538461 0.3125000000000001 0.6899038461538461 0.3701923076923078 0.7307692307692307 0.3701923076923078
0 0.6057692307692307 0.3990384615384617 0.5745192307692307 0.3990384615384617 0.5745192307692307 0.47836538461538475 0.6057692307692307 0.47836538461538475
0 0.7427884615384616 0.3942307692307694 0.6875 0.3942307692307694 0.6875 0.4615384615384617 0.7427884615384616 0.4615384615384617
0 0.6971153846153846 0.48076923076923084 0.5072115384615384 0.4807692307692308 0.5072115384615384 0.5480769230769231 0.6971153846153846 0.5480769230769232
0 0.6177884615384616 0.5625000000000001 0.574519230769231 0.5625000000000001 0.574519230769231 0.625 0.6177884615384616 0.625
0 0.7956730769230769 0.560096153846154 0.6947115384615384 0.560096153846154 0.6947115384615384 0.6394230769230769 0.7956730769230769 0.6394230769230769
0 0.49038461538461536 0.2844026418269231 0.47836538461538464 0.2116224375 0.2500627041457221 0.24932530776775705 0.2620819349149529 0.32210551209468014
0 0.47557082425355757 0.3714349530998228 0.4703525649038461 0.2955995961538462 0.24927470118125836 0.3108120468607964 0.25449296053096987 0.3866474038067729
0 0.501030737124091 0.5007454229508588 0.4951923076923077 0.42996305048076927 0.2436090655040742 0.45071470028391647 0.2494474949358574 0.521497072754006
0 0.4567307692307693 0.5216346153846154 0.31971153846153844 0.5216346153846154 0.31971153846153855 0.5793269230769231 0.4567307692307694 0.5793269230769231
0 0.48317307692307704 0.5793269230769231 0.25000000000000006 0.5793269230769231 0.25000000000000006 0.6538461538461539 0.48317307692307704 0.6538461538461539
0 0.48557692307692324 0.6514423076923077 0.25721153846153855 0.6514423076923077 0.25721153846153855 0.7235576923076923 0.48557692307692324 0.7235576923076923
0 0.20690810820225572 0.332679114483854 0.19758344885026016 0.25527278610162196 0.015296552186465957 0.2772317557523833 0.024621211538461536 0.35463808413461534
0 0.23303583847171375 0.4195953414903428 0.2282196971153846 0.33611221394230767 0.0022352345202030243 0.3491492568533586 0.007051375876532183 0.4326323844013937
0 0.11538461538461543 0.4110576923076923 0.01201923076923082 0.4110576923076923 0.012019230769230822 0.46153846153846156 0.11538461538461545 0.46153846153846156
0 0.18750000000000006 0.5480769230769231 0.024038461538461606 0.5480769230769231 0.024038461538461613 0.6105769230769231 0.18750000000000006 0.6105769230769231
0 0.2283653846153847 0.6129807692307693 0.04326923076923084 0.6129807692307693 0.043269230769230844 0.6682692307692307 0.2283653846153847 0.6682692307692307
0 0.22115384615384623 0.6778846153846154 0.009615384615384696 0.6778846153846154 0.009615384615384701 0.7403846153846154 0.22115384615384623 0.7403846153846154
0 0.2291666658653847 0.7747048365384616 0.021990740384615483 0.7423580793269231 0.011882504679925679 0.8070997495166583 0.2190584301606949 0.8394465067281968
0 0.2088922406164602 0.8436749938703881 0.010416665865384709 0.8038169158653846 -0.002024780864390132 0.8657698100846434 0.19645079388668535 0.905627888089647