1 0.3990384615384616 0.4543269230769231 0.13221153846153852 0.4543269230769231 0.13221153846153855 0.9759615384615384 0.3990384615384617 0.9759615384615384
0 0.2067307692307693 0.29086538461538464 0.07211538461538465 0.29086538461538464 0.07211538461538466 0.36538461538461536 0.2067307692307693 0.36538461538461536
0 0.2283653846153847 0.38461538461538464 0.07211538461538466 0.38461538461538464 0.07211538461538466 0.44471153846153844 0.2283653846153847 0.44471153846153844
0 0.24278846153846162 0.4567307692307692 0.06730769230769236 0.4567307692307692 0.06730769230769237 0.5120192307692307 0.24278846153846162 0.5120192307692307
0 0.24038461538461545 0.5120192307692307 0.06971153846153853 0.5120192307692307 0.06971153846153853 0.5697115384615384 0.24038461538461545 0.5697115384615384
0 0.7043269230769231 0.23557692307692316 0.31490384615384615 0.23557692307692316 0.31490384615384615 0.37019230769230776 0.7043269230769231 0.3701923076923078
0 0.4831730769230769 0.4230769230769231 0.3293269230769231 0.4230769230769231 0.3293269230769231 0.5168269230769231 0.4831730769230769 0.5168269230769231
0 0.5360576923076924 0.5336538461538461 0.44471153846153844 0.5336538461538461 0.44471153846153855 0.6225961538461539 0.5360576923076924 0.6225961538461539
0 0.5384615384615385 0.6610576923076923 0.3052884615384616 0.6610576923076923 0.3052884615384616 0.7620192307692307 0.5384615384615385 0.7620192307692307
0 0.9447115384615384 0.5721153846153848 0.8317307692307693 0.5721153846153848 0.8317307692307693 0.6322115384615384 0.9447115384615384 0.6322115384615384
0 0.9278846153846154 0.5192307692307694 0.8245192307692307 0.5192307692307694 0.8245192307692307 0.5697115384615385 0.9278846153846154 0.5697115384615385
0 0.9519230769230769 0.4759615384615386 0.8173076923076923 0.4759615384615386 0.8173076923076923 0.5192307692307694 0.9519230769230769 0.5192307692307694
0 0.9711538461538461 0.42788461538461553 0.8341346153846154 0.42788461538461553 0.8341346153846154 0.47355769230769246 0.9711538461538461 0.47355769230769246
0 0.9567307692307693 0.37259615384615397 0.8100961538461539 0.37259615384615397 0.8100961538461539 0.4254807692307694 0.9567307692307693 0.4254807692307694
0 0.8990384615384616 0.31009615384615397 0.8197115384615384 0.31009615384615397 0.8197115384615384 0.37259615384615397 0.8990384615384616 0.37259615384615397
0 0.9615384615384616 0.23798076923076933 0.8149038461538461 0.2379807692307693 0.8149038461538461 0.30048076923076933 0.9615384615384616 0.3004807692307694
2 0.9899647164491855 0.0528456099418959 0.027716826923076934 0.049190408653846156 0.02425232354063467 0.9612362319332418 0.9865002130667432 0.9648914332212915