2 1 0.048076923076923135 5.887724995900737e-18 0.04807692307692308 6.15267262071627e-17 0.9567307692307693 1 0.9567307692307693
1 0.6009615384615385 0.34375000000000006 0.33413461538461536 0.34375 0.3341346153846155 0.9975961538461539 0.6009615384615385 0.9975961538461539
0 0.1971153846153847 0.2980769230769231 0.045673076923076955 0.2980769230769231 0.04567307692307697 0.3798076923076923 0.1971153846153847 0.3798076923076923
0 0.22355769230769237 0.39663461538461536 0.043269230769230824 0.39663461538461536 0.043269230769230824 0.4543269230769231 0.22355769230769237 0.4543269230769231
0 0.22355769230769237 0.4543269230769231 0.05048076923076928 0.4543269230769231 0.05048076923076929 0.5168269230769231 0.22355769230769237 0.5168269230769231
0 0.2163461538461539 0.5144230769230769 0.04567307692307699 0.5144230769230769 0.04567307692307699 0.5697115384615384 0.2163461538461539 0.5697115384615384
0 0.24519230769230776 0.5673076923076923 0.052884615384615453 0.5673076923076923 0.05288461538461546 0.6298076923076923 0.24519230769230776 0.6298076923076923
0 1 0.19230769230769246 0.8701923076923077 0.19230769230769246 0.8701923076923077 0.26682692307692324 1 0.26682692307692324
0 0.9711538461538461 0.2692307692307694 0.9014423076923077 0.2692307692307694 0.9014423076923077 0.3389423076923078 0.9711538461538461 0.3389423076923078
0 1 0.3942307692307694 0.8990384615384616 0.3942307692307694 0.8990384615384616 0.45192307692307704 1 0.45192307692307704
0 1 0.45913461538461553 0.8942307692307693 0.45913461538461553 0.8942307692307693 0.5048076923076924 1 0.5048076923076924
0 1 0.49759615384615397 0.8846153846153846 0.49759615384615397 0.8846153846153846 0.5504807692307694 1 0.5504807692307694
0 0.9927884615384616 0.5552884615384617 0.8918269230769231 0.5552884615384617 0.8918269230769231 0.6153846153846154 0.9927884615384616 0.6153846153846154
0 1 0.3389423076923078 0.8942307692307693 0.3389423076923078 0.8942307692307693 0.3942307692307694 1 0.3942307692307694