0 0.6466346153846154 0.21394230769230774 0.27403846153846156 0.21394230769230768 0.27403846153846156 0.3317307692307693 0.6466346153846154 0.3317307692307694
0 0.43028846153846156 0.36778846153846156 0.2908653846153847 0.36778846153846156 0.2908653846153847 0.46875 0.43028846153846156 0.46875
0 0.9495192307692307 0.20192307692307704 0.7692307692307693 0.20192307692307698 0.7692307692307693 0.27884615384615397 0.9495192307692307 0.27884615384615397
0 0.8605769230769231 0.2812500000000001 0.7908653846153846 0.28125000000000006 0.7908653846153846 0.3509615384615386 0.8605769230769231 0.3509615384615386
0 0.9350961538461539 0.35336538461538475 0.78125 0.35336538461538475 0.78125 0.4062500000000001 0.9350961538461539 0.4062500000000001
0 0.9663461538461539 0.41105769230769246 0.7884615384615384 0.41105769230769246 0.7884615384615384 0.4615384615384617 0.9663461538461539 0.4615384615384617
0 0.9302884615384616 0.4615384615384617 0.7764423076923077 0.4615384615384617 0.7764423076923077 0.5024038461538463 0.9302884615384616 0.5024038461538463
0 0.8942307692307693 0.5048076923076924 0.78125 0.5048076923076924 0.78125 0.5480769230769232 0.8942307692307693 0.5480769230769232
0 0.9182692307692307 0.5504807692307694 0.7836538461538461 0.5504807692307694 0.7836538461538461 0.6274038461538461 0.9182692307692307 0.6274038461538461
1 0.28365384615384626 0.2884615384615385 0.0432692307692308 0.28846153846153844 0.043269230769230844 0.96875 0.2836538461538463 0.96875
2 0.9804589855769232 0.0736648245192309 0.045431346318213696 0.05318826247497429 0.026117555452829073 0.9351199187249745 0.9611451947115385 0.9555964807692311