2 1.0046782201432807 0.9329786932600173 0.9558673813946851 -0.011831231995079896 0.04227290163601974 0.03536695214874905 0.09108374038461539 0.9801768774038463
1 1 0.3413461538461539 0.3269230769230769 0.34134615384615385 0.326923076923077 0.6225961538461539 1 0.6225961538461539
0 0.3557692307692308 0.04567307692307697 0.2860576923076923 0.045673076923076955 0.2860576923076923 0.17307692307692316 0.3557692307692308 0.17307692307692316
0 0.4182692307692308 0.040865384615384664 0.3581730769230769 0.040865384615384664 0.3581730769230769 0.1754807692307693 0.4182692307692308 0.1754807692307693
0 0.4807692307692308 0.045673076923076976 0.4206730769230769 0.045673076923076976 0.4206730769230769 0.18028846153846162 0.4807692307692308 0.18028846153846162
0 0.53125 0.04086538461538468 0.47836538461538464 0.040865384615384664 0.47836538461538464 0.17788461538461545 0.53125 0.17788461538461545
0 0.3725961538461539 0.25000000000000006 0.24759615384615385 0.25 0.24759615384615388 0.6274038461538461 0.37259615384615397 0.6274038461538461
0 0.5048076923076923 0.264423076923077 0.3942307692307692 0.264423076923077 0.3942307692307692 0.40625 0.5048076923076923 0.40625
0 0.6201923076923077 0.24038461538461545 0.5168269230769231 0.24038461538461545 0.5168269230769231 0.43750000000000006 0.6201923076923077 0.4375000000000001
0 0.71875 0.22115384615384623 0.6322115384615384 0.22115384615384623 0.6322115384615384 0.35817307692307704 0.71875 0.35817307692307704
0 0.8413461538461539 0.22115384615384626 0.7331730769230769 0.22115384615384623 0.7331730769230769 0.2980769230769232 0.8413461538461539 0.29807692307692324
0 0.45913461538461553 0.5817307692307693 0.3870192307692309 0.5817307692307693 0.3870192307692309 0.7259615384615384 0.45913461538461553 0.7259615384615384
0 0.5480769230769232 0.5625 0.48317307692307704 0.5625 0.48317307692307704 0.71875 0.5480769230769232 0.71875
0 0.6538461538461539 0.7524038461538461 0.591346153846154 0.7524038461538461 0.591346153846154 0.8942307692307693 0.6538461538461539 0.8942307692307693
0 0.591346153846154 0.7524038461538461 0.543269230769231 0.7524038461538461 0.543269230769231 0.8774038461538461 0.591346153846154 0.8774038461538461
0 0.5408653846153848 0.7572115384615384 0.4951923076923078 0.7572115384615384 0.4951923076923078 0.9158653846153846 0.5408653846153848 0.9158653846153846
0 0.5000000000000001 0.7620192307692307 0.4447115384615386 0.7620192307692307 0.4447115384615386 0.9423076923076923 0.5000000000000001 0.9423076923076923
0 0.4399038461538463 0.7644230769230769 0.39182692307692324 0.7644230769230769 0.39182692307692324 0.9278846153846154 0.4399038461538463 0.9278846153846154
0 0.3774038461538463 0.7740384615384616 0.31009615384615397 0.7740384615384616 0.31009615384615397 0.8461538461538461 0.3774038461538463 0.8461538461538461
0 0.3028846153846155 0.7524038461538461 0.23076923076923084 0.7524038461538461 0.23076923076923087 0.9375 0.30288461538461553 0.9375