2 0.9989586586538464 0.05235320432692321 0.03901595326935485 -0.002554466406386923 -0.01680754431472081 0.9733995046727976 0.9431351610697708 1.0283071754061077
0 0.3791671246809534 0.9243067202446654 0.19757185336538477 0.8814261274038463 0.17811334092406814 0.9638310945948446 0.3597086122396368 1.0067116874356636
0 0.5404889828486056 0.8893523431937589 0.1679517259615386 0.7981715384615385 0.14954828541758386 0.873362443802457 0.5220855423046509 0.9645432485346773
0 0.1521565048076924 0.8182930456730768 0.10323004273509857 0.8154434036161831 0.0982426196581755 0.9010741464046446 0.1471690817307693 0.9039237884615384
0 0.8594912925316083 0.8982553434276889 0.40022428365384616 0.7914900625000001 0.3812067795837764 0.8732967334953882 0.8404737884615385 0.9800620144230769
0 0.8587058825742283 0.7701600590302811 0.04324334375000008 0.6617501995192305 0.03255320636807943 0.7421617654889497 0.8480157451923076 0.8505716250000002
0 0.9181507239632616 0.6913322521982936 0.02839182451923086 0.5939341081730769 0.018868475555969336 0.6809325266478604 0.908627375 0.778330670673077
0 0.9016526900651022 0.5898200235957008 0.33578821967131145 0.5282617877811313 0.3272202483562093 0.6070215262046612 0.8930847187500001 0.6685797620192309
0 0.8587537403846154 0.4510027788461539 0.4032429381340922 0.4492534730783214 0.40280054149947675 0.5644514274052445 0.8583113437500001 0.566200733173077
0 0.8553182451923076 0.4382531538461538 0.8549091298076922 0.33767507932692303 0.37079668355440365 0.3396442744083831 0.371205798939019 0.4402223489276139
0 0.31361623798076926 0.35958543749999994 0.08301177810922654 0.3559553725273561 0.08185911064169613 0.4291800284948111 0.31246357051323886 0.43281009346745497
0 0.8990968261025457 0.31893135408803547 0.8960854831730771 0.22251696875 0.11832169793591599 0.2468091266811953 0.12133304086538461 0.34322351201923074
0 0.9081140609276125 0.20314186878942483 0.896824627403846 0.08429033894230768 0.21575059930068435 0.14898399475746624 0.22704003282445073 0.2678355246045834