2 1.0004225999505325 0.12664294223317157 0.0015505456730769349 0.08883063942307692 -0.032374985009126236 0.9850274327042959 0.9664970692683291 1.0228397355143906
0 0.9150918100961539 0.7573538798076924 0.8588317996208281 0.7483355445020183 0.8362418488202855 0.889260762471683 0.8925018592956112 0.8982790977773569
0 0.8731467548076923 0.6326866250000001 0.8123864032774473 0.6244104769650641 0.7721126875000001 0.9200848798076924 0.8328730390302449 0.9283610278426283
0 0.8547771094764253 0.9281763519622798 0.7899250889423077 0.9279505961538462 0.7897960900428058 0.9650076239992591 0.8546481105769234 0.9652333798076925
0 0.8739922475961539 0.364685560096154 0.7702940586535867 0.3440439450593434 0.6941215610574327 0.7267150700593434 0.7978197499999999 0.7473566850961539
0 0.7522973653846153 0.35445657451923085 0.6882068197115383 0.3534084663461539 0.6798331450723539 0.8654485311980769 0.743923690745431 0.8664966393711537
0 0.7057984039184519 0.8615642359856086 0.6835628772544725 0.28549710424031544 0.6086386298076923 0.28838909375 0.6308741564716717 0.8644562254952931
0 0.6130705120192308 0.7954427860576924 0.5988161946112668 0.29778864707830266 0.5215704975961539 0.3000011971153846 0.5358248150041178 0.7976553360947742
0 0.5412557163461538 0.7315999975961538 0.4913660797660514 0.3273696524850563 0.41946656730769233 0.33624340625 0.46935620388779475 0.7404737513610975
0 0.4628986586538462 0.7359661778846152 0.38900159790530225 0.3330503843040816 0.3169051057692307 0.3462732932692307 0.39080216651777466 0.7491890868497643
0 0.4186951225961538 0.7983501730769231 0.28273473672829214 0.2908650136770123 0.20912685096153846 0.3105853076923077 0.34508723682940007 0.8180704670922185
0 0.33958447115384627 0.7595431225961539 0.17557493647791092 0.28342373511104385 0.10962681971153848 0.3061409783653847 0.2736363543874738 0.7822603658504946