1 0.9735576923076923 0.34375000000000006 0.2788461538461539 0.34375 0.2788461538461539 0.6442307692307693 0.9735576923076923 0.6442307692307693
0 0.3365384615384617 0.7908653846153846 0.24278846153846162 0.7908653846153846 0.24278846153846165 0.9110576923076923 0.3365384615384617 0.9110576923076923
0 0.40384615384615397 0.7692307692307693 0.3317307692307694 0.7692307692307693 0.3317307692307694 0.9134615384615384 0.40384615384615397 0.9134615384615384
0 0.4639423076923078 0.7620192307692307 0.39663461538461553 0.7620192307692307 0.39663461538461553 0.9134615384615384 0.4639423076923078 0.9134615384615384
0 0.528846153846154 0.7596153846153846 0.4615384615384617 0.7596153846153846 0.4615384615384617 0.9086538461538461 0.528846153846154 0.9086538461538461
0 0.3461538461538462 0.3245192307692308 0.20913461538461545 0.3245192307692308 0.20913461538461545 0.7091346153846154 0.3461538461538463 0.7091346153846154
0 0.4879807692307693 0.5456730769230769 0.37740384615384615 0.5456730769230769 0.3774038461538462 0.6802884615384616 0.4879807692307694 0.6802884615384616
0 0.5937500000000001 0.576923076923077 0.49759615384615397 0.5769230769230769 0.49759615384615397 0.6875 0.5937500000000001 0.6875
0 0.7259615384615384 0.5625000000000001 0.6153846153846154 0.5625000000000001 0.6153846153846154 0.6802884615384616 0.7259615384615384 0.6802884615384616
0 0.8485576923076923 0.605769230769231 0.7355769230769231 0.605769230769231 0.7355769230769231 0.6875 0.8485576923076923 0.6875
0 0.4543269230769231 0.23076923076923084 0.3485576923076923 0.23076923076923084 0.3485576923076923 0.4375 0.4543269230769231 0.4375
0 0.5360576923076923 0.22355769230769237 0.4423076923076923 0.22355769230769237 0.4423076923076923 0.4495192307692308 0.5360576923076923 0.4495192307692308
0 0.5913461538461539 0.3461538461538462 0.5168269230769231 0.34615384615384615 0.5168269230769231 0.4278846153846155 0.5913461538461539 0.42788461538461553
0 0.6947115384615384 0.1658653846153847 0.5961538461538461 0.1658653846153847 0.5961538461538461 0.4302884615384617 0.6947115384615384 0.4302884615384617
0 0.75 0.2716346153846155 0.6923076923076923 0.2716346153846155 0.6923076923076923 0.41105769230769246 0.75 0.41105769230769246
0 0.30288461538461536 0.05288461538461542 0.22115384615384615 0.05288461538461542 0.22115384615384615 0.21153846153846156 0.30288461538461536 0.21153846153846162
0 0.3701923076923077 0.11778846153846158 0.2980769230769231 0.11778846153846158 0.2980769230769231 0.18990384615384623 0.3701923076923077 0.18990384615384623
0 0.43028846153846156 0.043269230769230824 0.36778846153846156 0.043269230769230824 0.36778846153846156 0.18750000000000006 0.43028846153846156 0.18750000000000006
0 0.4807692307692308 0.026442307692307748 0.4326923076923077 0.026442307692307744 0.4326923076923077 0.18028846153846162 0.4807692307692308 0.18028846153846162
0 0.53125 0.03846153846153852 0.47836538461538464 0.03846153846153851 0.47836538461538464 0.18990384615384623 0.53125 0.18990384615384623
0 0.5769230769230769 0.076923076923077 0.53125 0.076923076923077 0.53125 0.1850961538461539 0.5769230769230769 0.1850961538461539
0 0.6370192307692307 0.05528846153846161 0.5697115384615384 0.055288461538461606 0.5697115384615384 0.18028846153846162 0.6370192307692307 0.18028846153846162
2 0.9657152091346155 1.1956247957501685e-16 0.05459903220001659 -0.043216580446969535 0.00626481490384627 0.9757924855769231 0.9173809918384451 1.0190090660238929