2 0.9659860024038459 0.024111545673077037 0.008607955189983588 0.021807732018356223 0.006321733173077041 0.9718753581730767 0.9636997803869394 0.9741791718277976
0 0.3317307692307694 0.8004807692307693 0.22596153846153852 0.8004807692307693 0.22596153846153857 0.9326923076923077 0.3317307692307694 0.9326923076923077
0 0.38942307692307704 0.7956730769230769 0.32692307692307704 0.7956730769230769 0.32692307692307704 0.9350961538461539 0.38942307692307704 0.9350961538461539
0 0.4639423076923078 0.7908653846153846 0.39182692307692324 0.7908653846153846 0.39182692307692324 0.9302884615384616 0.4639423076923078 0.9302884615384616
0 0.5144230769230771 0.7932692307692307 0.45192307692307704 0.7932692307692307 0.45192307692307704 0.9375 0.5144230769230771 0.9375
0 0.3413461538461539 0.3389423076923077 0.20192307692307698 0.3389423076923077 0.20192307692307698 0.7235576923076923 0.34134615384615397 0.7235576923076923
0 0.47836538461538475 0.5649038461538461 0.3629807692307694 0.5649038461538461 0.3629807692307694 0.7019230769230769 0.47836538461538475 0.7019230769230769
0 0.5961538461538463 0.5192307692307693 0.4831730769230769 0.5192307692307693 0.483173076923077 0.71875 0.5961538461538463 0.71875
0 0.7355769230769231 0.5144230769230771 0.6225961538461539 0.5144230769230771 0.6225961538461539 0.7211538461538461 0.7355769230769231 0.7211538461538461
0 0.8485576923076923 0.6442307692307693 0.7331730769230769 0.6442307692307693 0.7331730769230769 0.7307692307692307 0.8485576923076923 0.7307692307692307
0 0.43990384615384615 0.2548076923076924 0.34375 0.2548076923076924 0.34375 0.4519230769230769 0.43990384615384615 0.4519230769230769
0 0.5360576923076923 0.24519230769230776 0.43990384615384615 0.24519230769230776 0.43990384615384615 0.46875 0.5360576923076923 0.46875
0 0.5889423076923077 0.38221153846153855 0.5240384615384616 0.38221153846153844 0.5240384615384616 0.44951923076923084 0.5889423076923077 0.4495192307692309
0 0.6923076923076923 0.20432692307692316 0.6057692307692307 0.20432692307692316 0.6057692307692307 0.45913461538461553 0.6923076923076923 0.45913461538461553
0 0.7596153846153846 0.3076923076923078 0.6754807692307693 0.3076923076923078 0.6754807692307693 0.45192307692307704 0.7596153846153846 0.45192307692307704
0 0.6322115384615384 0.076923076923077 0.5745192307692307 0.076923076923077 0.5745192307692307 0.20913461538461545 0.6322115384615384 0.20913461538461545
0 0.5697115384615384 0.10336538461538468 0.5192307692307693 0.10336538461538468 0.5192307692307693 0.2067307692307693 0.5697115384615384 0.2067307692307693
0 0.5264423076923077 0.06250000000000006 0.46634615384615385 0.06250000000000006 0.46634615384615385 0.21153846153846162 0.5264423076923077 0.21153846153846162
0 0.4807692307692308 0.043269230769230824 0.4206730769230769 0.043269230769230824 0.4206730769230769 0.2067307692307693 0.4807692307692308 0.2067307692307693
0 0.4254807692307692 0.057692307692307744 0.3557692307692308 0.057692307692307744 0.3557692307692308 0.20913461538461545 0.4254807692307692 0.20913461538461545
0 0.28907350961538464 0.23001879326923075 0.2704684176235965 0.05807687067353729 0.20220706009615383 0.06546313701923077 0.22081215208794186 0.23740505961492425
0 0.35915331009615387 0.20398048557692303 0.35647848386649333 0.13107292233371906 0.28577299278846147 0.13366695913461538 0.288447819018122 0.20657452237781934