1 0.591346153846154 0.3004807692307693 0.3389423076923077 0.3004807692307693 0.33894230769230776 0.9855769230769231 0.591346153846154 0.9855769230769231
0 0.18750000000000003 0.27163461538461536 0.06971153846153849 0.27163461538461536 0.0697115384615385 0.3605769230769231 0.18750000000000006 0.3605769230769231
0 0.20432692307692316 0.3605769230769231 0.06250000000000006 0.3605769230769231 0.06250000000000006 0.4254807692307692 0.20432692307692316 0.4254807692307692
0 0.2067307692307693 0.4254807692307692 0.060096153846153896 0.4254807692307692 0.060096153846153896 0.4855769230769231 0.2067307692307693 0.4855769230769231
0 0.20432692307692316 0.49038461538461536 0.06009615384615392 0.49038461538461536 0.06009615384615392 0.5504807692307693 0.20432692307692316 0.5504807692307693
0 0.6514423076923077 0.2307692307692308 0.2764423076923077 0.23076923076923078 0.2764423076923077 0.358173076923077 0.6514423076923077 0.35817307692307704
0 0.4230769230769231 0.39903846153846156 0.29326923076923084 0.39903846153846156 0.29326923076923084 0.5048076923076923 0.4230769230769231 0.5048076923076923
0 0.3846153846153847 0.5192307692307693 0.28125000000000006 0.5192307692307693 0.28125000000000006 0.6105769230769231 0.38461538461538475 0.6105769230769231
0 0.38942307692307704 0.6370192307692307 0.2788461538461539 0.6370192307692307 0.2788461538461539 0.7427884615384616 0.38942307692307704 0.7427884615384616
0 0.3389423076923078 0.7572115384615384 0.264423076923077 0.7572115384615384 0.26442307692307704 0.8677884615384616 0.3389423076923078 0.8677884615384616
0 0.7403846153846154 0.3629807692307693 0.5384615384615384 0.3629807692307692 0.5384615384615384 0.4615384615384616 0.7403846153846154 0.4615384615384617
0 0.7427884615384616 0.4567307692307693 0.5216346153846154 0.4567307692307692 0.5216346153846154 0.5432692307692308 0.7427884615384616 0.543269230769231
0 0.6129807692307693 0.5312500000000001 0.5384615384615384 0.53125 0.5384615384615385 0.6033653846153847 0.6129807692307694 0.6033653846153848
0 0.7884615384615384 0.6105769230769231 0.5312500000000001 0.6105769230769231 0.5312500000000001 0.7019230769230769 0.7884615384615384 0.7019230769230769
0 0.6802884615384616 0.7067307692307693 0.543269230769231 0.7067307692307693 0.543269230769231 0.7596153846153846 0.6802884615384616 0.7596153846153846
0 0.9278846153846154 0.22836538461538472 0.7716346153846154 0.2283653846153847 0.7716346153846154 0.3028846153846155 0.9278846153846154 0.30288461538461553
0 0.8581730769230769 0.3052884615384616 0.7908653846153846 0.3052884615384616 0.7908653846153846 0.3750000000000001 0.8581730769230769 0.3750000000000001
0 0.9302884615384616 0.3750000000000001 0.7884615384615384 0.3750000000000001 0.7884615384615384 0.4326923076923078 0.9302884615384616 0.4326923076923078
0 0.9447115384615384 0.4375000000000001 0.7932692307692307 0.4375000000000001 0.7932692307692307 0.48317307692307704 0.9447115384615384 0.48317307692307704
0 0.9278846153846154 0.48557692307692324 0.7788461538461539 0.48557692307692324 0.7788461538461539 0.5336538461538463 0.9278846153846154 0.5336538461538463
0 0.8870192307692307 0.5384615384615385 0.78125 0.5384615384615385 0.78125 0.5793269230769232 0.8870192307692307 0.5793269230769232
0 0.9038461538461539 0.5769230769230771 0.7836538461538461 0.5769230769230771 0.7836538461538461 0.6394230769230769 0.9038461538461539 0.6394230769230769
2 0.9833058428870416 0.07010992290320345 0.021982413461538466 0.03472222115384616 -0.01108362173319542 0.9329764953660273 0.9502398076923078 0.9683641971153847