2 0.9744713052884616 0.01297376923076929 1.5888284961337957e-18 0.012973769230769231 6.202675420543456e-17 1 0.9744713052884616 1
0 0.6658653846153846 0.8173076923076923 0.5985576923076924 0.8173076923076923 0.5985576923076924 0.9903846153846154 0.6658653846153846 0.9903846153846154
0 0.39663461538461553 0.8052884615384616 0.32932692307692324 0.8052884615384616 0.32932692307692324 1 0.39663461538461553 1
0 0.3437500000000001 0.7644230769230769 0.2692307692307693 0.7644230769230769 0.26923076923076933 1 0.3437500000000001 1
0 0.3221153846153847 0.5192307692307693 0.2379807692307693 0.5192307692307693 0.2379807692307693 0.7475961538461539 0.32211538461538475 0.7475961538461539
0 0.389423076923077 0.5216346153846154 0.31971153846153844 0.5216346153846154 0.31971153846153855 0.7524038461538461 0.38942307692307704 0.7524038461538461
0 0.451923076923077 0.5480769230769231 0.38221153846153844 0.5480769230769231 0.38221153846153855 0.7524038461538461 0.45192307692307704 0.7524038461538461
0 0.5336538461538463 0.5264423076923077 0.4326923076923077 0.5264423076923077 0.43269230769230776 0.7716346153846154 0.5336538461538463 0.7716346153846154
0 0.5937500000000001 0.5528846153846154 0.5192307692307693 0.5528846153846154 0.5192307692307693 0.7716346153846154 0.5937500000000001 0.7716346153846154
0 0.6610576923076923 0.5576923076923078 0.5817307692307693 0.5576923076923078 0.5817307692307693 0.7668269230769231 0.6610576923076923 0.7668269230769231
0 0.7379807692307693 0.5360576923076924 0.6490384615384616 0.5360576923076924 0.6490384615384616 0.7572115384615384 0.7379807692307693 0.7572115384615384
0 0.5048076923076923 0.3173076923076923 0.4206730769230769 0.3173076923076923 0.4206730769230769 0.5072115384615384 0.5048076923076923 0.5072115384615384
0 0.9038461538461539 0.2451923076923078 0.8125 0.24519230769230776 0.8125 0.32932692307692324 0.9038461538461539 0.32932692307692324
0 0.45432692307692324 0.9447115384615384 0.39182692307692324 0.9447115384615384 0.39182692307692324 1 0.45432692307692324 1
0 0.5384615384615385 0.8822115384615384 0.47355769230769246 0.8822115384615384 0.47355769230769246 1 0.5384615384615385 1
0 0.605769230769231 0.8028846153846154 0.5360576923076924 0.8028846153846154 0.5360576923076924 0.9879807692307693 0.605769230769231 0.9879807692307693
0 0.7618280841346154 0.8425943966346156 0.6978757913936072 0.8212539950456823 0.6391610473715921 0.9972086265581711 0.7031133401126002 1.0185490281471041
0 0.274040795673077 0.7742841177884615 0.20213231730769238 0.7742841177884615 0.20213231730769243 1 0.27404079567307704 1
0 0.21788342067307692 1 0.18760827511579395 0.7736343535281589 0.12465985615484285 0.7820533542747262 0.15493500171212585 1.0084190007465674
0 0.14765469951923074 0.9999999999999999 0.12815685509479244 0.7906785656470201 0.06255621634615384 0.796789125 0.08205406077059217 1.0061105593529798
0 0.7379807692307693 0.41105769230769246 0.6634615384615384 0.41105769230769246 0.6634615384615384 0.46634615384615397 0.7379807692307693 0.46634615384615397
0 0.7764423076923077 0.2860576923076924 0.6947115384615384 0.2860576923076924 0.6947115384615384 0.35336538461538475 0.7764423076923077 0.35336538461538475
0 0.6394230769230769 0.4062500000000001 0.5793269230769231 0.4062500000000001 0.5793269230769231 0.4639423076923078 0.6394230769230769 0.4639423076923078
0 0.6754807692307693 0.295673076923077 0.6057692307692307 0.295673076923077 0.6057692307692307 0.3389423076923078 0.6754807692307693 0.3389423076923078
0 0.5721153846153846 0.39182692307692313 0.5024038461538461 0.3918269230769231 0.5024038461538461 0.4615384615384616 0.5721153846153846 0.4615384615384617
0 0.5889423076923077 0.2740384615384616 0.5096153846153846 0.2740384615384616 0.5096153846153846 0.32932692307692313 0.5889423076923077 0.32932692307692324
0 0.4182692307692308 0.22596153846153852 0.34615384615384615 0.22596153846153852 0.34615384615384615 0.3269230769230769 0.4182692307692308 0.3269230769230769
0 0.4182692307692308 0.3870192307692308 0.3605769230769231 0.3870192307692308 0.3605769230769231 0.4567307692307692 0.4182692307692308 0.4567307692307692