1 0.5528846153846154 0.3894230769230769 0.29326923076923084 0.3894230769230769 0.2932692307692309 0.9975961538461539 0.5528846153846155 0.9975961538461539
2 1 0.0552884615384616 0.024038461538461547 0.055288461538461536 0.024038461538461602 0.9495192307692307 1 0.9495192307692307
0 0.19471153846153852 0.30528846153846156 0.05769230769230772 0.30528846153846156 0.05769230769230774 0.3870192307692308 0.19471153846153852 0.3870192307692308
0 0.21153846153846162 0.39903846153846156 0.060096153846153896 0.39903846153846156 0.060096153846153896 0.46634615384615385 0.21153846153846162 0.46634615384615385
0 0.22596153846153852 0.46634615384615385 0.0649038461538462 0.46634615384615385 0.06490384615384621 0.5288461538461539 0.22596153846153852 0.5288461538461539
0 0.21875000000000006 0.53125 0.055288461538461606 0.53125 0.055288461538461606 0.6274038461538461 0.21875000000000006 0.6274038461538461
0 0.96875 0.1826923076923078 0.7956730769230769 0.18269230769230776 0.7956730769230769 0.26923076923076933 0.96875 0.2692307692307694
0 0.8918269230769231 0.2764423076923078 0.8149038461538461 0.27644230769230776 0.8149038461538461 0.3437500000000001 0.8918269230769231 0.3437500000000001
0 0.9735576923076923 0.3365384615384617 0.8100961538461539 0.3365384615384617 0.8100961538461539 0.4014423076923078 0.9735576923076923 0.4014423076923078
0 0.9879807692307693 0.3990384615384617 0.8197115384615384 0.3990384615384617 0.8197115384615384 0.45192307692307704 0.9879807692307693 0.45192307692307704
0 0.9783653846153846 0.45192307692307704 0.8052884615384616 0.45192307692307704 0.8052884615384616 0.5000000000000001 0.9783653846153846 0.5000000000000001
0 0.9350961538461539 0.5024038461538463 0.8197115384615384 0.5024038461538463 0.8197115384615384 0.5552884615384617 0.9350961538461539 0.5552884615384617
0 0.9471153846153846 0.5504807692307694 0.8149038461538461 0.5504807692307694 0.8149038461538461 0.6153846153846154 0.9471153846153846 0.6153846153846154