1 0.39182692307692313 0.33413461538461536 0.09615384615384619 0.33413461538461536 0.09615384615384623 0.9735576923076923 0.39182692307692324 0.9735576923076923
0 0.19951923076923084 0.2860576923076923 0.06971153846153849 0.2860576923076923 0.0697115384615385 0.3629807692307692 0.19951923076923084 0.3629807692307692
0 0.17067307692307698 0.3701923076923077 0.0649038461538462 0.3701923076923077 0.0649038461538462 0.44471153846153844 0.17067307692307698 0.44471153846153844
0 0.1658653846153847 0.4423076923076923 0.057692307692307744 0.4423076923076923 0.05769230769230775 0.5048076923076923 0.1658653846153847 0.5048076923076923
0 0.9278846153846154 0.10096153846153856 0.7884615384615384 0.10096153846153856 0.7884615384615384 0.18509615384615394 0.9278846153846154 0.185096153846154
0 0.8653846153846154 0.18028846153846165 0.8004807692307693 0.18028846153846162 0.8004807692307693 0.2451923076923078 0.8653846153846154 0.24519230769230782
0 0.1993880803190182 0.5292614210516777 0.18678537913064788 0.48334050580912896 0.0371199166000912 0.5244152337959128 0.04972261778846154 0.5703361490384615
0 0.20265759852891876 0.5816304340168243 0.18921491826923081 0.5311111274038461 0.03776618752877359 0.5714101140600988 0.05120886778846156 0.621929420673077
0 0.9479842462393661 0.2595508099062444 0.9347630216346156 0.21696565624999994 0.7844559484721725 0.26363082951683253 0.797677173076923 0.30621598317307697
0 0.9466661146413491 0.3168131737165164 0.9379299471153845 0.26847084615384614 0.7971082675701895 0.29391938878348356 0.805844435096154 0.3422617163461539
0 0.9205329735576923 0.360566985576923 0.9106850384615384 0.3246093317307693 0.7851390268772221 0.3589933596474175 0.794986961973376 0.3949510134935713
0 0.8988647639093895 0.39951731614437114 0.8892009375000002 0.3667682475961538 0.7882669259944568 0.3965525684710135 0.7979307524038461 0.4293016370192308
0 0.9139005415833522 0.4600570349411695 0.9049312235576925 0.4024176225961539 0.7906074151474173 0.4202076477511383 0.7995767331730771 0.47784706009615385
2 0.9576306995192307 1.0605147497858095e-16 0.008786009615384673 4.7951494359645553e-17 0.00878600961538473 0.935699420673077 0.9576306995192307 0.935699420673077