2 0.973333334134616 0.06627836778846166 0.027730727673226534 0.06305194643044026 0.024653804596303196 0.9648394560458248 0.9702564110576926 0.9680658774038462
0 0.19951923076923084 0.2932692307692308 0.06730769230769235 0.2932692307692308 0.06730769230769235 0.3870192307692308 0.19951923076923084 0.3870192307692308
0 0.20192307692307698 0.3918269230769231 0.06250000000000006 0.3918269230769231 0.06250000000000006 0.44471153846153844 0.20192307692307698 0.44471153846153844
0 0.2067307692307693 0.45913461538461536 0.06730769230769236 0.45913461538461536 0.06730769230769237 0.5216346153846154 0.2067307692307693 0.5216346153846154
0 0.20192307692307698 0.5168269230769231 0.06009615384615392 0.5168269230769231 0.06009615384615392 0.5697115384615384 0.20192307692307698 0.5697115384615384
0 0.6610576923076923 0.25480769230769235 0.27403846153846156 0.2548076923076923 0.27403846153846156 0.3653846153846155 0.6610576923076923 0.36538461538461553
0 0.4326923076923077 0.41346153846153844 0.295673076923077 0.41346153846153844 0.295673076923077 0.5192307692307693 0.4326923076923077 0.5192307692307693
0 0.47596153846153855 0.53125 0.2788461538461539 0.53125 0.2788461538461539 0.6346153846153846 0.4759615384615386 0.6346153846153846
0 0.48317307692307704 0.6754807692307693 0.2740384615384616 0.6754807692307693 0.2740384615384616 0.7740384615384616 0.48317307692307704 0.7740384615384616
0 0.3509615384615386 0.7860576923076923 0.264423076923077 0.7860576923076923 0.26442307692307704 0.8942307692307693 0.3509615384615386 0.8942307692307693
0 0.7427884615384616 0.37500000000000006 0.5480769230769231 0.375 0.5480769230769231 0.4591346153846155 0.7427884615384616 0.45913461538461553
0 0.7524038461538461 0.4711538461538462 0.5288461538461539 0.47115384615384615 0.5288461538461539 0.5552884615384616 0.7524038461538461 0.5552884615384617
0 0.6153846153846154 0.5576923076923077 0.5456730769230769 0.5576923076923077 0.545673076923077 0.6177884615384616 0.6153846153846154 0.6177884615384616
0 0.7908653846153846 0.6370192307692307 0.5384615384615385 0.6370192307692307 0.5384615384615385 0.7067307692307693 0.7908653846153846 0.7067307692307693
0 0.6875 0.7067307692307693 0.543269230769231 0.7067307692307693 0.543269230769231 0.78125 0.6875 0.78125
0 0.9182692307692307 0.591346153846154 0.7884615384615384 0.591346153846154 0.7884615384615384 0.6394230769230769 0.9182692307692307 0.6394230769230769
0 0.8942307692307693 0.5336538461538463 0.7908653846153846 0.5336538461538463 0.7908653846153846 0.5793269230769232 0.8942307692307693 0.5793269230769232
0 0.9350961538461539 0.48317307692307704 0.7860576923076923 0.48317307692307704 0.7860576923076923 0.5312500000000001 0.9350961538461539 0.5312500000000001
0 0.9543269230769231 0.4375000000000001 0.7908653846153846 0.4375000000000001 0.7908653846153846 0.48557692307692324 0.9543269230769231 0.48557692307692324
0 0.9399038461538461 0.37259615384615397 0.7884615384615384 0.37259615384615397 0.7884615384615384 0.42788461538461553 0.9399038461538461 0.42788461538461553
0 0.9452423819312068 0.2737659401179151 0.9333333341346154 0.20686884855769233 0.7562960796072548 0.23838509353593113 0.7682051274038462 0.3052821850961539
0 0.8775520728630506 0.35564078902085555 0.8638891826967972 0.2918494050114718 0.7801832636799007 0.3097776063752316 0.793846153846154 0.3735689903846154