2 1 0.19335937500000014 0.015625000000000062 0.19335937500000006 0.015625000000000114 1 1 1
0 0.264423076923077 0.2620192307692308 0.1274038461538462 0.2620192307692308 0.1274038461538462 0.29086538461538464 0.264423076923077 0.29086538461538464
0 0.28846153846153855 0.2932692307692308 0.18990384615384623 0.2932692307692308 0.18990384615384623 0.31490384615384615 0.28846153846153855 0.31490384615384615
0 0.36778846153846156 0.32211538461538464 0.11298076923076926 0.32211538461538464 0.11298076923076926 0.3581730769230769 0.36778846153846156 0.3581730769230769
0 0.3581730769230769 0.375 0.08653846153846158 0.375 0.08653846153846158 0.4110576923076923 0.3581730769230769 0.4110576923076923
0 0.29326923076923084 0.4375 0.0817307692307693 0.4375 0.0817307692307693 0.47596153846153844 0.29326923076923084 0.47596153846153844
0 0.9783653846153846 0.3317307692307694 0.6105769230769231 0.3317307692307694 0.6105769230769231 0.3870192307692309 0.9783653846153846 0.3870192307692309
0 0.9927884615384616 0.39182692307692324 0.6802884615384616 0.39182692307692324 0.6802884615384616 0.42307692307692324 0.9927884615384616 0.42307692307692324
0 1 0.4254807692307694 0.6081730769230769 0.4254807692307694 0.6081730769230769 0.4567307692307694 1 0.4567307692307694
0 0.9975961538461539 0.45913461538461553 0.6490384615384616 0.45913461538461553 0.6490384615384616 0.4951923076923078 0.9975961538461539 0.4951923076923078
0 0.4616636254553693 0.6617008830317676 0.08174592247707357 0.6157069104415659 0.07581146288708898 0.6647265129867215 0.4557291658653847 0.710720485576923