0 0.7558065576923076 8.092056248386683e-17 0.5657265168269231 6.928151680248726e-17 0.5657265168269231 0.09946134615384625 0.7558065576923076 0.09946134615384626
0 0.9567008041728111 0.11772286370912309 0.799643096153846 0.04742537019230776 0.7622406817200218 0.13098933800215193 0.919298389738987 0.20128683151896726
0 0.7869307404177944 0.08881689264323732 0.4215095072115385 0.04915938221153851 0.4124571874668209 0.1325713212990705 0.7778784206730769 0.17222883173076933
0 0.5647792580497314 0.1282568369305979 0.11114114903846156 0.0677842043269231 0.0996138556569225 0.15425670182658943 0.5532519646681924 0.21472933443026423
0 0.9215873643267012 0.23457625977506208 0.10741288461538462 0.18469494711538464 0.10220733593313347 0.2696611331277633 0.91638181564445 0.31954244578744073
0 0.9255817307692307 0.35921640625000006 0.9246875648162404 0.25893203477581 0.0390277210662404 0.26682884727581 0.03992188701923078 0.36711321875
0 0.6258431971153848 0.3710923605769231 0.0515706598508939 0.3705620727108417 0.051483870192307754 0.4645504903846154 0.6257564074567986 0.4650807782506968
0 0.5555012075010833 0.5430574336298719 0.5494424466484328 0.4559365741167611 0.08855239058965708 0.48798885923688917 0.09461115144230768 0.57510971875
0 0.8836280604238683 0.5918339895737931 0.8729333007594466 0.5078417341040522 0.08952519466250138 0.6075933286648745 0.10021995432692309 0.6915855841346153
0 0.8596194453435534 0.6651988255030652 0.8412978833982279 0.5709144540415904 0.04143379863159742 0.7263459338269868 0.05975536057692306 0.8206303052884615
0 0.7527038340153417 0.779681807406544 0.7365569582454844 0.7010731564229113 0.05197300644168115 0.8416924379586754 0.06811988221153846 0.9203010889423079
2 0.9789315889423077 5.994227184912148e-17 0 0 6.088290038780533e-17 0.99429321875 0.9789315889423077 0.99429321875