0 0.3461538461538462 0.21394230769230774 0.23317307692307693 0.21394230769230768 0.23317307692307696 0.6274038461538461 0.3461538461538463 0.6274038461538461
0 0.4350961538461539 0.5 0.3485576923076923 0.5 0.3485576923076924 0.7283653846153846 0.43509615384615397 0.7283653846153846
0 0.3557692307692308 0.052884615384615426 0.28846153846153844 0.05288461538461542 0.28846153846153844 0.12019230769230772 0.3557692307692308 0.12019230769230772
0 0.4326923076923077 0.024038461538461585 0.3701923076923077 0.02403846153846158 0.3701923076923077 0.12019230769230774 0.4326923076923077 0.12019230769230776
0 0.5024038461538461 0.04567307692307698 0.43509615384615385 0.045673076923076976 0.43509615384615385 0.13221153846153852 0.5024038461538461 0.13221153846153852
0 0.5504807692307693 0.02163461538461545 0.49759615384615385 0.021634615384615443 0.49759615384615385 0.12019230769230776 0.5504807692307693 0.12019230769230776
0 0.6418269230769231 0.7764423076923077 0.560096153846154 0.7764423076923077 0.560096153846154 0.9254807692307693 0.6418269230769231 0.9254807692307693
0 0.5528846153846155 0.7836538461538461 0.5072115384615385 0.7836538461538461 0.5072115384615385 0.9038461538461539 0.5528846153846155 0.9038461538461539
0 0.5096153846153848 0.7788461538461539 0.45913461538461553 0.7788461538461539 0.45913461538461553 0.9495192307692307 0.5096153846153848 0.9495192307692307
0 0.4567307692307694 0.7836538461538461 0.3990384615384617 0.7836538461538461 0.3990384615384617 0.9807692307692307 0.4567307692307694 0.9807692307692307
0 0.3990384615384617 0.7860576923076923 0.32932692307692324 0.7860576923076923 0.32932692307692324 0.9519230769230769 0.3990384615384617 0.9519230769230769
0 0.3317307692307694 0.7980769230769231 0.26682692307692313 0.7980769230769231 0.2668269230769232 0.8653846153846154 0.3317307692307694 0.8653846153846154
0 0.2668269230769232 0.7548076923076923 0.16826923076923084 0.7548076923076923 0.16826923076923087 0.9615384615384616 0.26682692307692324 0.9615384615384616
1 0.9759615384615384 0.2451923076923078 0.30288461538461536 0.24519230769230776 0.3028846153846154 0.47596153846153855 0.9759615384615384 0.4759615384615386
2 0.9975961538461539 6.344023683083043e-17 0.038461538461538464 4.710179996720589e-18 0.03846153846153852 0.9927884615384616 0.9975961538461539 0.9927884615384616
0 0.4807692307692308 0.22596153846153852 0.39903846153846156 0.22596153846153852 0.39903846153846156 0.3701923076923077 0.4807692307692308 0.3701923076923077
0 0.6033653846153846 0.19951923076923084 0.5144230769230769 0.19951923076923084 0.5144230769230769 0.3221153846153847 0.6033653846153846 0.32211538461538475
0 0.7403846153846154 0.19471153846153852 0.6514423076923077 0.19471153846153852 0.6514423076923077 0.2692307692307693 0.7403846153846154 0.2692307692307693
0 0.8557692307692307 0.17788461538461547 0.7644230769230769 0.17788461538461545 0.7644230769230769 0.26923076923076933 0.8557692307692307 0.2692307692307694
0 0.5336538461538461 0.4807692307692308 0.44711538461538464 0.4807692307692308 0.44711538461538464 0.5576923076923077 0.5336538461538461 0.5576923076923077