2 0.99233296875 0.04043447115384619 0.015053125000000004 0.010279987980769234 -0.014931898103797981 0.9820677823702761 0.9623479456462021 1.012222265543353
0 0.6994236445745865 0.5212915395098482 0.6511113004807693 0.5092340360576924 0.5415726774003924 0.9481364731020618 0.5898850214942096 0.9601939765542178
0 0.7267706442307692 0.581364201923077 0.6829003647557287 0.571175670489543 0.5966307283653847 0.9426397115384617 0.6405010078404252 0.9528282429719959
0 0.48806483743731294 0.3467380466183529 0.4346589615384616 0.34223322836538467 0.4030388015706813 0.7170990374417916 0.4564446774695326 0.7216038556947597
0 0.4344639519230771 0.8971143629807694 0.3953199607436805 0.8929168285173449 0.3890105024038463 0.9517555072115388 0.4281544935832429 0.9559530416749633
0 0.42958981881649894 0.3139219362314406 0.3867079206730769 0.3114050552884616 0.34896982060657816 0.9543760180954826 0.39185171875000013 0.9568928990384615
0 0.264423076923077 0.33413461538461536 0.22355769230769237 0.33413461538461536 0.22355769230769237 0.5264423076923077 0.264423076923077 0.5264423076923077
0 0.3052884615384616 0.41586538461538464 0.26201923076923084 0.41586538461538464 0.26201923076923084 0.5288461538461539 0.3052884615384616 0.5288461538461539
0 0.20673076923076927 0.22355769230769232 0.15144230769230774 0.22355769230769232 0.15144230769230774 0.33653846153846156 0.2067307692307693 0.33653846153846156
0 0.21153846153846162 0.6322115384615384 0.18269230769230776 0.6322115384615384 0.18269230769230776 0.6923076923076923 0.21153846153846162 0.6923076923076923
0 0.5552884615384617 0.8173076923076923 0.5096153846153848 0.8173076923076923 0.5096153846153848 0.9230769230769231 0.5552884615384617 0.9230769230769231
0 0.6126384951923078 0.598055560096154 0.5809276833728314 0.5884920097013221 0.5335813774038464 0.7454828485576924 0.5652921892233228 0.7550463989525243
0 0.5697115384615385 0.2548076923076924 0.5144230769230769 0.2548076923076924 0.514423076923077 0.6201923076923077 0.5697115384615385 0.6201923076923077
0 0.6129807692307693 0.28125000000000006 0.5625 0.28125000000000006 0.5625000000000001 0.5625000000000001 0.6129807692307694 0.5625000000000001
0 0.1730769230769232 0.8822115384615384 0.12740384615384626 0.8822115384615384 0.12740384615384626 0.9471153846153846 0.1730769230769232 0.9471153846153846