2 1.0061713857000305 0.9787708117431451 0.9850294482105232 -0.011677036902245792 -0.009505884604891946 0.009552151354609049 0.011636052884615382 1
0 0.6658653846153846 0.8533653846153846 0.4759615384615386 0.8533653846153846 0.4759615384615386 0.9423076923076923 0.6658653846153846 0.9423076923076923
0 0.9350961538461539 0.8125 0.7307692307692307 0.8125 0.7307692307692307 0.9254807692307693 0.9350961538461539 0.9254807692307693
0 0.7091346153846154 0.7692307692307693 0.3197115384615386 0.7692307692307693 0.3197115384615386 0.8605769230769231 0.7091346153846154 0.8605769230769231
0 0.4687500000000001 0.7235576923076923 0.1514423076923078 0.7235576923076923 0.1514423076923078 0.8052884615384616 0.4687500000000001 0.8052884615384616
0 0.918068795673077 0.6723684639423078 0.15128785476356524 0.6614992419224582 0.15039016346153855 0.7248278389423076 0.9171711043710503 0.735697060962157
0 0.9469874711538464 0.6022970192307694 0.14133528889232883 0.599813979864902 0.14114662561967936 0.6610280626587635 0.946798807881197 0.6635111020246308
0 0.5817307692307693 0.5216346153846154 0.13942307692307698 0.5216346153846154 0.13942307692307698 0.6153846153846154 0.5817307692307694 0.6153846153846154
0 0.4855769230769231 0.4519230769230769 0.1538461538461539 0.4519230769230769 0.1538461538461539 0.5360576923076923 0.4855769230769231 0.5360576923076923
0 0.8990384615384616 0.35576923076923084 0.16346153846153852 0.3557692307692308 0.16346153846153852 0.4615384615384616 0.8990384615384616 0.4615384615384617
0 0.8557692307692307 0.2908653846153847 0.1538461538461539 0.29086538461538464 0.1538461538461539 0.38701923076923084 0.8557692307692307 0.3870192307692309
0 0.7283653846153846 0.20913461538461542 0.1418269230769231 0.2091346153846154 0.1418269230769231 0.30528846153846156 0.7283653846153846 0.3052884615384616