0 0.7139423076923077 0.6634615384615384 0.3365384615384617 0.6634615384615384 0.3365384615384617 0.8052884615384616 0.7139423076923077 0.8052884615384616
0 0.5024038461538463 0.5120192307692307 0.34615384615384615 0.5120192307692307 0.3461538461538462 0.6322115384615384 0.5024038461538463 0.6322115384615384
0 0.5264423076923077 0.41346153846153844 0.3269230769230769 0.41346153846153844 0.3269230769230769 0.5144230769230769 0.5264423076923077 0.5144230769230769
0 0.5240384615384616 0.2716346153846155 0.30528846153846156 0.2716346153846155 0.30528846153846156 0.38461538461538464 0.5240384615384616 0.38461538461538464
0 0.38461538461538464 0.16105769230769237 0.29086538461538464 0.16105769230769237 0.29086538461538464 0.2716346153846155 0.38461538461538464 0.2716346153846155
0 0.7956730769230769 0.5865384615384617 0.5841346153846155 0.5865384615384617 0.5841346153846155 0.6754807692307693 0.7956730769230769 0.6754807692307693
0 0.7980769230769231 0.4447115384615386 0.5697115384615384 0.4447115384615386 0.5697115384615385 0.5841346153846155 0.7980769230769231 0.5841346153846155
0 0.8245192307692307 0.3557692307692309 0.5745192307692307 0.3557692307692309 0.5745192307692307 0.44711538461538475 0.8245192307692307 0.44711538461538475
0 0.7331730769230769 0.2740384615384616 0.5745192307692307 0.2740384615384616 0.5745192307692307 0.3629807692307694 0.7331730769230769 0.3629807692307694
0 0.9879807692307693 0.7475961538461539 0.8245192307692307 0.7475961538461539 0.8245192307692307 0.8293269230769231 0.9879807692307693 0.8293269230769231
0 0.9134615384615384 0.6778846153846154 0.8461538461538461 0.6778846153846154 0.8461538461538461 0.75 0.9134615384615384 0.75
2 1.0182186151396253 0.12421718397210658 0.044587394230769246 0.10326629326923077 0.02636877909114406 0.9499230179509706 1 0.9708739086538464
0 0.24519230769230776 0.6466346153846154 0.11538461538461545 0.6466346153846154 0.11538461538461547 0.7235576923076923 0.24519230769230776 0.7235576923076923
0 0.26682692307692313 0.5769230769230769 0.10576923076923084 0.5769230769230769 0.10576923076923084 0.6394230769230769 0.26682692307692313 0.6394230769230769
0 0.26682692307692313 0.5120192307692307 0.10576923076923084 0.5120192307692307 0.10576923076923084 0.5817307692307693 0.26682692307692313 0.5817307692307693
0 0.25721153846153855 0.44471153846153844 0.09615384615384623 0.44471153846153844 0.09615384615384623 0.5192307692307693 0.25721153846153855 0.5192307692307693
0 0.9831730769230769 0.625 0.8317307692307693 0.625 0.8317307692307693 0.6875 0.9831730769230769 0.6875
0 0.9879807692307693 0.574519230769231 0.8221153846153846 0.574519230769231 0.8221153846153846 0.6322115384615384 0.9879807692307693 0.6322115384615384
0 0.96875 0.5336538461538463 0.8173076923076923 0.5336538461538463 0.8173076923076923 0.5865384615384617 0.96875 0.5865384615384617
0 0.9326923076923077 0.48557692307692324 0.8149038461538461 0.48557692307692324 0.8149038461538461 0.5408653846153848 0.9326923076923077 0.5408653846153848
0 0.9447115384615384 0.4254807692307694 0.8173076923076923 0.4254807692307694 0.8173076923076923 0.5000000000000001 0.9447115384615384 0.5000000000000001