2 0.9598233581730771 1.3664283380001927e-16 0.04818748786444541 -0.08237749379621515 -0.03508485420191051 0.8391612728491514 0.8765510161067211 0.9215387666453666
0 0.6885404463613992 0.15322722424496774 0.67343528125 0.09227906971153844 0.06071841902321614 0.24413254979349389 0.0758235841346154 0.3050807043269232
0 0.5814666928517945 0.26160912968353145 0.5699733341346154 0.20592601682692308 0.0539088191674361 0.3124451082972379 0.06540217788461537 0.36812822115384625
0 0.6298076923076923 0.3485576923076924 0.05769230769230772 0.3485576923076923 0.05769230769230774 0.451923076923077 0.6298076923076923 0.45192307692307704
0 0.5096153846153847 0.4423076923076923 0.03605769230769236 0.4423076923076923 0.03605769230769237 0.5649038461538461 0.5096153846153848 0.5649038461538461
0 0.8701923076923077 0.5144230769230771 0.6754807692307693 0.5144230769230771 0.6754807692307693 0.591346153846154 0.8701923076923077 0.591346153846154
0 0.8317307692307693 0.5841346153846155 0.6778846153846154 0.5841346153846155 0.6778846153846154 0.6586538461538461 0.8317307692307693 0.6586538461538461
0 0.8413461538461539 0.16346153846153857 0.7668269230769231 0.16346153846153852 0.7668269230769231 0.2139423076923078 0.8413461538461539 0.21394230769230782
0 0.9014423076923077 0.22115384615384626 0.8221153846153846 0.22115384615384623 0.8221153846153846 0.26442307692307704 0.9014423076923077 0.26442307692307704
0 0.7644230769230769 0.24038461538461545 0.71875 0.24038461538461545 0.71875 0.2860576923076924 0.7644230769230769 0.2860576923076924
0 0.8739633293404899 0.129314627917346 0.8617530865384615 0.07062541586538461 0.713178466332587 0.1015362446788079 0.7253887091346153 0.16022545673076927