2 1 0.040746877403846235 0.006076389423076924 0.00024759375000000074 -0.03443943187438135 0.9945770671710643 0.9594841787025418 1.0350763508249106
0 0.8653846153846154 0.9375 0.78125 0.9375 0.78125 0.9951923076923077 0.8653846153846154 0.9951923076923077
0 0.8798076923076923 0.2716346153846155 0.8052884615384616 0.2716346153846155 0.8052884615384616 0.4014423076923078 0.8798076923076923 0.4014423076923078
0 0.7764423076923077 0.38461538461538475 0.7067307692307693 0.38461538461538475 0.7067307692307693 0.5889423076923078 0.7764423076923077 0.5889423076923078
0 0.7115384615384616 0.45432692307692324 0.65625 0.45432692307692324 0.65625 0.6346153846153846 0.7115384615384616 0.6346153846153846
0 0.7980769230769231 0.6971153846153846 0.7620192307692307 0.6971153846153846 0.7620192307692307 0.7524038461538461 0.7980769230769231 0.7524038461538461
0 0.5937500000000001 0.32932692307692313 0.49278846153846156 0.3293269230769231 0.4927884615384616 0.9759615384615384 0.5937500000000001 0.9759615384615384
0 0.5192307692307694 0.9278846153846154 0.4807692307692309 0.9278846153846154 0.4807692307692309 0.9759615384615384 0.5192307692307694 0.9759615384615384
0 0.5120192307692308 0.36538461538461536 0.4375 0.36538461538461536 0.43750000000000006 0.7427884615384616 0.512019230769231 0.7427884615384616
0 0.42067307692307704 0.7067307692307693 0.35817307692307704 0.7067307692307693 0.35817307692307704 0.8605769230769231 0.42067307692307704 0.8605769230769231
0 0.38701923076923084 0.25721153846153855 0.3173076923076923 0.25721153846153855 0.3173076923076924 0.6201923076923077 0.3870192307692309 0.6201923076923077
0 0.32932692307692313 0.2764423076923077 0.2620192307692308 0.2764423076923077 0.2620192307692308 0.5745192307692307 0.32932692307692324 0.5745192307692307
0 0.3750000000000001 0.8197115384615384 0.3197115384615386 0.8197115384615384 0.3197115384615386 0.9302884615384616 0.3750000000000001 0.9302884615384616
0 0.34855769230769246 0.6057692307692307 0.2740384615384616 0.6057692307692307 0.2740384615384616 0.7572115384615384 0.34855769230769246 0.7572115384615384
0 0.3204170676065204 0.947614633230147 0.2066767825451148 0.5030387270149569 0.1534253485576923 0.5166625721153847 0.2671656336190979 0.9612384783305749
0 0.26121665865384613 0.9421535721153845 0.17719948491909804 0.5720112931421679 0.11410314657508337 0.5863332885526384 0.19812032030983145 0.9564755675258552