0 0.21153846153846162 0.2980769230769231 0.07451923076923081 0.2980769230769231 0.07451923076923081 0.375 0.21153846153846162 0.375
0 0.2283653846153847 0.3798076923076923 0.06250000000000006 0.3798076923076923 0.06250000000000006 0.4495192307692308 0.2283653846153847 0.4495192307692308
0 0.2475961538461539 0.4567307692307692 0.07211538461538466 0.4567307692307692 0.07211538461538468 0.5072115384615384 0.2475961538461539 0.5072115384615384
0 0.9375 0.17067307692307704 0.7980769230769231 0.17067307692307698 0.7980769230769231 0.25240384615384626 0.9375 0.2524038461538463
0 0.8774038461538461 0.25240384615384626 0.8125 0.2524038461538462 0.8125 0.3028846153846155 0.8774038461538461 0.30288461538461553
0 0.2509595684190395 0.540646932554155 0.23722465477934235 0.48527651759757934 0.055135610398764405 0.5304446331203475 0.06887052403846153 0.5858150480769231
0 0.9589646220253116 0.3453536114987697 0.9504132235576923 0.28800940625 0.8094185101862268 0.30903510484738417 0.8179699086538462 0.3663793100961538
0 0.9664416315533599 0.3931439529397934 0.9610086899038459 0.34874608173076926 0.8114774213312553 0.36704413600251445 0.8169103629807692 0.4114420072115385
0 0.9546668622315571 0.44263815827476155 0.9514727692307693 0.3977272740384616 0.8115971762299814 0.40767532249446925 0.8147912692307693 0.4525862067307692
0 0.9212951651698013 0.48887429225869944 0.9165077331730769 0.44278996875 0.8131824766571218 0.45352382793360835 0.8179699086538462 0.49960815144230775
0 0.9355795721153846 0.4819749230769232 0.8169103629807692 0.4819749230769232 0.8169103629807692 0.5485893437500001 0.9355795721153846 0.5485893437500001
2 0.9811060506117186 0.947395189554665 0.9652468750000001 0.04506269711538461 0.01895093107442611 0.06169456361816662 0.03481010668614469 0.964027056057447
1 0.4879807692307693 0.3629807692307692 0.15144230769230774 0.3629807692307692 0.15144230769230776 0.9519230769230769 0.4879807692307694 0.9519230769230769