2 0.9942473629807692 6.088009253175478e-17 0 0 6.050769686962657e-17 0.9881656802884616 0.9942473629807692 0.9881656802884616
0 0.6538461538461539 0.040865384615384685 0.46634615384615385 0.040865384615384664 0.46634615384615385 0.12500000000000006 0.6538461538461539 0.12500000000000006
0 0.9230769230769231 0.050480769230769336 0.7211538461538461 0.050480769230769315 0.7211538461538461 0.1562500000000001 0.9230769230769231 0.15625000000000014
0 0.6995192307692307 0.12740384615384623 0.31009615384615385 0.1274038461538462 0.31009615384615385 0.2067307692307693 0.6995192307692307 0.2067307692307693
0 0.45913461538461536 0.1899038461538462 0.1418269230769231 0.18990384615384615 0.1418269230769231 0.25961538461538464 0.45913461538461536 0.2596153846153847
0 0.9099492351373859 0.29742839229421575 0.9069761016447153 0.2342263694043743 0.1418983701923077 0.27021696153846153 0.1448715036849782 0.333418984428303
0 0.9396264177830163 0.3648905926648023 0.9376797692307695 0.3037475336538462 0.13228153894775316 0.3293894842582747 0.1342281875 0.39053254326923076
0 0.5745192307692307 0.38221153846153855 0.1322115384615385 0.38221153846153844 0.13221153846153852 0.4591346153846155 0.5745192307692307 0.45913461538461553
0 0.4807692307692308 0.45913461538461536 0.14663461538461545 0.45913461538461536 0.14663461538461545 0.53125 0.4807692307692308 0.53125
0 0.8942307692307693 0.5336538461538463 0.16105769230769237 0.5336538461538461 0.16105769230769237 0.6129807692307693 0.8942307692307693 0.6129807692307694
0 0.8509615384615384 0.608173076923077 0.14903846153846162 0.6081730769230769 0.14903846153846162 0.6802884615384616 0.8509615384615384 0.6802884615384616
0 0.7235576923076923 0.6899038461538461 0.13942307692307698 0.6899038461538461 0.139423076923077 0.7668269230769231 0.7235576923076923 0.7668269230769231