0 0.7690944964716686 0.047739946903511396 0.5738233389423077 0.01883239182692315 0.5623045996821777 0.09664172376956569 0.7575757572115387 0.12554927884615394
0 0.7737575196921517 0.817448193018192 0.7539534663239872 0.718447977504129 0.07046029278568175 0.855174298909014 0.09026434615384618 0.9541745144230769
0 0.8944152527359132 0.7189193209217835 0.8798964377012537 0.6085414714097455 0.06177604794610984 0.716154898084116 0.07629486298076923 0.826532747596154
0 0.9168454182809407 0.6502944316266892 0.911159387945792 0.5563465358354522 0.10821897687638998 0.6049430849779938 0.11390500721153847 0.6988909807692308
0 0.575644770129165 0.17051464786168655 0.09886094951923077 0.05231219951923079 0.07386477512630506 0.15313728135817206 0.5506485957362393 0.2713397297006278
0 0.8073692856570366 0.12217474933007842 0.4137115841346153 0.07532956730769236 0.40260277443911713 0.1686810775929987 0.7962604759615384 0.2155262596153847
0 0.98762157786751 0.1682102795046952 0.8156028365384616 0.09625444711538468 0.7752158096113432 0.19280430704108742 0.9472345509403918 0.26476013943039794
0 0.9501186015292583 0.2770072024733122 0.09348807211538464 0.18832391826923078 0.08577222058612638 0.26285469416130336 0.9424027500000001 0.35153797836538475
0 0.9551682226693626 0.35183785462221 0.02364066105769234 0.2615609951923077 0.015453680413786723 0.346038879827861 0.9469812420254571 0.43631573925776335
0 0.6569776024123694 0.3999535100251641 0.06339995673076929 0.37037037019230773 0.059052060294960226 0.45760972830697944 0.6526297059765601 0.4871928681398358
0 0.5738233389423077 0.5607867764423078 0.5716384499160319 0.47906578389348015 0.09778637500000002 0.4917346730769231 0.09997126402627583 0.5734556656257507
2 1.0002760097599372 0.006936832426081228 0.015233002316825301 -0.004182843056789139 0.003918984563330971 0.9980760889898577 0.988961992006443 1.009195764472728