0 0.6610576923076923 0.2596153846153847 0.28846153846153844 0.2596153846153847 0.2884615384615385 0.3653846153846155 0.6610576923076923 0.36538461538461553
0 0.43509615384615385 0.40865384615384615 0.29807692307692313 0.40865384615384615 0.29807692307692313 0.5216346153846154 0.43509615384615385 0.5216346153846154
0 0.4879807692307693 0.5408653846153846 0.2908653846153847 0.5408653846153846 0.2908653846153847 0.6394230769230769 0.4879807692307694 0.6394230769230769
0 0.49759615384615397 0.6586538461538461 0.28125000000000006 0.6586538461538461 0.28125000000000006 0.7620192307692307 0.49759615384615397 0.7620192307692307
0 0.3509615384615386 0.7788461538461539 0.2716346153846155 0.7788461538461539 0.2716346153846155 0.8677884615384616 0.3509615384615386 0.8677884615384616
0 0.7524038461538461 0.37019230769230776 0.5288461538461539 0.3701923076923077 0.5288461538461539 0.44471153846153855 0.7524038461538461 0.4447115384615386
0 0.7548076923076923 0.46394230769230776 0.5240384615384616 0.4639423076923077 0.5240384615384616 0.5384615384615385 0.7548076923076923 0.5384615384615385
0 0.6177884615384616 0.5384615384615385 0.5408653846153846 0.5384615384615384 0.5408653846153847 0.5961538461538463 0.6177884615384616 0.5961538461538463
0 0.7956730769230769 0.6105769230769231 0.5384615384615385 0.6105769230769231 0.5384615384615385 0.6826923076923077 0.7956730769230769 0.6826923076923077
0 0.6875 0.6899038461538461 0.5336538461538463 0.6899038461538461 0.5336538461538463 0.7475961538461539 0.6875 0.7475961538461539
0 0.9543269230769231 0.19711538461538472 0.7764423076923077 0.1971153846153847 0.7764423076923077 0.28846153846153855 0.9543269230769231 0.2884615384615386
0 0.8701923076923077 0.2932692307692309 0.8004807692307693 0.29326923076923084 0.8004807692307693 0.35817307692307704 0.8701923076923077 0.35817307692307704
0 0.9471153846153846 0.35817307692307704 0.7884615384615384 0.35817307692307704 0.7884615384615384 0.4182692307692309 0.9471153846153846 0.4182692307692309
0 0.9711538461538461 0.42067307692307704 0.8028846153846154 0.42067307692307704 0.8028846153846154 0.46634615384615397 0.9711538461538461 0.46634615384615397
0 0.9423076923076923 0.46634615384615397 0.7932692307692307 0.46634615384615397 0.7932692307692307 0.512019230769231 0.9423076923076923 0.512019230769231
0 0.90625 0.512019230769231 0.7956730769230769 0.512019230769231 0.7956730769230769 0.5552884615384617 0.90625 0.5552884615384617
0 0.9278846153846154 0.5649038461538463 0.8004807692307693 0.5649038461538463 0.8004807692307693 0.6201923076923077 0.9278846153846154 0.6201923076923077
2 0.977142858173077 0.9408033822115385 0.9760000000000001 0.0676532764423077 0.028514939677739767 0.06889343095629427 0.029657797850816674 0.9420435367255251
0 0.18028846153846162 0.3245192307692308 0.06490384615384619 0.3245192307692308 0.0649038461538462 0.3918269230769231 0.18028846153846162 0.3918269230769231
0 0.20192307692307698 0.39663461538461536 0.06730769230769236 0.39663461538461536 0.06730769230769236 0.4543269230769231 0.20192307692307698 0.4543269230769231
0 0.21153846153846162 0.46634615384615385 0.060096153846153896 0.46634615384615385 0.0600961538461539 0.5168269230769231 0.21153846153846162 0.5168269230769231
0 0.20432692307692316 0.5168269230769231 0.06009615384615392 0.5168269230769231 0.06009615384615392 0.5721153846153846 0.20432692307692316 0.5721153846153846