0 0.3485576923076923 0.048076923076923114 0.28125 0.048076923076923114 0.28125 0.17307692307692316 0.3485576923076923 0.17307692307692316
0 0.41586538461538464 0.03605769230769235 0.3557692307692308 0.03605769230769235 0.3557692307692308 0.1754807692307693 0.41586538461538464 0.1754807692307693
0 0.46875 0.03846153846153851 0.4110576923076923 0.03846153846153851 0.4110576923076923 0.17788461538461545 0.46875 0.17788461538461545
0 0.53125 0.036057692307692374 0.46875 0.03605769230769237 0.46875 0.17788461538461545 0.53125 0.17788461538461545
0 0.3341346153846155 0.2572115384615385 0.21394230769230768 0.25721153846153844 0.21394230769230774 0.6274038461538461 0.33413461538461553 0.6274038461538461
0 0.47596153846153844 0.25721153846153855 0.3701923076923077 0.25721153846153855 0.3701923076923077 0.39903846153846156 0.47596153846153844 0.39903846153846156
0 0.59375 0.24038461538461545 0.49038461538461536 0.24038461538461545 0.49038461538461536 0.43750000000000006 0.59375 0.4375000000000001
0 0.7019230769230769 0.21875000000000006 0.6105769230769231 0.21875000000000006 0.6105769230769231 0.35817307692307704 0.7019230769230769 0.35817307692307704
0 0.8365384615384616 0.2163461538461539 0.7163461538461539 0.2163461538461539 0.7163461538461539 0.295673076923077 0.8365384615384616 0.295673076923077
0 0.2596153846153847 0.7524038461538461 0.18028846153846162 0.7524038461538461 0.18028846153846165 0.9230769230769231 0.25961538461538475 0.9230769230769231
0 0.3317307692307694 0.7740384615384616 0.264423076923077 0.7740384615384616 0.26442307692307704 0.8413461538461539 0.3317307692307694 0.8413461538461539
0 0.39182692307692324 0.7716346153846154 0.3317307692307694 0.7716346153846154 0.3317307692307694 0.9158653846153846 0.39182692307692324 0.9158653846153846
0 0.44230769230769246 0.7596153846153846 0.39182692307692324 0.7596153846153846 0.39182692307692324 0.9302884615384616 0.44230769230769246 0.9302884615384616
0 0.4951923076923078 0.7475961538461539 0.4399038461538463 0.7475961538461539 0.4399038461538463 0.9086538461538461 0.4951923076923078 0.9086538461538461
0 0.5384615384615385 0.7572115384615384 0.4951923076923078 0.7572115384615384 0.4951923076923078 0.8701923076923077 0.5384615384615385 0.8701923076923077
0 0.5985576923076924 0.75 0.543269230769231 0.75 0.543269230769231 0.8894230769230769 0.5985576923076924 0.8894230769230769
1 0.9543269230769231 0.3533653846153847 0.27644230769230776 0.35336538461538464 0.27644230769230776 0.6923076923076923 0.9543269230769231 0.6923076923076923
2 0.9585439783653846 0.9185690576923078 0.9096389999145109 -0.014368704467050093 -0.02994106498933529 0.03488446620602667 0.018963913461538456 0.9678222283653846
0 0.4062500000000001 0.5697115384615384 0.3389423076923078 0.5697115384615384 0.3389423076923078 0.7283653846153846 0.4062500000000001 0.7283653846153846
0 0.5096153846153848 0.5673076923076923 0.4399038461538463 0.5673076923076923 0.4399038461538463 0.6850961538461539 0.5096153846153848 0.6850961538461539