1 0.25000000000000006 1.5308084989341915e-17 0 0 3.694547434927712e-17 0.6033653846153846 0.25000000000000006 0.6033653846153846
2 1 0.015170507211538528 0.05625443269230769 0.01517050721153847 0.05625443269230775 1 1 1
0 0.2701002815708965 0.6194221978122078 0.11824096394230775 0.5873216586538461 0.09966788606219765 0.6751860686321897 0.25152720369078635 0.7072866077905513
0 0.27497540940296716 0.5518168303465226 0.15136715625000008 0.5438177620192307 0.1479051194431868 0.5973160326342465 0.2715133725961539 0.6053151009615385
0 1.0173111812877025 0.8097273604518924 0.8549571274038462 0.7634284254807694 0.8376459461161438 0.8241326395481079 1.0000000000000002 0.8704315745192309
0 0.9669781827103131 0.7331043636588809 0.868982045673077 0.6981015432692309 0.8489303565675124 0.7542395359093329 0.9469264936047483 0.7892423562989829
0 1.0082514023857905 0.6690392401652315 0.8669114254807694 0.6477733750000001 0.8586600230949789 0.7026149257001535 1.0000000000000002 0.7238807908653848
0 1.0084316733288239 0.6194683494230393 0.8633449759615383 0.5916015384615385 0.8549133026327145 0.6355004847115763 1.0000000000000002 0.6633672956730771
0 1.0069092304958216 0.5682964654521068 0.8554632980769232 0.5449710504807694 0.8482849281580248 0.5915783638748167 0.9997308605769232 0.614903778846154
0 0.9671698976123596 0.5163821888500687 0.8541836610576923 0.5043328052884616 0.8499379843960196 0.5441442217960131 0.962924220950687 0.5561936053576202
0 0.9757975697115385 0.5214050793269231 0.9744177307692309 0.4420962908653847 0.8500265369327459 0.4442604875031754 0.8514063758750535 0.5235692759647139