2 1 0.11523437500000014 5.118640918311203e-17 0.11523437500000007 1.053626787157049e-16 1 1 1
0 0.6923076923076923 0.26201923076923084 0.625 0.26201923076923084 0.625 0.3149038461538463 0.6923076923076923 0.3149038461538463
0 0.8221153846153846 0.25000000000000006 0.7740384615384616 0.25000000000000006 0.7740384615384616 0.3028846153846155 0.8221153846153846 0.3028846153846155
0 0.6706730769230769 0.32692307692307704 0.6081730769230769 0.32692307692307704 0.6081730769230769 0.3750000000000001 0.6706730769230769 0.3750000000000001
0 0.8245192307692307 0.32211538461538475 0.7596153846153846 0.32211538461538475 0.7596153846153846 0.3701923076923078 0.8245192307692307 0.3701923076923078
0 0.8076923076923077 0.39182692307692324 0.75 0.39182692307692324 0.75 0.43509615384615397 0.8076923076923077 0.43509615384615397
0 0.6490384615384616 0.3990384615384617 0.5913461538461539 0.3990384615384617 0.5913461538461539 0.44230769230769246 0.6490384615384616 0.44230769230769246
0 0.78125 0.4423076923076924 0.5384615384615384 0.4423076923076923 0.5384615384615384 0.483173076923077 0.78125 0.48317307692307704
0 0.6442307692307693 0.4879807692307694 0.5841346153846154 0.4879807692307694 0.5841346153846154 0.5312500000000001 0.6442307692307693 0.5312500000000001
0 0.8485576923076923 0.5072115384615385 0.7259615384615384 0.5072115384615385 0.7259615384615384 0.560096153846154 0.8485576923076923 0.560096153846154
0 0.23078958823079831 0.2537260554540558 0.2258427067071129 0.21810850848352062 0.04720052163461538 0.24291992307692303 0.052147403158300826 0.2785374700474582
0 0.5374845227292945 0.2353373370883442 0.5338541658653846 0.18432617307692306 0.3072420397707056 0.2004536797385789 0.31087239663461536 0.25146484375
0 0.2514197599793665 0.3093616552908787 0.2466861641562939 0.25992187695327423 0.08641223831154278 0.27526725291239557 0.09114583413461538 0.32470703125
0 0.26041666586538464 0.3173828125 0.08726949835295314 0.3073453000546048 0.08456761532610436 0.3539528032177414 0.2577147828385359 0.36399031566313655
0 0.17415364663461547 0.35888671875 0.07324218750000006 0.35034179807692306 0.0702659149823015 0.38549016446135514 0.17117737411691694 0.39403508513443203
0 0.1254409067571488 0.40957824617125477 0.026041665865384665 0.39062499999999994 0.019806289799813265 0.42332608149243955 0.11920553069157738 0.44227932766369443
0 0.23608315837923993 0.4471361264796669 0.02766927163461543 0.435791014423077 0.025961113255375583 0.46717051294341017 0.2343750000000001 0.47851562500000006
0 0.25716145913461547 0.489501951923077 0.035807290865384665 0.465087889423077 0.0318519544165706 0.5009496068186234 0.2532061226858014 0.5253636693186234
0 0.25878906250000006 0.5297851562499999 0.026041665865384676 0.49316406249999994 0.019393850175136455 0.5354146245879229 0.25214124680975186 0.5720357183379229
0 0.2620442716346154 0.5773925769230769 0.032552084134615446 0.5273437499999999 0.02418920957764908 0.565690590352843 0.2536813970776491 0.61573941727592
0 0.2454094701143798 0.6197131534074861 0.026041665865384693 0.5578613269230769 0.015759797393234562 0.5943276859380542 0.23512760164222968 0.6561795124224634
0 0.5029296875000001 0.5212402355769232 0.27387552044155905 0.5099289154883316 0.2706203113069437 0.5758468818344855 0.49967447836538476 0.587158201923077
0 0.5059202532799125 0.48767292202927454 0.27381738738761646 0.46962047436507315 0.2701822908653846 0.5163574230769231 0.5022851567576807 0.5344098707411244
0 0.4899088533653847 0.45043945192307694 0.28645833413461547 0.4296875 0.28243118979590365 0.469169309218007 0.4858817090266729 0.4899212611410839
0 0.52734375 0.39184570192307694 0.27994791586538464 0.38940429807692306 0.2794291786231264 0.44196972388607264 0.5268250127577417 0.4444111277322265
0 0.4964192716346154 0.35400390625000006 0.28972709208783054 0.33912206938124306 0.28645833413461547 0.3845214855769231 0.4931505136814003 0.3994033224456801
0 0.5273437499999999 0.303955076923077 0.28934832369837865 0.2965177174101726 0.28777947151963557 0.3467209706529859 0.5257748978212569 0.35415833016589027
0 0.550856743661993 0.2961062527038616 0.5485026033653846 0.2490234375 0.2938698188380069 0.26175507421921534 0.29622395913461536 0.30883788942307694
0 0.9206730769230769 0.1514423076923078 0.8197115384615384 0.1514423076923078 0.8197115384615384 0.22115384615384626 0.9206730769230769 0.22115384615384628