2 1 1.2246467991473532e-16 0.018181817307692368 6.234565517579503e-17 0.01818181730769243 0.99609375 1 0.99609375
0 0.7740384615384616 0.14423076923076933 0.65625 0.1442307692307693 0.65625 0.21394230769230776 0.7740384615384616 0.21394230769230776
0 0.1322115384615385 0.17067307692307693 0.07932692307692311 0.17067307692307693 0.07932692307692311 0.2283653846153846 0.1322115384615385 0.2283653846153846
0 0.6586538461538461 0.2524038461538462 0.46634615384615385 0.2524038461538462 0.46634615384615385 0.3004807692307693 0.6586538461538461 0.3004807692307693
0 0.5913461538461539 0.3149038461538462 0.46875 0.31490384615384615 0.46875 0.3533653846153847 0.5913461538461539 0.35336538461538475
0 0.36538461538461536 0.2163461538461539 0.30528846153846156 0.2163461538461539 0.30528846153846156 0.25721153846153855 0.36538461538461536 0.25721153846153855
0 0.29326923076923084 0.3918269230769231 0.22355769230769237 0.3918269230769231 0.22355769230769237 0.4326923076923077 0.29326923076923084 0.4326923076923077
0 0.6802884615384616 0.4591346153846155 0.07932692307692314 0.45913461538461536 0.07932692307692314 0.5096153846153847 0.6802884615384616 0.5096153846153848
0 0.12259615384615391 0.5096153846153846 0.07451923076923084 0.5096153846153846 0.07451923076923084 0.5456730769230769 0.12259615384615391 0.5456730769230769
0 0.6610576923076923 0.514423076923077 0.29807692307692313 0.5144230769230769 0.29807692307692313 0.5745192307692308 0.6610576923076923 0.574519230769231
0 0.7403846153846154 0.6370192307692307 0.4014423076923078 0.6370192307692307 0.4014423076923078 0.6995192307692307 0.7403846153846154 0.6995192307692307
0 0.7283653846153846 0.7019230769230769 0.4567307692307694 0.7019230769230769 0.4567307692307694 0.7596153846153846 0.7283653846153846 0.7596153846153846
0 0.3305123600236047 0.6208517127924243 0.16969696875000004 0.5889423076923077 0.15938612236739688 0.6409063850600271 0.3202015136410016 0.6728157901601437
0 0.20633577439179776 0.6595005855395133 0.10163170192307701 0.6500400649038464 0.09669452849281786 0.7046821067681793 0.2013986009615386 0.7141426274038463
0 0.41920210369335725 0.7152290653979381 0.26946387019230783 0.6710737163461539 0.254865164395173 0.720580389136824 0.4046033978962224 0.7647357381886082
0 0.5007068850816031 0.8160764785223471 0.07925407932692313 0.7021233966346154 0.06392502561973566 0.7588175429221489 0.4853778313744156 0.8727706248098805
0 0.4181820249207381 0.8456423194906002 0.0876456875000001 0.7682291658653846 0.07566550652076882 0.8193817795631019 0.4062018439415068 0.8967949331883175