2 0.9870929879807692 0.022385021634615507 1.370687298841737e-17 0.022385021634615445 7.356852569110123e-17 1 0.9870929879807692 1
0 0.21394230769230776 0.28846153846153844 0.0432692307692308 0.28846153846153844 0.0432692307692308 0.34615384615384615 0.21394230769230776 0.34615384615384615
0 0.21153846153846162 0.5576923076923077 6.829760995244854e-17 0.5576923076923077 7.168305182509148e-17 0.6129807692307693 0.21153846153846162 0.6129807692307693
0 0.25000000000000006 0.6129807692307693 7.50684936977344e-17 0.6129807692307693 7.874832182017236e-17 0.6730769230769231 0.25000000000000006 0.6730769230769231
0 0.4927884615384617 0.6490384615384616 0.2692307692307693 0.6490384615384616 0.2692307692307693 0.71875 0.4927884615384617 0.71875
0 0.4951923076923078 0.5793269230769231 0.26682692307692313 0.5793269230769231 0.26682692307692313 0.6394230769230769 0.4951923076923078 0.6394230769230769
0 0.4711538461538462 0.5192307692307693 0.2692307692307693 0.5192307692307693 0.2692307692307693 0.5745192307692307 0.4711538461538463 0.5745192307692307
0 0.4951923076923077 0.4375 0.2548076923076924 0.4375 0.2548076923076924 0.5240384615384616 0.4951923076923077 0.5240384615384616
0 0.4735576923076923 0.37740384615384615 0.25721153846153855 0.37740384615384615 0.25721153846153855 0.43990384615384615 0.4735576923076923 0.43990384615384615
0 0.47115384615384615 0.31009615384615385 0.264423076923077 0.31009615384615385 0.264423076923077 0.37740384615384615 0.47115384615384615 0.37740384615384615
0 0.4951923076923077 0.23317307692307696 0.27884615384615385 0.23317307692307693 0.27884615384615385 0.31009615384615385 0.4951923076923077 0.31009615384615385
0 0.7043269230769231 0.4783653846153847 0.5168269230769231 0.47836538461538464 0.5168269230769231 0.5504807692307693 0.7043269230769231 0.5504807692307694
0 0.7932692307692307 0.08413461538461549 0.7139423076923077 0.08413461538461549 0.7139423076923077 0.17067307692307698 0.7932692307692307 0.17067307692307698
0 0.076923076923077 0.49278846153846156 6.034918120798255e-17 0.49278846153846156 6.3881816205523e-17 0.5504807692307693 0.076923076923077 0.5504807692307693
0 0.14182692307692313 0.41346153846153844 0.026442307692307744 0.41346153846153844 0.026442307692307748 0.46875 0.14182692307692316 0.46875
0 0.22355769230769237 0.35096153846153844 0.043269230769230824 0.35096153846153844 0.043269230769230824 0.40625 0.22355769230769237 0.40625
0 0.2094709197639483 0.2580056561355699 0.19507186778846156 0.1912901899038462 -0.014399051975486743 0.2364998366528917 0 0.30321530288461546
0 0.24053974759615393 0.6817256826923077 0.010266939903846242 0.6817256826923077 0.010266939903846247 0.7529507524038461 0.24053974759615393 0.7529507524038461
0 0.2376813995450795 0.7680603325833922 0.0014667043269231278 0.7224257211538462 -0.010661271921214466 0.7852027696116765 0.22555342329694192 0.8308373810412225
0 0.2181488986206562 0.8263745012437209 0.00293341105769242 0.7936507932692307 -0.006943266409117492 0.8586071838524331 0.2082722211538463 0.8913308918269233
0 0.6201923076923077 0.2379807692307693 0.5697115384615384 0.2379807692307693 0.5697115384615384 0.3125000000000001 0.6201923076923077 0.3125000000000001
0 0.7475961538461539 0.20913461538461545 0.6850961538461539 0.20913461538461545 0.6850961538461539 0.28846153846153855 0.7475961538461539 0.28846153846153855
0 0.6225961538461539 0.3389423076923078 0.5673076923076923 0.3389423076923078 0.5673076923076923 0.3942307692307694 0.6225961538461539 0.3942307692307694
0 0.7355769230769231 0.31009615384615397 0.6947115384615384 0.31009615384615397 0.6947115384615384 0.3774038461538463 0.7355769230769231 0.3774038461538463
0 0.6322115384615384 0.4086538461538463 0.5649038461538461 0.4086538461538463 0.5649038461538461 0.47355769230769246 0.6322115384615384 0.47355769230769246
0 0.7524038461538461 0.39663461538461553 0.6971153846153846 0.39663461538461553 0.6971153846153846 0.4711538461538463 0.7524038461538461 0.4711538461538463
0 0.7932692307692307 0.5697115384615385 0.6947115384615384 0.5697115384615385 0.6947115384615384 0.6370192307692307 0.7932692307692307 0.6370192307692307
0 0.6298076923076923 0.560096153846154 0.5649038461538463 0.560096153846154 0.5649038461538463 0.6129807692307694 0.6298076923076923 0.6129807692307694