0 0.8341346153846154 0.32211538461538475 0.6201923076923077 0.32211538461538475 0.6201923076923077 0.40384615384615397 0.8341346153846154 0.40384615384615397
0 0.8317307692307693 0.4086538461538463 0.5769230769230769 0.4086538461538463 0.5769230769230769 0.4759615384615386 0.8317307692307693 0.4759615384615386
0 0.8197115384615384 0.4711538461538463 0.5721153846153846 0.4711538461538463 0.5721153846153846 0.5336538461538463 0.8197115384615384 0.5336538461538463
0 0.8293269230769231 0.5216346153846154 0.5384615384615384 0.5216346153846154 0.5384615384615385 0.591346153846154 0.8293269230769231 0.591346153846154
0 0.5144230769230769 0.28605769230769235 0.17307692307692316 0.2860576923076923 0.17307692307692316 0.3918269230769231 0.5144230769230769 0.3918269230769231
0 0.4807692307692308 0.4206730769230769 0.3269230769230769 0.4206730769230769 0.3269230769230769 0.49278846153846156 0.4807692307692308 0.49278846153846156
0 0.48557692307692313 0.5024038461538461 0.2716346153846155 0.5024038461538461 0.2716346153846155 0.5865384615384616 0.48557692307692324 0.5865384615384616
0 0.47836538461538475 0.6033653846153846 0.25000000000000006 0.6033653846153846 0.25000000000000006 0.6971153846153846 0.47836538461538475 0.6971153846153846
0 0.4711538461538463 0.7163461538461539 0.3701923076923078 0.7163461538461539 0.3701923076923078 0.7932692307692307 0.4711538461538463 0.7932692307692307
0 0.21921985817307701 0.5969809086538462 0.12533343583824477 0.5677811514409161 0.11334438054978326 0.6063297427870699 0.2072308028846155 0.6355295
0 0.24752111778846164 0.4519525745192308 0.10087237494679199 0.43532228936869466 0.09590330763909967 0.4791403879263871 0.24255205048076933 0.49577067307692324
0 0.23544646363091562 0.5523172763303922 0.07270316346153854 0.5179200504807692 0.06424946906139223 0.5579169424196077 0.22699276923076928 0.5923141682692307
2 0.9471026346153848 0.08825996875000018 0.06214464342821261 -0.04518209498741352 -0.07548990197023278 0.8675794990886997 0.8094680892169396 1.0010215628261134