2 1.00797990888811 0.9804535544799917 0.9796068652365618 -0.01339494225341663 0.017533331730769233 0.014070968750000003 0.045906375382317566 1.0079194654834085
0 0.9245326855648062 0.24292456775868057 0.759156153846154 0.1940232524038463 0.7442028196914616 0.24459306882267226 0.9095793514101138 0.29349438417750656
0 0.8919230632278438 0.28901715612800366 0.754667122596154 0.28152823557692314 0.7512043526375413 0.3449934231989196 0.8884602932692309 0.35248234375000015
0 0.90187165625 0.3967454350961539 0.8957088318284716 0.33509372482968275 0.7551855504807692 0.3491407043269232 0.7613483749022976 0.41079241459339433
0 0.9119447163461539 0.454270204326923 0.9110938368769386 0.41170112155321753 0.8341695649038462 0.4132386995192307 0.8350204443730616 0.45580778229293617
0 0.9637374807692307 0.5190106947115385 0.9536644230769231 0.46148592548076933 0.8754823324377329 0.47517624914559764 0.8855553901300405 0.5327010183763667
0 0.9655695120192307 0.5732080649038461 0.9588102764723675 0.5104256059841039 0.7887973245192307 0.52872940625 0.7955565600660939 0.5915118651697422
0 0.9652951092953869 0.6187566310232163 0.952132552109332 0.5543919316268969 0.7729048149038462 0.5910439375000001 0.7860673720899011 0.6554086368963195
0 0.9795795826730316 0.6714902404482583 0.960957798204596 0.6107323838773302 0.7875017804354105 0.6638952299675336 0.8061235649038461 0.7246530865384617
0 0.992723774855288 0.7207131867791943 0.9657625835392329 0.6570965426644233 0.7780827557993296 0.7366366034813828 0.8050439471153846 0.8002532475961538
0 1.0038748176766132 0.7795659436109735 0.9747833914761015 0.7213110666093653 0.8045323286071804 0.8063313513637765 0.8336237548076924 0.8645862283653849
0 0.6938016678295735 0.1801300283655514 0.5024793701923078 0.1448412475961539 0.48941398367182914 0.21567678552396682 0.6807362813090949 0.2509655662933643
0 0.7142988507292938 0.26934604282651375 0.5081138461538461 0.23311334134615389 0.49762397270172526 0.2928067817288372 0.7038089772771728 0.329039483209197
0 0.727487611959481 0.32998923318801787 0.5321296682692308 0.3065607307692308 0.5240263555409451 0.3741299882223878 0.7193842992311953 0.3975584906411749
0 0.73210184375 0.44739984615384615 0.7313817663488299 0.38758046029942717 0.5586679591346154 0.38965950721153847 0.5593880365357856 0.44947889306595745
0 0.7443418197115383 0.5077917403846154 0.7418290988647231 0.44329048553776246 0.5346766442307692 0.4513603485576923 0.5371893650775845 0.5158616034045452
0 0.7438478990384615 0.5753274975961539 0.7412073240648708 0.5218967366482337 0.57510340625 0.5301056754807693 0.5777439812235907 0.5835364364286895
0 0.7548453822115383 0.65049134375 0.7546932944989379 0.5794541714058483 0.5628917372801963 0.5798648107816571 0.5630438249927968 0.6509019831258087
0 0.7658460702366823 0.7053727685843255 0.7582994881222533 0.6370283863084302 0.5757136057692307 0.6571895072115385 0.5832601878836599 0.7255338894874337
0 0.5278448389423076 0.5711229375000001 0.5253173704049229 0.5024447303424211 0.3471618454845905 0.5090011403396164 0.34968931402197523 0.5776793474971954
0 0.27704708653846155 0.17235731009615385 0.2716946861137894 0.09000167374703107 0.19836432692307693 0.09476750961538462 0.20371672734774904 0.1771231459645074
0 0.44471153846153844 0.2524038461538462 0.3918269230769231 0.2524038461538462 0.3918269230769231 0.3293269230769231 0.44471153846153844 0.3293269230769231
0 0.3293269230769231 0.22355769230769237 0.28125 0.22355769230769237 0.28125000000000006 0.29807692307692313 0.3293269230769231 0.29807692307692313
0 0.4639423076923077 0.33653846153846156 0.40865384615384615 0.33653846153846156 0.40865384615384615 0.41346153846153844 0.4639423076923077 0.41346153846153844
0 0.33413461538461536 0.31490384615384615 0.28125000000000006 0.31490384615384615 0.28125000000000006 0.39903846153846156 0.33413461538461536 0.39903846153846156
0 0.36778846153846156 0.4206730769230769 0.3052884615384616 0.4206730769230769 0.3052884615384616 0.5 0.36778846153846156 0.5
0 0.38461538461538475 0.5985576923076923 0.2716346153846155 0.5985576923076923 0.2716346153846155 0.6875 0.38461538461538475 0.6875
0 0.49759615384615397 0.5721153846153846 0.4399038461538463 0.5721153846153846 0.4399038461538463 0.6442307692307693 0.49759615384615397 0.6442307692307693