2 0.964424673076923 0.03223120673076924 0.05394636697575673 0.012989853724878512 0.033612742788461644 0.9751531538461538 0.9440910488896279 0.9943945068520444
0 0.3605769230769231 0.06009615384615389 0.28365384615384615 0.06009615384615388 0.28365384615384615 0.21153846153846162 0.3605769230769231 0.21153846153846162
0 0.4326923076923077 0.05288461538461543 0.36778846153846156 0.05288461538461543 0.36778846153846156 0.2283653846153847 0.4326923076923077 0.2283653846153847
0 0.49759615384615385 0.0600961538461539 0.43028846153846156 0.060096153846153896 0.43028846153846156 0.23317307692307698 0.49759615384615385 0.23317307692307698
0 0.5600961538461539 0.0600961538461539 0.4879807692307692 0.060096153846153896 0.4879807692307692 0.23317307692307698 0.5600961538461539 0.23317307692307698
0 0.326923076923077 0.31971153846153844 0.18990384615384623 0.31971153846153844 0.18990384615384623 0.6947115384615384 0.32692307692307704 0.6947115384615384
0 0.47596153846153844 0.3269230769230769 0.3629807692307692 0.3269230769230769 0.3629807692307692 0.4879807692307692 0.47596153846153844 0.4879807692307692
0 0.5865384615384616 0.3317307692307693 0.4807692307692308 0.3317307692307692 0.4807692307692308 0.5384615384615385 0.5865384615384616 0.5384615384615385
0 0.7163461538461539 0.31009615384615397 0.6129807692307693 0.31009615384615397 0.6129807692307693 0.5456730769230771 0.7163461538461539 0.5456730769230771
0 0.8341346153846154 0.3052884615384616 0.7307692307692307 0.3052884615384616 0.7307692307692307 0.3942307692307694 0.8341346153846154 0.3942307692307694
0 0.23317307692307704 0.8004807692307693 0.16346153846153852 0.8004807692307693 0.16346153846153857 0.9471153846153846 0.23317307692307707 0.9471153846153846
0 0.28846153846153855 0.8173076923076923 0.23557692307692316 0.8173076923076923 0.23557692307692318 0.8798076923076923 0.2884615384615386 0.8798076923076923
0 0.3437500000000001 0.8149038461538461 0.2860576923076924 0.8149038461538461 0.2860576923076924 0.9447115384615384 0.3437500000000001 0.9447115384615384
0 0.3870192307692309 0.8245192307692307 0.3389423076923078 0.8245192307692307 0.3389423076923078 0.9543269230769231 0.3870192307692309 0.9543269230769231
0 0.4302884615384617 0.8269230769230769 0.3870192307692309 0.8269230769230769 0.3870192307692309 0.9423076923076923 0.4302884615384617 0.9423076923076923
0 0.4711538461538463 0.8173076923076923 0.4326923076923078 0.8173076923076923 0.4326923076923078 0.9086538461538461 0.4711538461538463 0.9086538461538461
0 0.5240384615384617 0.8221153846153846 0.4711538461538463 0.8221153846153846 0.4711538461538463 0.9278846153846154 0.5240384615384617 0.9278846153846154
1 0.9519230769230769 0.6778846153846154 0.31730769230769246 0.6778846153846154 0.31730769230769246 0.8894230769230769 0.9519230769230769 0.8894230769230769