2 0.977094226145482 0.9820505230236768 0.9678166250000001 0.03232062019230769 0.005080400127021512 0.041725275848668954 0.014358001272503411 0.9914551786800381
0 0.2024689924395641 0.40158132204983504 0.18203185619296616 0.31452238890503764 0.038604308464940555 0.34819209089366415 0.05904144471153846 0.43525102403846155
0 0.21559593360242021 0.4739263726380558 0.20272796559261155 0.41318488814419624 0.04964650314403754 0.44561490492921735 0.06251447115384617 0.5063563894230769
0 0.2367085905043749 0.5361353325693118 0.22458902403846154 0.4783451850961539 0.048079553726394324 0.5153621914691499 0.06019912019230769 0.5731523389423077
0 0.2285925938797869 0.6062888444894667 0.221116 0.5451411322115385 0.051564850831751594 0.56587232618361 0.05904144471153846 0.6270200384615384
0 0.9608596914699784 0.22802368203584042 0.9418759676817311 0.15770066876237193 0.7728662425579066 0.20332490739960837 0.7918499663461538 0.27364792067307686
0 0.8851501499566995 0.3178040696497146 0.8763602692307693 0.2564102572115385 0.8076156016760537 0.26625257526204515 0.816405482401984 0.32764638770022125
0 0.9514130100779611 0.36873451398881707 0.942347766826923 0.3081232499999999 0.800149852902808 0.3293908922611829 0.8092150961538462 0.39000215625000006
0 0.9663644369389599 0.4114249891952284 0.9571191550969309 0.36565506587733465 0.7964967878695094 0.398099932451337 0.8057420697115383 0.44386985576923077
0 0.9547021050771438 0.46781015511006696 0.9469784687499998 0.4180133581730769 0.7957030824228558 0.4414766357553176 0.8034267187499998 0.49127343269230767
0 0.914556281114754 0.5139707441738358 0.9087751802884614 0.47403576682692317 0.7976456179237074 0.49012319813385663 0.8034267187499999 0.5300581754807694
0 0.9341161988554296 0.5773819368270288 0.9330863629807692 0.5192846370192309 0.805476610599865 0.521546654383087 0.8065064464745254 0.5796439541908849