2 0.9988436936992015 0.9446276695795253 0.980342462099427 0.0029428975901893803 -0.0007942820805437611 0.02221924002989482 0.017706949519230766 0.9639040120192307
0 0.9128483424063748 0.20557480843394732 0.8953591345274964 0.1179915845251133 0.6448613906788138 0.16801266070655058 0.6623505985576923 0.2555958846153846
0 0.9382174364212402 0.28048348223146413 0.9307753296588529 0.2327290140969713 0.6731687826606895 0.2728746905193534 0.680610889423077 0.3206291586538462
0 0.923105683585397 0.3333902102325028 0.9171646754807692 0.29189352644230776 0.6788199486261415 0.326016926786728 0.6847609567307693 0.36751361057692306
0 0.8869335162082603 0.3945164995123917 0.8831341298076923 0.3433151850961539 0.6967318227340473 0.35714714231453143 0.7005312091346153 0.40834845673076925
0 0.9230769230769231 0.42067307692307704 0.6923076923076923 0.42067307692307704 0.6923076923076923 0.46634615384615397 0.9230769230769231 0.46634615384615397
0 0.9519230769230769 0.47355769230769246 0.6995192307692307 0.47355769230769246 0.6995192307692307 0.5144230769230771 0.9519230769230769 0.5144230769230771
0 0.8846153846153846 0.5144230769230771 0.7019230769230769 0.5144230769230771 0.7019230769230769 0.560096153846154 0.8846153846153846 0.560096153846154
0 0.9086538461538461 0.5697115384615385 0.7019230769230769 0.5697115384615385 0.7019230769230769 0.6201923076923077 0.9086538461538461 0.6201923076923077
0 0.9278846153846154 0.6201923076923077 0.7019230769230769 0.6201923076923077 0.7019230769230769 0.6706730769230769 0.9278846153846154 0.6706730769230769
0 0.9783653846153846 0.6682692307692307 0.6995192307692307 0.6682692307692307 0.6995192307692307 0.7211538461538461 0.9783653846153846 0.7211538461538461
0 0.8004807692307693 0.7283653846153846 0.7115384615384616 0.7283653846153846 0.7115384615384616 0.7764423076923077 0.8004807692307693 0.7764423076923077