2 0.9490060120192306 0.8447607740384615 0.8242144517556207 -0.034482964463610655 -0.12479156026361003 0.10020999467100473 1.708035422500241e-17 0.9794537331730768
0 0.19004440144230783 0.4970054230769231 0.14900151172279036 0.48716044860310487 0.04364738221153855 0.9263731586538463 0.08469027193105598 0.9362181331276644
0 0.29152480528846164 0.3626027692307693 0.23965699832233012 0.35151501847781963 0.13285960278961953 0.8511065785156064 0.18472740975575105 0.862194329268556
0 0.3235611322115385 0.3984593125 0.28901185042271754 0.3907304625917825 0.22414109760811332 0.6807138295170216 0.2586903793969343 0.6884426794252391
0 0.36531084855769236 0.3524110841346155 0.3354865587062068 0.34583834671144253 0.2814340947643965 0.5911054626780627 0.31125838461588207 0.5976782001012357
0 0.39113810336538474 0.37684100240384616 0.3455672062471437 0.37061368413598494 0.27452019711538467 0.8905286466346154 0.3200910942336257 0.8967559649024767
0 0.25259015144230773 0.0949191682692308 0.2249473028283656 0.08882196999538804 0.20373372596153846 0.1849978966346154 0.23137657457548058 0.1910950949084582
0 0.284128625 0.08718812980769236 0.25931514686210566 0.08129499710167713 0.2315067601215304 0.19838429932170953 0.25632023825942474 0.20427743202772478
0 0.6391036679222618 0.23760741401101299 0.6097820192307692 0.024604396634615375 0.5524763320777382 0.03249300425821773 0.5817979807692308 0.2454960216346153
0 0.7154109390424951 0.4199787557140458 0.7087441346153847 0.2699305673076923 0.6562176979767356 0.2722643740936465 0.662884502403846 0.42231256250000004
0 0.7241685384615384 0.571990625 0.7106092937610511 0.4744772485565583 0.6376682000110512 0.48461971490271216 0.6512274447115385 0.5821330913461538