2 0.9795702091346155 0.014602353365384655 0.012782956730769231 0.006335661057692308 0.004454731544801593 0.9803191656148973 0.9712419839486479 0.9885858579225896
0 0.3083875240384616 0.6595143365384615 0.21675408602385476 0.6587345961016009 0.2146900822414488 0.9012919314868172 0.30632352025605564 0.9020716719236778
0 0.3779432648215166 0.6789644199582152 0.3055444628500033 0.67690806511459 0.2982803086054099 0.9326596764063745 0.3706791105769232 0.9347160312499998
0 0.42827228846153853 0.6844767451923078 0.38241420275869725 0.6809458694309599 0.3644366914248142 0.9144330582178791 0.41029477712765555 0.9179639339792269
0 0.47844204837606596 0.6969679761768065 0.42614642406164255 0.6958071629907759 0.42209216895480756 0.8784548142178153 0.4743877932692309 0.879615627403846
0 0.5480769230769232 0.6875 0.4807692307692309 0.6875 0.4807692307692309 0.9182692307692307 0.5480769230769232 0.9182692307692307
0 0.5937500000000001 0.6971153846153846 0.528846153846154 0.6971153846153846 0.528846153846154 0.9399038461538461 0.5937500000000001 0.9399038461538461
0 0.6418269230769231 0.6947115384615384 0.5769230769230771 0.6947115384615384 0.5769230769230771 0.8725961538461539 0.6418269230769231 0.8725961538461539
0 0.7019230769230769 0.6971153846153846 0.6418269230769231 0.6971153846153846 0.6418269230769231 0.9038461538461539 0.7019230769230769 0.9038461538461539
0 0.7548076923076923 0.6923076923076923 0.6875 0.6923076923076923 0.6875 0.9134615384615384 0.7548076923076923 0.9134615384615384
0 0.8052884615384616 0.6971153846153846 0.7403846153846154 0.6971153846153846 0.7403846153846154 0.9591346153846154 0.8052884615384616 0.9591346153846154
0 0.8461538461538461 0.7019230769230769 0.7956730769230769 0.7019230769230769 0.7956730769230769 0.7908653846153846 0.8461538461538461 0.7908653846153846