2 0.9739731650142457 0.06153669030265478 0.03303713701923077 0.044265593750000005 0.0165306172118516 0.9435471845989093 0.9574666452068665 0.9608182811515641
0 0.20913461538461545 0.2860576923076923 0.06490384615384619 0.2860576923076923 0.0649038461538462 0.36778846153846156 0.20913461538461545 0.36778846153846156
0 0.14182692307692316 0.44471153846153844 0.06971153846153852 0.44471153846153844 0.06971153846153852 0.5072115384615384 0.14182692307692316 0.5072115384615384
0 0.6923076923076923 0.24278846153846162 0.31490384615384615 0.24278846153846162 0.31490384615384615 0.3677884615384616 0.6923076923076923 0.3677884615384617
0 0.47836538461538464 0.41346153846153844 0.3245192307692308 0.41346153846153844 0.3245192307692308 0.5120192307692307 0.47836538461538464 0.5120192307692307
0 0.5192307692307693 0.5288461538461539 0.31490384615384615 0.5288461538461539 0.3149038461538462 0.625 0.5192307692307694 0.625
0 0.5360576923076924 0.6658653846153846 0.3028846153846155 0.6658653846153846 0.3028846153846155 0.7620192307692307 0.5360576923076924 0.7620192307692307
0 0.38942307692307704 0.7740384615384616 0.28125000000000006 0.7740384615384616 0.2812500000000001 0.875 0.38942307692307704 0.875
0 0.9278846153846154 0.5793269230769232 0.8076923076923077 0.5793269230769232 0.8076923076923077 0.6274038461538461 0.9278846153846154 0.6274038461538461
0 0.9134615384615384 0.5336538461538463 0.8052884615384616 0.5336538461538463 0.8052884615384616 0.5721153846153848 0.9134615384615384 0.5721153846153848
0 0.9495192307692307 0.48557692307692324 0.8100961538461539 0.48557692307692324 0.8100961538461539 0.5240384615384617 0.9495192307692307 0.5240384615384617
0 0.9567307692307693 0.44230769230769246 0.8149038461538461 0.44230769230769246 0.8149038461538461 0.4879807692307694 0.9567307692307693 0.4879807692307694
0 0.9471153846153846 0.38461538461538475 0.8173076923076923 0.38461538461538475 0.8173076923076923 0.4399038461538463 0.9471153846153846 0.4399038461538463
0 0.8846153846153846 0.3197115384615386 0.8076923076923077 0.3197115384615386 0.8076923076923077 0.38461538461538475 0.8846153846153846 0.38461538461538475
0 0.9471153846153846 0.2548076923076924 0.7932692307692307 0.2548076923076924 0.7932692307692307 0.32211538461538475 0.9471153846153846 0.32211538461538475
1 0.31250000000000006 0.36778846153846156 0.09134615384615388 0.36778846153846156 0.09134615384615391 0.9711538461538461 0.3125000000000001 0.9711538461538461
0 0.17307692307692316 0.3701923076923077 0.060096153846153896 0.3701923076923077 0.060096153846153896 0.4423076923076923 0.17307692307692316 0.4423076923076923
0 0.17788461538461545 0.5096153846153846 0.06250000000000007 0.5096153846153846 0.06250000000000007 0.5576923076923077 0.17788461538461545 0.5576923076923077