0 0.18759523852458815 0.3606511613507764 0.1848090985576923 0.27173912980769227 0.0490010258984888 0.2759948001876852 0.05178716586538463 0.3649068317307693
0 0.1868399663461539 0.3707298125 0.08225020192307696 0.3707298125 0.08225020192307698 0.42313664663461537 0.1868399663461539 0.42313664663461537
0 0.15129975721153854 0.4347826081730769 0.05686433894230774 0.4347826081730769 0.05686433894230775 0.4988354038461538 0.15129975721153854 0.4988354038461538
0 0.9516233591652921 0.23904345250074516 0.9362307067307692 0.17080745432692307 0.7654765591039389 0.20932611480694713 0.7808692115384617 0.2775621129807692
0 0.8810461829776373 0.3181415582869268 0.863782529249207 0.25492096466095276 0.7778216419446466 0.27839431262402603 0.7950852956730768 0.3416149062500001
0 0.9468221193252475 0.38806003997635147 0.9443541826923075 0.32608695673076926 0.7941640398358327 0.332067936473106 0.7966319764687727 0.39404101971868827
0 0.9634257915274171 0.44441522587511006 0.960398570584919 0.39040783435973897 0.7859654689613481 0.4001851541577058 0.7889926899038463 0.45419254567307693
0 0.938839699222907 0.4968872352472147 0.938261576923077 0.4503105600961538 0.780773014230244 0.45226535076692653 0.781351136530074 0.49884202591798743
0 0.8996750600961538 0.5046583846153847 0.7910235576923077 0.5046583846153847 0.7910235576923077 0.547360247596154 0.8996750600961538 0.547360247596154
0 0.9182692307692307 0.5528846153846155 0.7932692307692307 0.5528846153846155 0.7932692307692307 0.605769230769231 0.9182692307692307 0.605769230769231
2 0.9807692307692307 0.0552884615384616 0.024038461538461547 0.055288461538461536 0.024038461538461602 0.9615384615384616 0.9807692307692307 0.9615384615384616