2 1 0.033653846153846215 0.03365384615384615 0.03365384615384615 0.033653846153846215 0.9927884615384616 1 0.9927884615384616
1 0.6754807692307693 0.009615384615384656 0.016826923076923076 0.009615384615384616 0.016826923076923087 0.15625000000000003 0.6754807692307693 0.15625000000000006
0 0.7235576923076923 0.07692307692307701 0.6418269230769231 0.076923076923077 0.6418269230769231 0.18750000000000006 0.7235576923076923 0.18750000000000006
0 0.6418269230769231 0.11057692307692314 0.5745192307692307 0.11057692307692314 0.5745192307692307 0.20432692307692316 0.6418269230769231 0.20432692307692316
0 0.5600961538461539 0.06971153846153853 0.49278846153846156 0.06971153846153853 0.49278846153846156 0.17067307692307698 0.5600961538461539 0.17067307692307698
0 0.5000000000000001 0.8028846153846154 0.4134615384615386 0.8028846153846154 0.4134615384615386 0.9350961538461539 0.5000000000000001 0.9350961538461539
0 0.550705641826923 0.8996963269230768 0.5362194056120059 0.7944518081473068 0.4875757235576922 0.8011473004807693 0.5020619597726094 0.9063918192565392
0 0.5990796658653846 0.948761939903846 0.5922222630767902 0.7958766166147204 0.542808951923077 0.7980929639423077 0.5496663547116714 0.9509782872314333
0 0.6554843197115384 0.9658202307692307 0.6375549496920885 0.7979295478884164 0.5905868173076922 0.8029453653846151 0.6085161873271422 0.9708360482654295
0 0.7139423076923077 0.8004807692307693 0.6490384615384616 0.8004807692307693 0.6490384615384616 0.9471153846153846 0.7139423076923077 0.9471153846153846
0 0.7836538461538461 0.8052884615384616 0.7043269230769231 0.8052884615384616 0.7043269230769231 0.8774038461538461 0.7836538461538461 0.8774038461538461
0 0.8725961538461539 0.78125 0.7764423076923077 0.78125 0.7764423076923077 0.9543269230769231 0.8725961538461539 0.9543269230769231