2 0.9580117139423077 0.9611889302884615 0.9344174988112032 -0.00018967831756701198 0.019166277657357022 0.02227247552858686 0.042760492788461536 0.9836510841346155
0 0.8341346153846154 0.20913461538461545 0.7355769230769231 0.20913461538461545 0.7355769230769231 0.8798076923076923 0.8341346153846154 0.8798076923076923
0 0.7331730769230769 0.2836538461538462 0.6538461538461539 0.2836538461538462 0.6538461538461539 0.8846153846153846 0.7331730769230769 0.8846153846153846
0 0.6322115384615384 0.23557692307692316 0.5408653846153846 0.23557692307692316 0.5408653846153847 0.8918269230769231 0.6322115384615384 0.8918269230769231
0 0.5216346153846154 0.33653846153846156 0.4423076923076923 0.33653846153846156 0.4423076923076924 0.8942307692307693 0.5216346153846155 0.8942307692307693
0 0.4423076923076924 0.3894230769230769 0.36778846153846156 0.3894230769230769 0.3677884615384616 0.8798076923076923 0.44230769230769246 0.8798076923076923
0 0.8365384615384616 0.07211538461538472 0.7692307692307693 0.07211538461538472 0.7692307692307693 0.1850961538461539 0.8365384615384616 0.1850961538461539
0 0.7596153846153846 0.08413461538461549 0.7067307692307693 0.08413461538461549 0.7067307692307693 0.14663461538461547 0.7596153846153846 0.14663461538461547
0 0.44471153846153844 0.05528846153846159 0.38461538461538464 0.05528846153846159 0.38461538461538464 0.20192307692307698 0.44471153846153844 0.20192307692307698
0 0.3389423076923078 0.8052884615384616 0.2548076923076924 0.8052884615384616 0.2548076923076924 0.9591346153846154 0.3389423076923078 0.9591346153846154
0 0.38221153846153844 0.0697115384615385 0.31971153846153844 0.06971153846153849 0.31971153846153844 0.18990384615384623 0.38221153846153844 0.18990384615384623