2 0.9879807692307693 0.016826923076923135 0.016826923076923076 0.016826923076923076 0.01682692307692314 1 0.9879807692307693 1
0 0.8461538461538461 0.6947115384615384 0.7355769230769231 0.6947115384615384 0.7355769230769231 0.9663461538461539 0.8461538461538461 0.9663461538461539
0 0.7334954639423077 0.9916478798076921 0.7116852253588526 0.7015018539955734 0.6492527596153846 0.7061948942307692 0.6710629981988399 0.9963409200428879
0 0.6681774158653847 0.9753708341346154 0.6426751208393019 0.6989370541442818 0.6024477115384615 0.70264821875 0.6279500065645442 0.9790819987403337
0 0.6226154326923077 0.9266081826923075 0.6100594466274648 0.7134436576598777 0.5494494237057501 0.7170137573426418 0.5620054097705931 0.9301782823750717
0 0.5415765291886483 0.7037843235066727 0.4845795817307693 0.7029846971153848 0.48092233859981354 0.963671058704866 0.5379192860576925 0.964470685096154
0 0.48268577626090453 0.7067154125350162 0.4317260875141091 0.7064829174026291 0.43044750596474307 0.9867301515022284 0.4814071947115385 0.9869626466346155
0 0.4340217449196508 0.70778840502612 0.3809744663461539 0.7054317355769233 0.3721009618111187 0.9051692368008035 0.4251482403846155 0.9075259062500002
0 0.39013388292208195 0.7092151250389416 0.3288926500055774 0.7045745434969037 0.31159090891041863 0.9329036756695008 0.37283214182692315 0.9375442572115387
0 0.33004541586538466 0.6984832331730768 0.2689953557692309 0.6938571370192306 0.2502970582791691 0.9406164233593876 0.31134711837532286 0.9452425195132338
0 0.2711203533653847 0.6991670432692308 0.21182707213568186 0.6943777053289841 0.18843065386645108 0.9840316043674459 0.24772393509615395 0.9888209423076925
0 0.21830029326923087 0.7003134591346154 0.15472889114781688 0.6923768227139918 0.14224774210935529 0.7923491664639919 0.20581914423076927 0.8002858028846155