2 1 0.00220941105769243 0.033826317307692345 0.002209411057692371 0.03382631730769241 0.9817575096153845 1 0.9817575096153845
0 0.26158788620944506 0.16216512246603154 0.25763013701923076 0.1207464326923077 0.08224219071363179 0.13750556984166076 0.08619993990384615 0.17892425961538463
0 0.5501738114316684 0.14022741325680552 0.5462113581730769 0.08671789182692308 0.33493565251063917 0.10236314683934832 0.33889810576923074 0.15587266826923077
0 0.2846538004132645 0.22714710965238133 0.28252688461538455 0.17343578365384615 0.11101924388999863 0.18022731791099492 0.11314615968787854 0.23393864390953006
0 0.2864177163461539 0.2228320528846154 0.11307833961276664 0.21906545856293386 0.11192313221153852 0.2722283197115385 0.2852625089449258 0.2759949140332201
0 0.1979756875 0.2744237091346154 0.11044851760165499 0.26714514936262296 0.10719607692307694 0.30625686057692303 0.19472324682142192 0.3135354203489155
0 0.14880275479945093 0.3304882157706119 0.06422732692307695 0.3062568605769231 0.05409888740890451 0.3416084576619354 0.1386743152852785 0.3658398128556242
0 0.7043269230769231 0.17067307692307698 0.6370192307692307 0.17067307692307698 0.6370192307692307 0.2379807692307693 0.7043269230769231 0.2379807692307693
0 0.8509615384615384 0.16346153846153857 0.7860576923076923 0.16346153846153852 0.7860576923076923 0.21634615384615394 0.8509615384615384 0.216346153846154
0 0.6947115384615384 0.2524038461538462 0.6418269230769231 0.2524038461538462 0.6418269230769231 0.3052884615384616 0.6947115384615384 0.3052884615384616
0 0.8365384615384616 0.24278846153846162 0.7716346153846154 0.24278846153846162 0.7716346153846154 0.295673076923077 0.8365384615384616 0.295673076923077
0 0.8341346153846154 0.31730769230769246 0.7644230769230769 0.31730769230769246 0.7644230769230769 0.36538461538461553 0.8341346153846154 0.36538461538461553
0 0.6754807692307693 0.3149038461538463 0.6225961538461539 0.3149038461538463 0.6225961538461539 0.3677884615384617 0.6754807692307693 0.3677884615384617
0 0.7836538461538461 0.3701923076923078 0.5697115384615384 0.3701923076923078 0.5697115384615384 0.42307692307692324 0.7836538461538461 0.42307692307692324
0 0.6802884615384616 0.42788461538461553 0.625 0.42788461538461553 0.625 0.46634615384615397 0.6802884615384616 0.46634615384615397
0 0.875 0.4447115384615386 0.7572115384615384 0.4447115384615386 0.7572115384615384 0.5072115384615385 0.875 0.5072115384615385
0 0.26418958894230776 0.37565556730769245 0.06798221394230773 0.35858031490384623 0.06457217289403817 0.39776422779127807 0.26077954789403823 0.4148394801951243
0 0.2969079465592347 0.42446669498842543 0.07115480528846158 0.39151116105769224 0.06599505824845761 0.4268566391461899 0.29174819951923076 0.459812173076923
0 0.2803019639423077 0.4622514927884615 0.07874882496445293 0.414659380140955 0.0680930196759914 0.4597868368717243 0.2696461586538462 0.5073789495192308
0 0.28651619141225615 0.5172534240361603 0.07335146875000004 0.4610318341346154 0.062123503299282415 0.5036027778869168 0.2752882259615385 0.5598243677884617
0 0.2809410425943945 0.5656983762294228 0.0724394615384616 0.4988413221153846 0.057897200194067154 0.5441930732898081 0.26639878125000005 0.6110501274038462
0 0.5295919927884617 0.47078912019230784 0.31091310801208927 0.4486241333992193 0.3042374589736277 0.5144858233030654 0.5229163437500002 0.5366508100961538
0 0.5346732730138852 0.41852492186101864 0.31333887740384614 0.402488108173077 0.3096304892865041 0.4536699612899797 0.5309648848965433 0.46970677497792135
0 0.5148912958935721 0.37942230953359335 0.3056342500000001 0.3658982788461539 0.30311880747181263 0.40481966883179143 0.5123758533653846 0.41834369951923084
0 0.5478993750000001 0.32321014663461545 0.3095705303026702 0.31582639170573906 0.3080895511984523 0.3636286335635738 0.5464183958957822 0.3710123884924502
0 0.5217470000000001 0.2658860841346154 0.30588543387767875 0.2634116842311125 0.3052975274291981 0.31469943546436646 0.5211590935515195 0.31717383536786936
0 0.5370182879721056 0.259775487571131 0.5365513221153847 0.2170996466346154 0.3125526366171357 0.21955067597071348 0.31301960247385663 0.2622265169072291
0 0.5546085268044474 0.21702524175382873 0.553993483173077 0.1634345649038461 0.33137164679793096 0.1659895268993779 0.33198669042930146 0.21958020374936055