2 1.0541875011861745 0.9272135537338955 0.992806438484078 -0.030624673398856255 0.016658315415241175 0.031929740750995764 0.07803937811733777 0.9897679678837474
0 0.2812500000000001 0.7644230769230769 0.20913461538461545 0.7644230769230769 0.20913461538461547 0.9399038461538461 0.2812500000000001 0.9399038461538461
0 0.5480769230769232 0.75 0.4759615384615386 0.75 0.4759615384615386 0.9639423076923077 0.5480769230769232 0.9639423076923077
0 0.6129807692307694 0.7067307692307693 0.5312500000000001 0.7067307692307693 0.5312500000000001 0.9615384615384616 0.6129807692307694 0.9615384615384616
0 0.6778846153846154 0.45913461538461553 0.5889423076923077 0.45913461538461553 0.5889423076923077 0.6899038461538461 0.6778846153846154 0.6899038461538461
0 0.5961538461538463 0.46394230769230776 0.5216346153846154 0.4639423076923077 0.5216346153846154 0.6971153846153846 0.5961538461538463 0.6971153846153846
0 0.5336538461538463 0.49278846153846156 0.45913461538461536 0.49278846153846156 0.4591346153846155 0.6971153846153846 0.5336538461538463 0.6971153846153846
0 0.483173076923077 0.47115384615384615 0.37740384615384615 0.47115384615384615 0.3774038461538462 0.7163461538461539 0.48317307692307704 0.7163461538461539
0 0.3966346153846155 0.49759615384615385 0.31490384615384615 0.49759615384615385 0.3149038461538462 0.71875 0.39663461538461553 0.71875
0 0.3341346153846155 0.5048076923076923 0.25000000000000006 0.5048076923076923 0.25000000000000006 0.7163461538461539 0.33413461538461553 0.7163461538461539
0 0.2692307692307693 0.4855769230769231 0.1754807692307693 0.4855769230769231 0.1754807692307693 0.7067307692307693 0.2692307692307693 0.7067307692307693
0 0.5264423076923077 0.2596153846153847 0.43990384615384615 0.2596153846153847 0.43990384615384615 0.4519230769230769 0.5264423076923077 0.4519230769230769
0 0.15384615384615388 0.19471153846153846 0.06009615384615386 0.19471153846153846 0.06009615384615387 0.28125 0.1538461538461539 0.28125
0 0.4759615384615386 0.8870192307692307 0.41105769230769246 0.8870192307692307 0.41105769230769246 0.96875 0.4759615384615386 0.96875
0 0.3990384615384617 0.8269230769230769 0.3317307692307694 0.8269230769230769 0.3317307692307694 0.9471153846153846 0.3990384615384617 0.9471153846153846
0 0.3437500000000001 0.75 0.2716346153846155 0.75 0.2716346153846155 0.9350961538461539 0.3437500000000001 0.9350961538461539
0 0.2215860168269231 0.980569079326923 0.1947360101468264 0.7832595171601291 0.12558448317307694 0.7926696995192308 0.15243448985317365 0.9899792616860249
0 0.6899987451923076 0.7229426225961539 0.6197314855769231 0.7157732860576924 0.5967332715192742 0.9411806817364275 0.6670005311346586 0.948350018274889
0 0.7510488052884619 0.719030355769231 0.6891400867123185 0.7068633318732449 0.6409161634615386 0.9522381514423078 0.7028248820376819 0.9644051753382938
0 0.8267027187499999 0.7346086995192309 0.7647322510943115 0.71980442247686 0.7107335221485508 0.9458422408724599 0.7727039898042392 0.9606465179148308
0 0.28125000000000006 0.3581730769230769 0.20432692307692316 0.3581730769230769 0.20432692307692316 0.41586538461538464 0.28125000000000006 0.41586538461538464
0 0.26682692307692313 0.23557692307692307 0.18269230769230768 0.23557692307692307 0.18269230769230774 0.30288461538461536 0.26682692307692313 0.30288461538461536
0 0.36538461538461536 0.35336538461538464 0.3028846153846155 0.35336538461538464 0.3028846153846155 0.4110576923076923 0.36538461538461536 0.4110576923076923
0 0.35336538461538464 0.24038461538461545 0.28365384615384615 0.24038461538461545 0.2836538461538462 0.2860576923076924 0.35336538461538464 0.2860576923076924
0 0.4423076923076923 0.33653846153846156 0.37259615384615385 0.33653846153846156 0.37259615384615385 0.40865384615384615 0.4423076923076923 0.40865384615384615
0 0.4519230769230769 0.21875000000000006 0.3701923076923077 0.21875000000000006 0.3701923076923077 0.27644230769230776 0.4519230769230769 0.27644230769230776
0 0.6201923076923077 0.16826923076923084 0.5456730769230769 0.16826923076923084 0.5456730769230769 0.2692307692307693 0.6201923076923077 0.2692307692307693
0 0.5817307692307693 0.3317307692307693 0.5240384615384616 0.3317307692307692 0.5240384615384616 0.3990384615384616 0.5817307692307693 0.3990384615384617