1 0.8701923076923077 8.861026118830609e-17 0.5769230769230769 7.065269995080885e-17 0.576923076923077 0.5985576923076924 0.8701923076923077 0.5985576923076924
2 1.0458726111568164 0.8966984070600816 0.9758006480839285 -0.006486969039932442 0.030410388234996324 0.06685938169888478 0.10048235130788413 0.9700447577988989
0 1.0031097430775981 0.6660945124429016 0.9971070480769233 0.5663728870192307 0.8621691390644255 0.5744954091741752 0.8681718340651003 0.6742170345978462
0 0.9949732596153849 0.5664598317307692 0.990439810096154 0.49780928846153844 0.8413229770266732 0.5076564594087063 0.8458564265459039 0.5763070026779371
0 0.9886722251076129 0.49575960859101326 0.9855182932692308 0.43751822836538473 0.8267800274288691 0.44611434454024074 0.8299339592672511 0.5043557247658692
0 0.9809113004807692 0.43353411778846146 0.97649890625 0.3794800625 0.8223120844226067 0.3920662235097746 0.826724478653376 0.446120278798236
0 0.2792285544186385 0.7889428842747132 0.2651191490384615 0.7130104663461536 0.10232224365828459 0.743260622936825 0.11643164903846152 0.8191930408653845
0 0.25589969955210823 0.7312022164196349 0.2493589807692308 0.6510751298076924 0.17492396150558406 0.6571512090611346 0.18146468028846152 0.7372782956730769
0 0.2523899567307692 0.6488657091346155 0.24600189235018677 0.5926269328901657 0.10281970244634064 0.6088907477940118 0.10920776682692307 0.6651295240384616
0 0.24320086298076923 0.5887485384615384 0.23747305856665546 0.5346253871525122 0.07722056337434775 0.5515847645563583 0.08294836778846154 0.6057079158653846
0 0.24849114917306908 0.5316198360733032 0.2397105480769231 0.48042306971153853 0.09160237967308478 0.50582464950362 0.10038298076923079 0.5570214158653847
0 0.24017114491233724 0.4801031118432544 0.23469173557692308 0.4451669807692307 0.12429237912612431 0.4624820996952072 0.12977178846153847 0.49741823076923086
0 0.22900290511848118 0.44585254282199666 0.2266182007278281 0.3812931732022532 0.10567106490384615 0.38576073798076926 0.10805576929449923 0.4503201076005127