1 0.37019230769230776 0.28605769230769235 0.10096153846153849 0.2860576923076923 0.10096153846153853 0.9663461538461539 0.3701923076923078 0.9663461538461539
0 0.1730769230769231 0.25 0.06730769230769235 0.25 0.06730769230769235 0.31490384615384615 0.17307692307692316 0.31490384615384615
0 0.18990384615384623 0.3317307692307692 0.06009615384615388 0.3317307692307692 0.06009615384615389 0.3798076923076923 0.18990384615384623 0.3798076923076923
0 0.19230769230769237 0.38221153846153844 0.060096153846153896 0.38221153846153844 0.060096153846153896 0.43990384615384615 0.19230769230769237 0.43990384615384615
0 0.18990384615384623 0.4423076923076923 0.05048076923076928 0.4423076923076923 0.05048076923076928 0.4879807692307692 0.18990384615384623 0.4879807692307692
0 0.6490384615384616 0.21634615384615388 0.27163461538461536 0.21634615384615385 0.2716346153846154 0.3221153846153847 0.6490384615384616 0.32211538461538475
0 0.4206730769230769 0.3557692307692308 0.2836538461538462 0.3557692307692308 0.2836538461538462 0.46153846153846156 0.4206730769230769 0.46153846153846156
0 0.3629807692307693 0.4735576923076923 0.26682692307692313 0.4735576923076923 0.26682692307692313 0.5649038461538461 0.3629807692307694 0.5649038461538461
0 0.9471153846153846 0.19951923076923087 0.7668269230769231 0.19951923076923084 0.7668269230769231 0.2740384615384616 0.9471153846153846 0.2740384615384617
0 0.8581730769230769 0.2764423076923078 0.7884615384615384 0.27644230769230776 0.7884615384615384 0.3389423076923078 0.8581730769230769 0.3389423076923078
0 0.9399038461538461 0.34134615384615397 0.7836538461538461 0.34134615384615397 0.7836538461538461 0.39663461538461553 0.9399038461538461 0.39663461538461553
0 0.9567307692307693 0.4014423076923078 0.7764423076923077 0.4014423076923078 0.7764423076923077 0.44711538461538475 0.9567307692307693 0.44711538461538475
0 0.9399038461538461 0.45192307692307704 0.7692307692307693 0.45192307692307704 0.7692307692307693 0.49759615384615397 0.9399038461538461 0.49759615384615397
0 0.8966346153846154 0.5048076923076924 0.7764423076923077 0.5048076923076924 0.7764423076923077 0.543269230769231 0.8966346153846154 0.543269230769231
0 0.9110576923076923 0.5480769230769232 0.7740384615384616 0.5480769230769232 0.7740384615384616 0.6033653846153848 0.9110576923076923 0.6033653846153848
2 0.9822086363328156 0.062028828181543365 0.03166250688377317 0.03910712621594173 0.010291757570188333 0.9253363893805524 0.9608378870192309 0.948258091346154