0 0.7932692307692307 0.34855769230769246 0.6730769230769231 0.34855769230769246 0.6730769230769231 0.7235576923076923 0.7932692307692307 0.7235576923076923
0 0.6394230769230769 0.5649038461538463 0.5384615384615385 0.5649038461538461 0.5384615384615385 0.7067307692307693 0.6394230769230769 0.7067307692307693
0 0.8004807692307693 0.04567307692307702 0.7211538461538461 0.04567307692307701 0.7211538461538461 0.22596153846153852 0.8004807692307693 0.22596153846153852
0 0.7235576923076923 0.1346153846153847 0.6514423076923077 0.1346153846153847 0.6514423076923077 0.2067307692307693 0.7235576923076923 0.2067307692307693
0 0.6514423076923077 0.06250000000000008 0.5961538461538461 0.06250000000000007 0.5961538461538461 0.2163461538461539 0.6514423076923077 0.2163461538461539
0 0.5913461538461539 0.03125000000000007 0.5408653846153846 0.03125000000000007 0.5408653846153846 0.20913461538461545 0.5913461538461539 0.20913461538461545
0 0.5432692307692307 0.06730769230769237 0.5 0.06730769230769237 0.5 0.22115384615384623 0.5432692307692307 0.22115384615384623
0 0.5 0.10336538461538468 0.4543269230769231 0.10336538461538468 0.4543269230769231 0.2163461538461539 0.5 0.2163461538461539
0 0.4519230769230769 0.07932692307692313 0.37259615384615385 0.07932692307692311 0.37259615384615385 0.2163461538461539 0.4519230769230769 0.2163461538461539
1 0.7211538461538461 0.7115384615384616 0.0408653846153847 0.7115384615384616 0.04086538461538472 0.9567307692307693 0.7211538461538461 0.9567307692307693
2 0.9558820177492795 0.9462231857171328 0.9264591519329615 0.01086454196569204 0.044855637019230774 0.038596473557692315 0.07427850283554889 0.9739551173091332