0 0.39182692307692324 0.8173076923076923 0.31730769230769246 0.8173076923076923 0.31730769230769246 0.9519230769230769 0.39182692307692324 0.9519230769230769
0 0.45913461538461553 0.7956730769230769 0.39663461538461553 0.7956730769230769 0.39663461538461553 0.9495192307692307 0.45913461538461553 0.9495192307692307
0 0.5192307692307694 0.78125 0.4639423076923078 0.78125 0.4639423076923078 0.9471153846153846 0.5192307692307694 0.9471153846153846
0 0.5889423076923078 0.7860576923076923 0.5144230769230771 0.7860576923076923 0.5144230769230771 0.9375 0.5889423076923078 0.9375
0 0.2616690552884615 0.21014422596153845 0.220480673480745 0.051620997329028376 0.15441056009615386 0.06878769951923076 0.19559894190387042 0.2273109281517408
0 0.31378965384615387 0.1958112740384616 0.3071662475961538 0.11808839182692309 0.2327791116234512 0.12442753169541414 0.23940251787345118 0.20215041390695265
2 0.9448310336538464 0.9605640120192309 0.9110160853025211 -0.0020676972564031173 0.035409497596153854 0.028690266826923074 0.069224445947479 0.9913219761025572
0 0.3756092235576922 0.19729679086538457 0.3541820377807776 0.04936062114902469 0.2922491875 0.05833102163461538 0.3136763732769146 0.2062671913509753
0 0.42946918749999996 0.19761013701923072 0.3986984464203076 0.03632379465619436 0.3504067712574545 0.04553703993765793 0.3811775123371469 0.2068233823006943
0 0.475232 0.20463154086538463 0.4467437702049972 0.05211146719158236 0.4039390961538461 0.060106673076923085 0.43242732594884886 0.21262674675072532
0 0.5093796274038461 0.19131988461538457 0.4899847526899872 0.09226277572318804 0.4525993989336134 0.09958263656252742 0.4719942736474723 0.198639745454724
0 0.5651558052884614 0.1961478197115385 0.5429506434675878 0.070995680917254 0.48736756009615373 0.08085752884615388 0.5095727219170274 0.2060096676404384