1 1 0.8461538461538461 0.4086538461538463 0.8461538461538461 0.4086538461538463 1 1 1
2 0.9831004423076923 0.9999999999999999 0.9471695125841572 -0.005039067291345806 0.043900266826923086 0.027253512019230767 0.07983119655045813 1.0322925793105764
0 0.43160449519230776 0.9622610576923076 0.4179708772422233 0.8119353133686198 0.3223769951923077 0.8206050889423078 0.3360106131423921 0.9709308332659957
0 0.47891700000000004 0.922240331730769 0.4607619621968577 0.8018990924081467 0.4097963221153847 0.8095879206730767 0.42795135991852695 0.9299291599956991
0 0.5510217884615385 0.8940297932692309 0.5427693988790372 0.7985998876890668 0.4827846349184577 0.8037871257797643 0.49103702450095904 0.8992170313599284
0 0.6063610408653847 0.9261138149038464 0.6016155652738602 0.8122122704947691 0.5410514014423078 0.8147355528846153 0.5457968770338323 0.9286370972936926
0 0.26755279567307694 0.2232629591346154 0.23148243257989637 0.05877268599205921 0.1689212947755577 0.07249144828123912 0.20499165786873827 0.2369817214237953
0 0.3359345168269231 0.20889924038461538 0.3200941399596488 0.12904034663552216 0.25566809134615387 0.14181954807692307 0.2715084682134281 0.22167844182601631
0 0.38922456009615386 0.2156486081730769 0.37411934886865067 0.06794496311379047 0.306627423076923 0.07484716105769232 0.32173263430442617 0.22255080611697872
0 0.4539594543269231 0.2282365480769231 0.4139967950843338 0.06019586807782053 0.36308633747082736 0.07230315822627573 0.4030489967134167 0.2403438382253783
0 0.48816497596153846 0.22357485096153845 0.4728916424163364 0.07834881154590614 0.4264904350961539 0.08322879807692309 0.4417637686413559 0.2284548374925554
0 0.5376615769230769 0.23207426201923081 0.515046989443502 0.11542988916984057 0.47525329206217176 0.12314494672969203 0.4978678795417466 0.2397893195790823
0 0.6004469639423077 0.23646464423076924 0.5850883763442253 0.10085008642878053 0.5217253774038462 0.10802605769230768 0.5370839650019286 0.24364061549429636