1 0.7019230769230769 0.07692307692307697 0.021634615384615394 0.07692307692307693 0.02163461538461542 0.4735576923076924 0.7019230769230769 0.47355769230769246
0 0.7764423076923077 0.6850961538461539 0.6850961538461539 0.6850961538461539 0.6850961538461539 0.8725961538461539 0.7764423076923077 0.8725961538461539
0 0.6875 0.6538461538461539 0.6153846153846154 0.6538461538461539 0.6153846153846154 0.875 0.6875 0.875
0 0.6274038461538461 0.6418269230769231 0.5504807692307694 0.6418269230769231 0.5504807692307694 0.8677884615384616 0.6274038461538461 0.8677884615384616
0 0.5673076923076924 0.6586538461538461 0.49759615384615397 0.6586538461538461 0.49759615384615397 0.8870192307692307 0.5673076923076924 0.8870192307692307
0 0.7956730769230769 0.19951923076923084 0.6730769230769231 0.19951923076923084 0.6730769230769231 0.5721153846153848 0.7956730769230769 0.5721153846153848
0 0.65625 0.3966346153846155 0.5576923076923077 0.39663461538461536 0.5576923076923077 0.5552884615384616 0.65625 0.5552884615384617
0 0.5576923076923077 0.3629807692307692 0.4543269230769231 0.3629807692307692 0.45432692307692313 0.5697115384615384 0.5576923076923078 0.5697115384615384
0 0.4423076923076924 0.43509615384615385 0.34375 0.43509615384615385 0.34375000000000006 0.5841346153846154 0.44230769230769246 0.5841346153846154
0 0.34375000000000006 0.4831730769230769 0.23557692307692316 0.4831730769230769 0.23557692307692316 0.5841346153846154 0.3437500000000001 0.5841346153846154
2 1 7.84002324531447e-17 0.09328298557692313 2.2879827980861426e-17 0.09328298557692319 0.9243667259615385 1 0.9243667259615385
0 0.5288461538461539 0.019230769230769294 0.4807692307692308 0.01923076923076929 0.4807692307692308 0.12740384615384623 0.5288461538461539 0.12740384615384623
0 0.7682073677884615 0.01843795673076933 0.7181468706697972 0.0156530872489418 0.7119538586505664 0.1269779670566341 0.7620143557692308 0.1297628365384616
0 0.7169708317307693 0.061837795673077005 0.6716253417313938 0.0552940041964102 0.6629053104813938 0.11571984313871789 0.7082508004807693 0.1222636346153847
0 0.6696889663461539 0.017024557692307776 0.6295900837309165 0.01349513921786539 0.6209794447115384 0.11132343750000007 0.6610783273267758 0.11485285597444246
0 0.6302760697115384 0.005855973557692389 0.5965378064018868 0.0023259665847924324 0.5843268942307692 0.11903252644230777 0.618065157540421 0.12256253341520772
0 0.5939256538461539 0.0175523052884616 0.5666863166964115 0.01344165362650827 0.5510860043504224 0.11681751774236007 0.5783253415001648 0.1209281694043134
0 0.5625327956730769 0.04202200000000007 0.5321850231482368 0.04060852804914292 0.5285045038722783 0.11963065628617062 0.5588522763971185 0.12104412823702776