2 1 0.013736264423077045 0.002884508017606517 -0.017011313158544674 -0.027528439097778225 0.9692524224183783 0.9695870528846153 1
0 0.8822115384615384 0.20192307692307704 0.5096153846153846 0.20192307692307698 0.5096153846153846 0.2860576923076924 0.8822115384615384 0.28605769230769246
0 0.9182692307692307 0.3052884615384616 0.5288461538461539 0.3052884615384616 0.5288461538461539 0.37019230769230776 0.9182692307692307 0.3701923076923078
0 0.8990384615384616 0.3725961538461539 0.5360576923076923 0.37259615384615385 0.5360576923076923 0.4158653846153847 0.8990384615384616 0.41586538461538475
0 0.8317307692307693 0.42307692307692313 0.5432692307692307 0.4230769230769231 0.5432692307692307 0.4783653846153847 0.8317307692307693 0.47836538461538475
0 0.8998325889423077 0.4945054951923078 0.5416155279984224 0.47540525413023327 0.5374302611714994 0.5538981892263871 0.8956473221153847 0.5729984302884616
0 0.916350740203446 0.5732593072803751 0.546875 0.5357142860576924 0.5415175626811692 0.5884361398350096 0.9109933028846152 0.6259811610576923
0 0.8063616081730771 0.6220565144230771 0.5510602668269231 0.5926216634615386 0.5454234329708332 0.6415123898418276 0.8007247743169871 0.670947240803366
0 0.8641024700059348 0.6995440095051587 0.5430988778727411 0.6493749518672993 0.535581229982191 0.6974761539006022 0.8565848221153847 0.7476452115384618
0 0.880545168407257 0.7621405859978364 0.5440848221153847 0.7044740985576923 0.5354704565927428 0.7547353947713943 0.8719308028846153 0.8124018822115384
0 0.9614622461267325 0.8411698299779216 0.5496651778846154 0.7496075360576924 0.5368636457001907 0.8071818190605401 0.9486607139423078 0.8987441129807693
0 0.6849888389423077 0.8437990576923078 0.5482700889423078 0.8124018822115386 0.5378654169890322 0.8577089431757705 0.674584166989032 0.8891061186565398
1 0.5120192307692308 0.26682692307692313 0.2403846153846154 0.2668269230769231 0.24038461538461545 1 0.512019230769231 1