2 0.9999842331730769 0.043456903846153964 0.008583689903846154 0.0003497596153846033 -0.033948451409412835 0.978526086458927 0.9574520918598179 1.0216332306896965
0 0.20797642788461537 0.9409447091346154 0.1789144164553737 0.7623633180442144 0.13853424672334794 0.7689347135692544 0.1675962581525896 0.9475161046596553
0 0.24865067067307686 0.9185072187499999 0.24451253639219905 0.7543154861719361 0.20070854807692307 0.7554194807692307 0.2048466823578009 0.9196112133472945
0 0.4235234495192308 0.7855814783653847 0.38298935336538464 0.7839298389423077 0.3752705690982584 0.9733621928223292 0.4158046652521046 0.9750138322454062
0 0.37941039916427377 0.8943045372854933 0.34486904220235093 0.8861769223918591 0.32343387740384616 0.9772737187500002 0.35797523436576906 0.9854013336436345
0 0.46708957849119287 0.7693300650378387 0.4311736906189887 0.7647390160814995 0.404369080877796 0.9744321313321224 0.4402849687500001 0.9790231802884615
0 0.519883746525341 0.7887708425934219 0.47723283413461554 0.7772284759615384 0.42365468610406126 0.9752084024868519 0.46630559849478664 0.9867507691187354
0 0.5656245749061968 0.7792934841694206 0.5261822572115387 0.7671755913461538 0.464028153459188 0.969479898042118 0.5034704711538461 0.9815977908653847
0 0.5358326274038462 0.5431856129807693 0.4834030144230769 0.5365314879807693 0.45721467824589584 0.742876323760062 0.5096442912266651 0.7495304487600619
0 0.47886383594033344 0.5322426678290728 0.43206905706842164 0.5282521243958621 0.41393148555116527 0.7409408628167894 0.46072626442307707 0.7449314062500001
0 0.4284488990384616 0.5538693389423078 0.38792355769230774 0.5507121298076925 0.37354256184744317 0.7353038817828911 0.4140679031935971 0.7384610909175066
0 0.3799469566200932 0.5052857041601679 0.3238086538461538 0.5029218197115385 0.31399985107221445 0.735864483339832 0.37013815384615384 0.7382283677884616
0 0.280412902412044 0.7223804431912364 0.2736407036573726 0.5067337364653267 0.2295739326923077 0.5081176153846154 0.23634613144697908 0.7237643221105251
0 0.23199426201923076 0.7069986682692307 0.2154517235576923 0.47591770192307686 0.1669866324700125 0.4793872028778155 0.183529170931551 0.7104681692239694
0 0.17244661057692307 0.6940307956730769 0.15427249795836373 0.4818895334988165 0.1021070985576923 0.4863585360576924 0.12028121117625165 0.6984997982319529
0 0.43889755691617094 0.26028507435498444 0.38725599519230774 0.2555231346153847 0.3661041421786556 0.48490754153994353 0.41774570390251886 0.48966948127954335