2 1 0.01725997836538474 4.029312556464761e-17 0.01725997836538468 1.0027043379328844e-16 0.9967637548076923 1 0.9967637548076923
0 0.23630652619177217 0.17099258317069413 0.23200757451923074 0.1333725600961538 0.05488665409668933 0.1536126932716135 0.05918560576923077 0.19123271634615382
0 0.2538921363754331 0.2372580169287475 0.25331439423076924 0.19123271634615382 0.091751803528413 0.19326076432125244 0.0923295456730769 0.23928606490384613
0 0.25961538461538464 0.24519230769230768 0.08894230769230772 0.24519230769230768 0.08894230769230772 0.28125 0.2596153846153847 0.28125
0 0.17307692307692316 0.28365384615384615 0.07211538461538465 0.28365384615384615 0.07211538461538465 0.3125 0.17307692307692316 0.3125
0 0.1274038461538462 0.31971153846153844 0.02884615384615389 0.31971153846153844 0.02884615384615389 0.36538461538461536 0.1274038461538462 0.36538461538461536
0 0.6778846153846154 0.18269230769230776 0.6370192307692307 0.18269230769230776 0.6370192307692307 0.24278846153846162 0.6778846153846154 0.24278846153846162
0 0.8317307692307693 0.15625000000000006 0.7764423076923077 0.15625000000000006 0.7764423076923077 0.2283653846153847 0.8317307692307693 0.2283653846153847
0 0.6778846153846154 0.25721153846153855 0.6274038461538461 0.25721153846153855 0.6274038461538461 0.3197115384615386 0.6778846153846154 0.3197115384615386
0 0.8245192307692307 0.2548076923076924 0.7692307692307693 0.2548076923076924 0.7692307692307693 0.3076923076923078 0.8245192307692307 0.3076923076923078
0 0.8004807692307693 0.31730769230769246 0.7524038461538461 0.31730769230769246 0.7524038461538461 0.3701923076923078 0.8004807692307693 0.3701923076923078
0 0.6610576923076923 0.3317307692307694 0.5961538461538461 0.3317307692307694 0.5961538461538461 0.37980769230769246 0.6610576923076923 0.37980769230769246
0 0.7587594711538462 0.39423359855769247 0.5433238629807693 0.37658134855769243 0.5388470037660318 0.43121885299096435 0.7542826119391086 0.4488711029909644
0 0.6403882572115385 0.43149946153846164 0.5954071971153846 0.43149946153846164 0.5954071971153846 0.47759144951923094 0.6403882572115385 0.47759144951923094
0 0.8471041264670548 0.47151695449215053 0.7254465928292521 0.45398813574332225 0.7185132572115385 0.5021084639423078 0.8401707908493413 0.5196372826911361
0 0.6321022716346154 0.5021084639423077 0.5883049254807692 0.4952436995192308 0.5812902212879115 0.5399976646616675 0.6250875674417576 0.5468624290847445
0 0.608173076923077 0.5528846153846155 0.5625 0.5528846153846155 0.5625000000000001 0.5937500000000001 0.6081730769230771 0.5937500000000001
0 0.7668269230769231 0.5168269230769232 0.6802884615384616 0.5168269230769232 0.6802884615384616 0.5769230769230771 0.7668269230769231 0.5769230769230771
0 0.5985576923076924 0.6129807692307694 0.5625000000000001 0.6129807692307694 0.5625000000000001 0.6754807692307693 0.5985576923076924 0.6754807692307693
0 0.6971153846153846 0.6274038461538461 0.6490384615384616 0.6274038461538461 0.6490384615384616 0.6850961538461539 0.6971153846153846 0.6850961538461539
0 0.5360576923076923 0.10096153846153852 0.3293269230769231 0.10096153846153849 0.3293269230769231 0.1658653846153847 0.5360576923076923 0.1658653846153847
0 0.5360576923076923 0.18028846153846162 0.3173076923076923 0.18028846153846162 0.3173076923076923 0.22596153846153852 0.5360576923076923 0.22596153846153852
0 0.5168269230769231 0.22596153846153852 0.2980769230769231 0.22596153846153852 0.2980769230769231 0.2740384615384616 0.5168269230769231 0.2740384615384616
0 0.46875 0.27644230769230776 0.2956730769230769 0.27644230769230776 0.295673076923077 0.32211538461538464 0.46875 0.32211538461538464
0 0.5264423076923077 0.3269230769230769 0.2908653846153847 0.3269230769230769 0.2908653846153847 0.36778846153846156 0.5264423076923077 0.36778846153846156
0 0.4807692307692308 0.37740384615384615 0.2860576923076924 0.37740384615384615 0.2860576923076924 0.41586538461538464 0.4807692307692308 0.41586538461538464
0 0.4951923076923077 0.41586538461538464 0.28125000000000006 0.41586538461538464 0.28125000000000006 0.47115384615384615 0.4951923076923077 0.47115384615384615
0 0.4951923076923077 0.47115384615384615 0.27644230769230776 0.47115384615384615 0.27644230769230776 0.5240384615384616 0.4951923076923077 0.5240384615384616
0 0.24147727163461538 0.38638815384615377 0.04024621153846158 0.3687359038461538 0.036750073147069656 0.4085909724488906 0.23798113324322345 0.42624322244889057
0 0.2592329543269231 0.42855741826923077 0.03166534113213745 0.4013357909893948 0.026756536457001472 0.4423724620185205 0.2543241496517871 0.46959408929835644
0 0.24739583413461544 0.47464940624999996 0.03669507451923085 0.4354221826923077 0.02851239796006151 0.47937370437388466 0.2392131575754461 0.518600927931577
0 0.24384469711538465 0.5236834350961538 0.039062500000000035 0.4648426009615385 0.02809861121392177 0.5029999328138585 0.23288080832930635 0.5618407669484738
0 0.23159101786378783 0.5644678422802033 0.035511362980769276 0.5089732283653846 0.02290708790544307 0.553508035123643 0.21898674278846164 0.6090026490384616