0 0.7283653846153846 0.15865384615384623 0.6177884615384616 0.15865384615384623 0.6177884615384616 0.22115384615384623 0.7283653846153846 0.22115384615384623
0 0.6201923076923077 0.23557692307692316 0.5240384615384616 0.23557692307692316 0.5240384615384616 0.2692307692307693 0.6201923076923077 0.2692307692307693
0 0.5625 0.28125000000000006 0.3870192307692308 0.28125000000000006 0.3870192307692308 0.32451923076923084 0.5625 0.3245192307692309
0 0.5096153846153846 0.2379807692307693 0.43509615384615385 0.2379807692307693 0.43509615384615385 0.2836538461538462 0.5096153846153846 0.2836538461538462
0 0.6332859831730772 0.38961038942307713 0.03701912337176241 0.37571004440141553 0.03583541183330081 0.4264863352668001 0.6321022716346155 0.4403866802884617
0 0.6057692307692307 0.4399038461538462 0.264423076923077 0.43990384615384615 0.264423076923077 0.48557692307692313 0.6057692307692307 0.48557692307692324
0 0.6778846153846154 0.5793269230769231 0.41586538461538475 0.5793269230769231 0.41586538461538475 0.6274038461538461 0.6778846153846154 0.6274038461538461
0 0.30066287980769235 0.5331510600961539 0.13175098948235062 0.49909048838753883 0.12490165432350916 0.5330574505116392 0.29381354464885084 0.5671180222202543
0 0.6985257792289677 0.5370895289053983 0.36458333413461536 0.5360804615384616 0.3644477063479554 0.5809653484984479 0.6983901514423079 0.5819744158653847
0 0.17067307692307698 0.5432692307692307 0.06490384615384623 0.5432692307692307 0.06490384615384623 0.5889423076923077 0.17067307692307698 0.5889423076923077
0 0.3750000000000001 0.5649038461538461 0.2379807692307693 0.5649038461538461 0.2379807692307693 0.6177884615384616 0.3750000000000001 0.6177884615384616
0 0.45691287980769224 0.6649741225961538 0.039062500000000035 0.5858802836538461 0.030623269810553504 0.6304644837268373 0.4484736496182457 0.7095583226691449
0 0.3902305702965271 0.694072194004862 0.0437973485576924 0.6317742403846154 0.034930660762111036 0.6810810801870927 0.38136388250094566 0.7433790338073393
2 1 0.02148227644230781 5.18271577830003e-17 0.02148227644230775 1.0562743072085744e-16 0.9001074110576923 1 0.9001074110576923