0 0.34134615384615385 0.09375000000000003 0.21153846153846154 0.09375000000000003 0.21153846153846154 0.16586538461538464 0.34134615384615385 0.1658653846153847
0 0.6298076923076923 0.17788461538461542 0.24278846153846154 0.1778846153846154 0.24278846153846154 0.23798076923076927 0.6298076923076923 0.2379807692307693
0 0.45913461538461536 0.2355769230769231 0.24759615384615385 0.23557692307692307 0.24759615384615388 0.30528846153846156 0.45913461538461536 0.3052884615384616
0 0.34615384615384615 0.31490384615384615 0.2596153846153847 0.31490384615384615 0.2596153846153847 0.3605769230769231 0.34615384615384615 0.3605769230769231
0 0.6418269230769231 0.38221153846153855 0.2692307692307693 0.38221153846153844 0.2692307692307693 0.4615384615384616 0.6418269230769231 0.4615384615384617
0 0.6971153846153846 0.4711538461538462 0.2524038461538462 0.47115384615384615 0.2524038461538462 0.5625000000000001 0.6971153846153846 0.5625000000000001
0 0.5961538461538463 0.5480769230769231 0.4326923076923077 0.5480769230769231 0.43269230769230776 0.6033653846153847 0.5961538461538463 0.6033653846153848
0 0.5985576923076924 0.6033653846153847 0.45432692307692324 0.6033653846153846 0.45432692307692324 0.6706730769230769 0.5985576923076924 0.6706730769230769
0 0.6346153846153846 0.6850961538461539 0.4302884615384617 0.6850961538461539 0.4302884615384617 0.7427884615384616 0.6346153846153846 0.7427884615384616
0 0.6754807692307693 0.75 0.45913461538461553 0.75 0.45913461538461553 0.8125 0.6754807692307693 0.8125
0 0.7427884615384616 0.7980769230769231 0.4447115384615386 0.7980769230769231 0.4447115384615386 0.9254807692307693 0.7427884615384616 0.9254807692307693
2 1 6.123233995736766e-17 0 0 6.123233995736766e-17 1 1 1