0 0.6995192307692307 0.6658653846153846 0.13942307692307698 0.6658653846153846 0.139423076923077 0.7524038461538461 0.6995192307692307 0.7524038461538461
0 0.8653846153846154 0.5937500000000001 0.13942307692307698 0.59375 0.13942307692307698 0.6634615384615384 0.8653846153846154 0.6634615384615384
0 0.8894230769230769 0.514423076923077 0.16346153846153852 0.5144230769230769 0.16346153846153852 0.5889423076923077 0.8894230769230769 0.5889423076923078
0 0.47596153846153844 0.43028846153846156 0.1538461538461539 0.43028846153846156 0.1538461538461539 0.5048076923076923 0.47596153846153844 0.5048076923076923
0 0.5673076923076923 0.3725961538461539 0.1322115384615385 0.37259615384615385 0.13221153846153852 0.43750000000000006 0.5673076923076923 0.4375000000000001
0 0.6490384615384616 0.03846153846153853 0.47596153846153844 0.03846153846153851 0.47596153846153844 0.1129807692307693 0.6490384615384616 0.1129807692307693
0 0.9206730769230769 0.05528846153846164 0.71875 0.05528846153846163 0.71875 0.16346153846153857 0.9206730769230769 0.1634615384615386
0 0.7067307692307693 0.1177884615384616 0.33413461538461536 0.11778846153846158 0.33413461538461536 0.1754807692307693 0.7067307692307693 0.1754807692307693
0 0.47115384615384615 0.18359375000000003 0.13750000000000004 0.18359375 0.13750000000000004 0.244140625 0.47115384615384615 0.24414062500000003
0 0.9114740354910276 0.28903738113345534 0.9096153846153846 0.22265625 0.14141057989358774 0.24416574386654474 0.14326923076923076 0.3105468750000001
0 0.9338463523237522 0.3515587082118049 0.9326923076923077 0.29296875 0.13923057075317072 0.3085975417881951 0.14038461538461536 0.3671875
2 1.011982277408578 0.9585821926862391 0.999965825652242 -0.002733947820652857 -1.6680033422853915e-20 0.009765625 0.012016451756335988 0.9710817655068921