2 0.9879807692307693 0.05288461538461545 0.024038461538461547 0.052884615384615384 0.024038461538461602 0.9543269230769231 0.9879807692307693 0.9543269230769231
0 0.18990384615384623 0.2956730769230769 0.05288461538461542 0.2956730769230769 0.052884615384615426 0.3629807692307692 0.18990384615384623 0.3629807692307692
0 0.22115384615384623 0.37259615384615385 0.060096153846153896 0.37259615384615385 0.060096153846153896 0.43990384615384615 0.22115384615384623 0.43990384615384615
0 0.20913461538461545 0.44471153846153844 0.05048076923076928 0.44471153846153844 0.05048076923076929 0.5024038461538461 0.20913461538461545 0.5024038461538461
0 0.21153846153846162 0.5 0.05769230769230776 0.5 0.05769230769230776 0.5528846153846154 0.21153846153846162 0.5528846153846154
0 0.6730769230769231 0.2379807692307693 0.28846153846153844 0.2379807692307693 0.2884615384615385 0.3485576923076924 0.6730769230769231 0.34855769230769246
0 0.44711538461538464 0.3942307692307692 0.3004807692307693 0.3942307692307692 0.3004807692307693 0.5048076923076923 0.44711538461538464 0.5048076923076923
0 0.49519230769230776 0.5264423076923077 0.28846153846153855 0.5264423076923077 0.28846153846153855 0.6225961538461539 0.4951923076923078 0.6225961538461539
0 0.49759615384615397 0.6466346153846154 0.28125000000000006 0.6466346153846154 0.28125000000000006 0.7524038461538461 0.49759615384615397 0.7524038461538461
0 0.35336538461538475 0.7716346153846154 0.2740384615384616 0.7716346153846154 0.2740384615384616 0.8774038461538461 0.35336538461538475 0.8774038461538461
0 0.7692307692307693 0.358173076923077 0.5480769230769231 0.3581730769230769 0.5480769230769231 0.43750000000000006 0.7692307692307693 0.4375000000000001
0 0.7620192307692307 0.46394230769230776 0.5408653846153846 0.4639423076923077 0.5408653846153846 0.528846153846154 0.7620192307692307 0.528846153846154
0 0.6370192307692307 0.5336538461538463 0.5528846153846154 0.5336538461538461 0.5528846153846154 0.5985576923076924 0.6370192307692307 0.5985576923076924
0 0.8100961538461539 0.608173076923077 0.5504807692307694 0.6081730769230769 0.5504807692307694 0.6826923076923077 0.8100961538461539 0.6826923076923077
0 0.7043269230769231 0.6899038461538461 0.5480769230769232 0.6899038461538461 0.5480769230769232 0.7548076923076923 0.7043269230769231 0.7548076923076923
0 0.9278846153846154 0.5673076923076924 0.7956730769230769 0.5673076923076924 0.7956730769230769 0.625 0.9278846153846154 0.625
0 0.9110576923076923 0.512019230769231 0.8004807692307693 0.512019230769231 0.8004807692307693 0.5649038461538463 0.9110576923076923 0.5649038461538463
0 0.9447115384615384 0.4711538461538463 0.8004807692307693 0.4711538461538463 0.8004807692307693 0.5216346153846155 0.9447115384615384 0.5216346153846155
0 0.9663461538461539 0.41586538461538475 0.8028846153846154 0.41586538461538475 0.8028846153846154 0.4711538461538463 0.9663461538461539 0.4711538461538463
0 0.9495192307692307 0.34855769230769246 0.7980769230769231 0.34855769230769246 0.7980769230769231 0.4134615384615386 0.9495192307692307 0.4134615384615386
0 0.875 0.28365384615384626 0.8076923076923077 0.2836538461538462 0.8076923076923077 0.36057692307692324 0.875 0.36057692307692324
0 0.9519230769230769 0.2139423076923078 0.7836538461538461 0.21394230769230776 0.7836538461538461 0.28365384615384626 0.9519230769230769 0.2836538461538463