0 0.6081730769230769 0.07211538461538468 0.40865384615384615 0.07211538461538466 0.40865384615384615 0.15144230769230774 0.6081730769230769 0.15144230769230776
0 0.7572115384615384 0.08653846153846162 0.6947115384615384 0.0865384615384616 0.6947115384615384 0.18750000000000006 0.7572115384615384 0.18750000000000006
0 0.9134615384615384 0.10096153846153856 0.8413461538461539 0.10096153846153856 0.8413461538461539 0.1947115384615386 0.9134615384615384 0.1947115384615386
0 0.65625 0.14663461538461545 0.2692307692307692 0.14663461538461542 0.2692307692307692 0.21875000000000003 0.65625 0.21875000000000006
0 0.39903846153846156 0.21394230769230774 0.07211538461538465 0.21394230769230768 0.07211538461538465 0.28605769230769235 0.39903846153846156 0.2860576923076924
0 0.9014423076923077 0.2836538461538462 0.06490384615384619 0.28365384615384615 0.0649038461538462 0.3677884615384616 0.9014423076923077 0.3677884615384617
0 0.9423076923076923 0.358173076923077 0.04807692307692313 0.3581730769230769 0.04807692307692313 0.4254807692307693 0.9423076923076923 0.4254807692307694
0 0.5144230769230769 0.4254807692307692 0.06250000000000006 0.4254807692307692 0.06250000000000006 0.5048076923076923 0.5144230769230769 0.5048076923076923
0 0.43269230769230776 0.5048076923076923 0.08894230769230776 0.5048076923076923 0.08894230769230776 0.5721153846153846 0.4326923076923078 0.5721153846153846
0 0.4711538461538463 0.5841346153846154 0.10096153846153853 0.5841346153846154 0.10096153846153853 0.6658653846153846 0.4711538461538463 0.6658653846153846
0 0.8805127907992981 0.6501010534367376 0.5401234567307693 0.6098579783653847 0.530559740450702 0.6907510763709547 0.8709490745192308 0.7309941514423077
0 0.7939493663644799 0.7334312830396426 0.08732756277514699 0.672141609201922 0.0813797396798979 0.7407153381815104 0.7880015432692308 0.8020050120192308
0 0.6621474437229397 0.7966472801410044 0.10609567788461545 0.7351712620192308 0.09788341925782953 0.8094512991859187 0.6539351850961539 0.8709273173076924
2 0.9972993822115386 1.2213394962169934e-16 1.023096725156434e-18 6.106697481084967e-17 6.225543668252409e-17 1 0.9972993822115386 1