0 0.2548076923076924 0.6658653846153846 0.19471153846153852 0.6658653846153846 0.19471153846153852 0.7836538461538461 0.2548076923076924 0.7836538461538461
0 0.31250000000000006 0.4831730769230769 0.26201923076923084 0.4831730769230769 0.26201923076923084 0.6730769230769231 0.3125000000000001 0.6730769230769231
0 0.3533653846153847 0.49038461538461536 0.3076923076923077 0.49038461538461536 0.30769230769230776 0.6081730769230769 0.35336538461538475 0.6081730769230769
0 0.2475961538461539 0.32211538461538464 0.21394230769230776 0.32211538461538464 0.21394230769230776 0.38221153846153844 0.2475961538461539 0.38221153846153844
0 0.4814477307692307 0.7092771394230769 0.421031516826923 0.09901700721153846 0.3706158296900876 0.10400819831076574 0.4310320436323953 0.7142683305223041
0 0.46153846153846156 0.10096153846153853 0.4254807692307692 0.10096153846153853 0.4254807692307692 0.1538461538461539 0.46153846153846156 0.1538461538461539
0 0.5240384615384616 0.33413461538461536 0.4567307692307692 0.33413461538461536 0.4567307692307693 0.6875 0.5240384615384617 0.6875
0 0.5727005552884615 0.36360331730769235 0.5422687898459615 0.20955658057194881 0.5110975360576924 0.21571442788461537 0.5415293015001924 0.3697611646203588
0 0.6201923076923077 0.4423076923076924 0.5504807692307693 0.4423076923076923 0.5504807692307693 0.7716346153846154 0.6201923076923077 0.7716346153846154
0 0.6658653846153846 0.5024038461538463 0.6081730769230769 0.5024038461538463 0.608173076923077 0.7596153846153846 0.6658653846153846 0.7596153846153846
0 0.5913461538461539 0.1442307692307693 0.5456730769230769 0.1442307692307693 0.5456730769230769 0.2475961538461539 0.5913461538461539 0.2475961538461539
0 0.6418269230769231 0.3149038461538463 0.5745192307692307 0.3149038461538463 0.5745192307692307 0.45913461538461553 0.6418269230769231 0.45913461538461553
0 0.7367556081730771 0.5437736706730768 0.6196016164977269 0.11455853943809166 0.5768817386353008 0.12621890239190053 0.6940357303106508 0.5554340336268857
0 0.7575845336538461 0.47434630288461543 0.6858166279093001 0.12422508387666939 0.6307888942307692 0.13550467788461543 0.7025567999753152 0.4856258968925614
2 0.9954222908653846 0.06244883894230776 0.07679872836538468 0.06244883894230771 0.07679872836538473 1 0.9954222908653846 1