0 0.8894230769230769 0.4447115384615386 0.8100961538461539 0.4447115384615386 0.8100961538461539 0.6370192307692307 0.8894230769230769 0.6370192307692307
0 0.7548076923076923 0.09855769230769239 0.6586538461538461 0.09855769230769237 0.6586538461538461 0.45432692307692324 0.7548076923076923 0.45432692307692324
0 0.8557692307692307 0.7307692307692307 0.7379807692307693 0.7307692307692307 0.7379807692307693 0.9615384615384616 0.8557692307692307 0.9615384615384616
0 0.5450909615384616 0.0867984110576924 0.4739331378286687 0.07865678432998172 0.422871673886361 0.5249340175030587 0.49402949759615394 0.5330756442307694
0 0.8207236038957799 0.3136269830122803 0.7308183728753845 0.3109108707260791 0.7188785886911432 0.706126142521491 0.8087838197115385 0.7088422548076921
0 0.6808371658653847 0.112213014423077 0.5951418405464238 0.11054657688660846 0.5790748309310392 0.9367807355404546 0.6647701562500001 0.9384471730769233
0 0.6281239811775969 0.07907914854683515 0.5174099127916171 0.07275509273540953 0.4664034388255588 0.9657159417847284 0.5771175072115386 0.972039997596154
0 0.46634615384615385 0.10576923076923082 0.3798076923076923 0.10576923076923081 0.3798076923076923 0.4423076923076923 0.46634615384615385 0.4423076923076923
0 0.38503671153846175 0.12013830769230778 0.2959498366515314 0.10787734025585263 0.1905004879807693 0.8740610024038463 0.27958736286769964 0.8863219698403013
0 0.31040476682692325 0.1051495408653847 0.23779190299491182 0.09332541173706971 0.11718278125000008 0.8339950745192307 0.18979564508201155 0.8458192036475457
0 0.23496405769230783 0.10559287019230774 0.15261854252050225 0.09118519602209949 0.0527645580354177 0.6618899258239472 0.13511007320722326 0.6762975999941556
2 0.9670529466851574 0.037591598798356135 0.007828608839685251 0.013498928561273292 -0.016663329090576773 0.9886196898767982 0.9425610087548952 1.012712360113881