1 0.5384615384615384 0.08413461538461542 0.009615384615384625 0.08413461538461539 0.009615384615384644 0.39663461538461536 0.5384615384615384 0.39663461538461536
0 0.7043269230769231 0.009615384615384696 0.6274038461538461 0.009615384615384692 0.6274038461538461 0.15144230769230776 0.7043269230769231 0.1514423076923078
0 0.6105769230769231 0.019230769230769305 0.5480769230769231 0.019230769230769298 0.5480769230769231 0.17788461538461545 0.6105769230769231 0.17788461538461545
0 0.5408653846153846 0.019230769230769294 0.47836538461538464 0.01923076923076929 0.47836538461538464 0.19951923076923084 0.5408653846153846 0.19951923076923084
0 0.4855769230769231 0.026442307692307748 0.4206730769230769 0.026442307692307744 0.4206730769230769 0.20432692307692316 0.4855769230769231 0.20432692307692316
0 0.7524038461538461 0.2475961538461539 0.6009615384615384 0.2475961538461539 0.6009615384615385 0.6490384615384616 0.7524038461538461 0.6490384615384616
0 0.5625 0.2788461538461539 0.4639423076923077 0.2788461538461539 0.4639423076923077 0.4399038461538462 0.5625 0.4399038461538463
0 0.4495192307692308 0.40384615384615385 0.35336538461538464 0.40384615384615385 0.35336538461538464 0.5024038461538461 0.4495192307692308 0.5024038461538461
0 0.3269230769230769 0.2764423076923077 0.21634615384615385 0.2764423076923077 0.21634615384615388 0.5168269230769231 0.3269230769230769 0.5168269230769231
0 0.3942307692307694 0.7932692307692307 0.32932692307692324 0.7932692307692307 0.32932692307692324 0.9110576923076923 0.3942307692307694 0.9110576923076923
0 0.4495192307692309 0.7836538461538461 0.39182692307692324 0.7836538461538461 0.39182692307692324 0.8894230769230769 0.4495192307692309 0.8894230769230769
0 0.49038461538461553 0.7716346153846154 0.44230769230769246 0.7716346153846154 0.44230769230769246 0.9110576923076923 0.49038461538461553 0.9110576923076923
0 0.5384615384615385 0.7836538461538461 0.4879807692307694 0.7836538461538461 0.4879807692307694 0.9254807692307693 0.5384615384615385 0.9254807692307693
0 0.5937500000000001 0.7572115384615384 0.5360576923076924 0.7572115384615384 0.5360576923076924 0.90625 0.5937500000000001 0.90625
0 0.65625 0.7572115384615384 0.591346153846154 0.7572115384615384 0.591346153846154 0.8461538461538461 0.65625 0.8461538461538461
0 0.7283653846153846 0.7475961538461539 0.6610576923076923 0.7475961538461539 0.6610576923076923 0.9014423076923077 0.7283653846153846 0.9014423076923077
2 0.9435578485576923 7.871546816750209e-17 0.03581981490384621 2.313254429857735e-17 0.035819814903846274 0.9704013413461539 0.9435578485576923 0.9704013413461539