2 0.9110553052884617 0.8899677740384617 0.8468962745037539 -0.028403757044815233 -0.060455970688553906 0.03498544728210779 0.00370306009615386 0.9533569783653847
0 0.3365384615384617 0.6971153846153846 0.25000000000000006 0.6971153846153846 0.2500000000000001 0.8725961538461539 0.3365384615384617 0.8725961538461539
0 0.4014423076923078 0.6658653846153846 0.3389423076923078 0.6658653846153846 0.3389423076923078 0.8677884615384616 0.4014423076923078 0.8677884615384616
0 0.46634615384615397 0.6634615384615384 0.3990384615384617 0.6634615384615384 0.3990384615384617 0.8653846153846154 0.46634615384615397 0.8653846153846154
0 0.5240384615384617 0.6730769230769231 0.45192307692307704 0.6730769230769231 0.45192307692307704 0.8774038461538461 0.5240384615384617 0.8774038461538461
0 0.3365384615384616 0.21875000000000003 0.22115384615384615 0.21875 0.2211538461538462 0.59375 0.3365384615384617 0.59375
0 0.4567307692307692 0.40865384615384615 0.3605769230769231 0.40865384615384615 0.3605769230769231 0.5552884615384616 0.4567307692307692 0.5552884615384616
0 0.5552884615384616 0.3605769230769231 0.4567307692307692 0.3605769230769231 0.4567307692307693 0.5625 0.5552884615384617 0.5625
0 0.6682692307692307 0.3437500000000001 0.5649038461538461 0.3437500000000001 0.5649038461538463 0.5721153846153848 0.6682692307692307 0.5721153846153848
0 0.7788461538461539 0.47355769230769246 0.6826923076923077 0.47355769230769246 0.6826923076923077 0.5721153846153848 0.7788461538461539 0.5721153846153848
0 0.40625 0.1538461538461539 0.33653846153846156 0.1538461538461539 0.33653846153846156 0.31490384615384615 0.40625 0.31490384615384615
0 0.4807692307692308 0.1490384615384616 0.4110576923076923 0.14903846153846156 0.4110576923076923 0.3173076923076923 0.4807692307692308 0.3173076923076923
0 0.5120192307692307 0.24278846153846162 0.4735576923076923 0.24278846153846162 0.4735576923076923 0.3076923076923077 0.5120192307692307 0.3076923076923077
0 0.5865384615384616 0.11057692307692314 0.5168269230769231 0.11057692307692314 0.5168269230769231 0.30769230769230776 0.5865384615384616 0.3076923076923078
0 0.6442307692307693 0.17788461538461545 0.5745192307692307 0.17788461538461545 0.5745192307692307 0.3052884615384616 0.6442307692307693 0.3052884615384616
0 0.28846153846153844 0.04086538461538465 0.23557692307692307 0.04086538461538465 0.23557692307692307 0.1418269230769231 0.28846153846153844 0.1418269230769231
0 0.33653846153846156 0.08173076923076926 0.29086538461538464 0.08173076923076926 0.29086538461538464 0.13461538461538464 0.33653846153846156 0.13461538461538464
0 0.37740384615384615 0.02403846153846158 0.33653846153846156 0.02403846153846158 0.33653846153846156 0.13461538461538464 0.37740384615384615 0.13461538461538464
0 0.41586538461538464 0.019230769230769277 0.375 0.019230769230769273 0.375 0.12980769230769235 0.41586538461538464 0.12980769230769235
0 0.44711538461538464 0.028846153846153896 0.4110576923076923 0.028846153846153896 0.4110576923076923 0.12980769230769235 0.44711538461538464 0.12980769230769237
0 0.47836538461538464 0.043269230769230824 0.4423076923076923 0.043269230769230824 0.4423076923076923 0.12500000000000006 0.47836538461538464 0.12500000000000006
0 0.5192307692307693 0.02644230769230775 0.4807692307692308 0.02644230769230775 0.4807692307692308 0.12259615384615391 0.5192307692307693 0.12259615384615391