1 0.7115384615384616 0.10336538461538466 0.026442307692307702 0.10336538461538461 0.026442307692307723 0.4254807692307693 0.7115384615384616 0.4254807692307694
0 0.75 0.12019230769230778 0.6802884615384616 0.12019230769230776 0.6802884615384616 0.23076923076923084 0.75 0.23076923076923084
0 0.6682692307692307 0.108173076923077 0.6177884615384616 0.108173076923077 0.6177884615384616 0.24038461538461545 0.6682692307692307 0.24038461538461545
0 0.6177884615384616 0.10096153846153853 0.5576923076923077 0.10096153846153853 0.5576923076923077 0.2379807692307693 0.6177884615384616 0.2379807692307693
0 0.5576923076923077 0.08894230769230776 0.5072115384615384 0.08894230769230776 0.5072115384615384 0.23317307692307698 0.5576923076923077 0.23317307692307698
0 0.7788461538461539 0.3245192307692309 0.6658653846153846 0.3245192307692309 0.6658653846153846 0.7067307692307693 0.7788461538461539 0.7067307692307693
0 0.6394230769230769 0.32451923076923084 0.53125 0.3245192307692308 0.53125 0.46875000000000006 0.6394230769230769 0.4687500000000001
0 0.5216346153846154 0.3004807692307693 0.42788461538461536 0.3004807692307693 0.42788461538461536 0.40384615384615385 0.5216346153846154 0.40384615384615385
0 0.7860576923076923 0.8221153846153846 0.7091346153846154 0.8221153846153846 0.7091346153846154 1 0.7860576923076923 1
0 0.7091346153846154 0.8365384615384616 0.6466346153846154 0.8365384615384616 0.6466346153846154 0.9110576923076923 0.7091346153846154 0.9110576923076923
0 0.6442307692307693 0.8293269230769231 0.5889423076923078 0.8293269230769231 0.5889423076923078 0.9903846153846154 0.6442307692307693 0.9903846153846154
0 0.5841346153846155 0.8173076923076923 0.5360576923076924 0.8173076923076923 0.5360576923076924 1 0.5841346153846155 1
0 0.5360576923076924 0.8076923076923077 0.48557692307692324 0.8076923076923077 0.48557692307692324 0.9807692307692307 0.5360576923076924 0.9807692307692307
0 0.4807692307692309 0.8100961538461539 0.4399038461538463 0.8100961538461539 0.4399038461538463 0.9350961538461539 0.4807692307692309 0.9350961538461539
0 0.4375000000000001 0.8028846153846154 0.37980769230769246 0.8028846153846154 0.37980769230769246 0.9447115384615384 0.4375000000000001 0.9447115384615384
2 1.0145221469053614 0.11255623308691942 0.13218921865025962 0.021606586985645045 0.034970420673077034 0.9647586538461539 0.9173033489281787 1.0557082999474283