2 0.9939769144331988 0.952966536748386 0.9510778088803111 0.0332417437613669 0.05085945432692307 0.07523100240384616 0.09375855987981074 0.9949557953908653
0 0.7235576923076923 0.10096153846153855 0.6442307692307693 0.10096153846153853 0.6442307692307693 0.26682692307692313 0.7235576923076923 0.26682692307692313
0 0.6442307692307693 0.10576923076923084 0.5721153846153846 0.10576923076923084 0.5721153846153846 0.3004807692307693 0.6442307692307693 0.3004807692307693
0 0.8149038461538461 0.3774038461538463 0.6899038461538461 0.3774038461538463 0.6899038461538461 0.7572115384615384 0.8149038461538461 0.7572115384615384
0 0.6514423076923077 0.41346153846153855 0.5576923076923077 0.41346153846153844 0.5576923076923077 0.5673076923076924 0.6514423076923077 0.5673076923076924
0 0.560096153846154 0.4110576923076924 0.45913461538461536 0.4110576923076923 0.4591346153846155 0.6201923076923077 0.560096153846154 0.6201923076923077
0 0.42788461538461536 0.4014423076923077 0.35336538461538464 0.4014423076923077 0.35336538461538464 0.5408653846153846 0.42788461538461536 0.5408653846153846
0 0.3245192307692308 0.4014423076923077 0.23557692307692316 0.4014423076923077 0.23557692307692316 0.49278846153846156 0.3245192307692308 0.49278846153846156
0 0.5811896105769231 0.32487023557692307 0.5546028798076923 0.10134911538461534 0.5048668209601954 0.10726497338033118 0.5314535517294261 0.3307860935726389
0 0.5320842139423078 0.31353639903846153 0.49605122574876026 0.09841343946031612 0.44883723317307694 0.10632175961538463 0.48487022136662444 0.32144471919353
1 0.7163461538461539 0.5528846153846154 0.12980769230769237 0.5528846153846154 0.1298076923076924 0.8341346153846154 0.7163461538461539 0.8341346153846154
0 0.5957906009615385 0.9403294711538461 0.5789807623131775 0.8469916307146571 0.5428936538461537 0.8534908004807692 0.5597034924945147 0.9468286409199582
0 0.6295887331730767 0.9279323389423078 0.6163036062169915 0.8496274168293266 0.5846923341346153 0.8549905504807692 0.5979774610907005 0.9332954725937502
0 0.6635142884615385 0.9477786418269231 0.6450184726823935 0.8459929279090734 0.6156783076923078 0.8513244254807693 0.6341741234714527 0.9531101393986189
0 0.6999879783653846 0.9554096225961537 0.6773572020857581 0.8470284487676965 0.6484868140809265 0.853056795471871 0.6711175903605529 0.9614379693003283
0 0.7420199735576923 0.9447075168269232 0.7176011449168538 0.8426121517817033 0.6786919917532184 0.851918313165642 0.7031108203940571 0.9540136782108619
0 0.781675735576923 0.9026465288461538 0.7696638935416137 0.8415812461618531 0.7278808197115385 0.8498001826923076 0.7398926617468479 0.9108654653766083
0 0.8353079278846152 0.9380645360576925 0.8071860304939539 0.8269972384029565 0.7677540947502975 0.8369812829805547 0.7958759921409588 0.9480485806352907