2 0.9734078822115386 1.2383256813126746e-16 0.04811900065679598 -0.02917937482584334 0.015723728365384736 0.9980868173076924 0.9410126099201274 1.0272661921335358
0 0.375 0.021634615384615422 0.29086538461538464 0.02163461538461542 0.29086538461538464 0.18028846153846162 0.375 0.18028846153846162
0 0.4495192307692308 0.016826923076923128 0.3798076923076923 0.016826923076923125 0.3798076923076923 0.1850961538461539 0.4495192307692308 0.1850961538461539
0 0.5096153846153846 0.014423076923076983 0.4567307692307692 0.01442307692307698 0.4567307692307692 0.19471153846153852 0.5096153846153846 0.19471153846153852
0 0.5769230769230769 0.009615384615384684 0.5120192307692307 0.00961538461538468 0.5120192307692307 0.1850961538461539 0.5769230769230769 0.1850961538461539
0 0.2500000000000001 0.8653846153846154 0.15865384615384628 0.8653846153846154 0.15865384615384628 0.9831730769230769 0.2500000000000001 0.9831730769230769
0 0.3245192307692309 0.8774038461538461 0.2500000000000001 0.8774038461538461 0.2500000000000001 0.9567307692307693 0.3245192307692309 0.9567307692307693
0 0.38461538461538475 0.8701923076923077 0.32692307692307704 0.8701923076923077 0.32692307692307704 0.9759615384615384 0.38461538461538475 0.9759615384615384
0 0.4399038461538463 0.8629807692307693 0.3870192307692309 0.8629807692307693 0.3870192307692309 0.9639423076923077 0.4399038461538463 0.9639423076923077
0 0.49038461538461553 0.8461538461538461 0.44230769230769246 0.8461538461538461 0.44230769230769246 0.9663461538461539 0.49038461538461553 0.9663461538461539
0 0.5360576923076924 0.8509615384615384 0.48557692307692324 0.8509615384615384 0.48557692307692324 0.9663461538461539 0.5360576923076924 0.9663461538461539
0 0.6009615384615385 0.8533653846153846 0.543269230769231 0.8533653846153846 0.543269230769231 0.9543269230769231 0.6009615384615385 0.9543269230769231
1 0.9735576923076923 0.2620192307692309 0.34615384615384615 0.26201923076923084 0.3461538461538462 0.591346153846154 0.9735576923076923 0.591346153846154