2 1 6.123233995736766e-17 0 0 6.123233995736766e-17 1 1 1
0 0.7764423076923077 0.02163461538461547 0.6009615384615384 0.02163461538461546 0.6009615384615384 0.10817307692307701 0.7764423076923077 0.10817307692307702
0 0.9879807692307693 0.0841346153846155 0.8461538461538461 0.08413461538461549 0.8461538461538461 0.21394230769230782 0.9879807692307693 0.21394230769230782
0 0.8444394568604784 0.15035778979552145 0.44753086298076916 0.06265664182692314 0.4309132763125983 0.13786276068524794 0.8278218701923075 0.22556390865384623
0 0.6109003998322685 0.17635921781494285 0.11574074038461538 0.05012531490384617 0.08684434063139795 0.1634730854401291 0.5820040000790511 0.28970698835122577
0 0.9811175922123377 0.2723061781879911 0.11195830650348416 0.18374435871453396 0.10416522871422348 0.2602268199496198 0.9733245144230771 0.34878863942307703
0 0.9976273223735715 0.35370265240961973 0.046296295673076956 0.2485380120192307 0.035214831546590095 0.34878216828374364 0.9865458582470847 0.4539468086741326
0 0.6855583516860142 0.4158958874347393 0.0639329807692308 0.36340852163461534 0.05601445674982913 0.457190241399687 0.6776398276666125 0.509677607199811
0 0.5944026409951555 0.5533808813926836 0.5910536014910774 0.4572704235164415 0.10802469230769231 0.47410192067307694 0.11137373181177039 0.570212378549319
0 0.9566990124949377 0.6535095280926473 0.9518533099323065 0.5529612030735798 0.1179453269230769 0.5931495408653846 0.12279102948570816 0.6936978658844523
0 0.9212684155634526 0.7180090091622214 0.9117746576132433 0.6309644984631663 0.08420112666517529 0.7212261671855604 0.09369488461538461 0.8082706778846156
0 0.7966966259343542 0.8089041438888422 0.7810715426546597 0.7170137736695461 0.08468355854722848 0.835427925453781 0.10030864182692309 0.927318295673077