0 0.37945031971153853 0.2742234110576923 0.10956108627076719 0.27183310685350404 0.10875596153846158 0.3627397355769232 0.37864519497923294 0.3651300397811114
0 0.517225684555395 0.3478112451069604 0.5114989134615384 0.2700812475961538 0.39588013996383586 0.27859948085457803 0.4016069110576924 0.3563294783653846
0 0.13932933413461546 0.4159652692307692 0.09706035336538467 0.41487836778846154 0.09568991212067399 0.4681740506932963 0.13795889288990476 0.469260952135604
0 0.18459594634826673 0.4648906797887324 0.1828031682692308 0.4294027572115385 0.16928269547865638 0.43008578415357535 0.1710754735576923 0.46557370673076925
0 0.22293400240384617 0.4341629783653846 0.20051909364445178 0.4315866964637149 0.19597857142623804 0.47109145375572725 0.21839348018563243 0.47366773565739695
0 0.2683706682692307 0.4634556971153847 0.2676522211538461 0.42623525721153843 0.2552309698958796 0.426475018271827 0.2559494170112642 0.46369545817567326
0 0.294060451923077 0.4353435192307693 0.2777600917207743 0.4343941307317314 0.2761973443302941 0.4612254494130209 0.29249770453259677 0.4621748379120588
0 0.4582743428120901 0.42755354397448825 0.456420392977476 0.3957224239220055 0.4396637788461538 0.3966983846153847 0.44151772868076794 0.42852950466786743
0 0.4500663188486846 0.6329348389313811 0.4003109604651437 0.6291704990310991 0.39541941105769235 0.6938248076923076 0.44517476944123324 0.6975891475925896
0 0.5812011998233154 0.5339824458984812 0.579109375 0.49681466826923076 0.5618832025868271 0.49778416758726984 0.5639750274101425 0.5349519452165202
0 0.7233399759615385 0.4156640168269232 0.6972715266727211 0.41181021871613616 0.6899995114634864 0.46100069373838093 0.716067960752304 0.464854491849168
0 0.6661532980769233 0.5715926875000001 0.6236827100739627 0.5701404879730165 0.6205935923702869 0.6604838897216605 0.6630641803732474 0.6619360892486441
0 0.5560464591346155 0.7110852644230771 0.5308822696566751 0.7108053114905217 0.5303726711886273 0.7566116986234543 0.5555368606665676 0.7568916515560097
0 0.7499063149038462 0.28990909375000007 0.6371033629619431 0.2890706245992599 0.63668112738502 0.3458758385415676 0.7494840793269231 0.3467143076923078
0 0.6139500731021836 0.5275843754363416 0.6134479759615385 0.5019122500000001 0.5912212850708936 0.50234696110212 0.5917233822115385 0.5280190865384615
0 0.5878572768968311 0.4073759226833714 0.5854028966346153 0.3722405000000001 0.567359333680092 0.3735009306820134 0.5698137139423076 0.40863635336538473
0 0.6081570312500001 0.3780127980769231 0.5957936556400445 0.37681658655349953 0.5930184165840531 0.40549991068537367 0.6053817921940087 0.40669612220879725
0 0.7184168581730772 0.3680421057692308 0.7059518767128322 0.36731610344205545 0.7037930501222267 0.40438173315219433 0.7162580315824717 0.40510773547936973
0 0.7410672980769231 0.37559484134615395 0.7276434740091953 0.374812992091805 0.7254781177884616 0.4119906971153846 0.7389019418561893 0.4127725463697335
2 0.9852819340318455 0.05440997259746158 0.03211215548227952 0.007655976458671167 -0.016357627287729822 0.9958053524412038 0.9368121512618361 1.0425593485799942
1 0.9831730769230769 0.22596153846153857 0.8269230769230769 0.22596153846153852 0.8269230769230769 0.8990384615384616 0.9831730769230769 0.8990384615384616