1 0.7524038461538461 0.2692307692307693 0.2860576923076923 0.2692307692307693 0.2860576923076924 1 0.7524038461538461 1
2 1 6.123233995736766e-17 0 0 6.123233995736766e-17 1 1 1
0 0.4961825726212913 0.21036895682274837 0.13120141586538464 0.17077458173076923 0.12092547305178562 0.26549827635032863 0.4859066298076923 0.30509265144230774
0 0.4583383653846154 0.31345125000000007 0.06718307692307698 0.26333299759615386 0.05834640686515437 0.33230009161399915 0.4495016953266928 0.38241834401784536
0 0.45949577897689076 0.3670713219531136 0.10519537138556984 0.333190978739529 0.09959741826923083 0.39173103125 0.4538978258605517 0.42561137446358455
0 0.44006970913461535 0.4217309254807693 0.15991977884615388 0.4011123245192308 0.1559591032208306 0.4549269845148007 0.4361090335092921 0.4755455854763392
0 0.45270028125 0.5282003052884616 0.45161339541447554 0.4695649543090025 0.09203913339524478 0.4762301514243872 0.09312601923076923 0.5348655024038462
0 0.43492154965865026 0.5625557653378803 0.4281427868732544 0.4970255441252649 0.04969516509921952 0.5361739951335383 0.056473927884615374 0.6017042163461538
0 0.3028846153846155 0.59375 0.18269230769230776 0.59375 0.18269230769230776 0.6394230769230769 0.3028846153846155 0.6394230769230769
0 0.32211538461538475 0.6418269230769231 0.12980769230769237 0.6418269230769231 0.1298076923076924 0.7163461538461539 0.32211538461538475 0.7163461538461539
0 0.2764423076923078 0.7620192307692307 0.026442307692307786 0.7620192307692307 0.026442307692307796 0.8774038461538461 0.2764423076923078 0.8774038461538461