2 1.0000000000000002 0.99233296875 0.9903448269230769 0.015334062499999999 0.008854166050453402 0.0250336252564029 0.018509339127376553 1.002032531506403
0 0.5178683389423078 0.6651398990384616 0.07398119230769237 0.5735338052884615 0.06395720103337023 0.622106129492048 0.5078443476679857 0.7137122232420481
0 0.45729820531325277 0.7036743395260997 0.08275862019230777 0.6233197259615384 0.07336433025377234 0.667107298323615 0.4479039153747174 0.7474619118881762
0 0.6758620697115385 0.44409041105769237 0.2996865192307693 0.4341332259615385 0.29828008430163155 0.48726736262513565 0.6744556347824009 0.4972245477212895
0 0.12545225291294065 0.4223178420760393 0.06520376201923082 0.4162102956730769 0.06138160285629021 0.45391435984703754 0.12163009375000003 0.46002190624999995
0 0.7047021947115385 0.3953002091346154 0.06079093723493766 0.38420647050653883 0.060052378725814405 0.4270744480453297 0.7039636362024152 0.43816818667340623
0 0.6778846153846154 0.24038461538461545 0.4855769230769231 0.24038461538461545 0.4855769230769231 0.2740384615384616 0.6778846153846154 0.2740384615384616
0 0.5961538461538461 0.27644230769230776 0.4831730769230769 0.27644230769230776 0.4831730769230769 0.3173076923076924 0.5961538461538461 0.31730769230769246
0 0.7836538461538461 0.16105769230769237 0.6730769230769231 0.16105769230769237 0.6730769230769231 0.21394230769230776 0.7836538461538461 0.21394230769230776
0 0.37740384615384615 0.20192307692307698 0.3173076923076923 0.20192307692307698 0.3173076923076923 0.23076923076923084 0.37740384615384615 0.23076923076923084
0 0.2067307692307693 0.5360576923076923 0.10096153846153853 0.5360576923076923 0.10096153846153853 0.5793269230769231 0.2067307692307693 0.5793269230769231
0 0.43606377434015337 0.5987914989930521 0.2771159879807693 0.5546151538461539 0.26830445538132974 0.5863193067464717 0.42725224174071386 0.6304956518933698
0 0.7692307692307693 0.5312500000000001 0.40384615384615385 0.53125 0.4038461538461539 0.576923076923077 0.7692307692307693 0.5769230769230771
0 0.7427884615384616 0.5793269230769231 0.4639423076923078 0.5793269230769231 0.4639423076923078 0.6225961538461539 0.7427884615384616 0.6225961538461539
0 0.12500000000000003 0.15384615384615385 0.06009615384615386 0.15384615384615385 0.06009615384615386 0.19951923076923078 0.12500000000000003 0.19951923076923078