1 0.4278846153846155 0.4423076923076923 0.14663461538461545 0.4423076923076923 0.14663461538461547 0.9711538461538461 0.42788461538461553 0.9711538461538461
0 0.2163461538461539 0.28365384615384615 0.08173076923076926 0.28365384615384615 0.08173076923076926 0.3605769230769231 0.2163461538461539 0.3605769230769231
0 0.24038461538461545 0.37740384615384615 0.08413461538461542 0.37740384615384615 0.08413461538461543 0.43990384615384615 0.24038461538461545 0.43990384615384615
0 0.25721153846153855 0.44711538461538464 0.0817307692307693 0.44711538461538464 0.0817307692307693 0.5096153846153846 0.25721153846153855 0.5096153846153846
0 0.25721153846153855 0.5024038461538461 0.08413461538461545 0.5024038461538461 0.08413461538461545 0.5673076923076923 0.25721153846153855 0.5673076923076923
0 0.7139423076923077 0.21153846153846162 0.32211538461538464 0.21153846153846162 0.32211538461538464 0.358173076923077 0.7139423076923077 0.35817307692307704
0 0.49759615384615385 0.40625 0.34134615384615385 0.40625 0.34134615384615385 0.5048076923076923 0.49759615384615385 0.5048076923076923
0 0.5552884615384616 0.5144230769230769 0.45913461538461536 0.5144230769230769 0.4591346153846155 0.6081730769230769 0.5552884615384617 0.6081730769230769
0 0.560096153846154 0.6418269230769231 0.3245192307692309 0.6418269230769231 0.3245192307692309 0.75 0.560096153846154 0.75
0 0.9615384615384616 0.5384615384615385 0.8461538461538461 0.5384615384615385 0.8461538461538461 0.6033653846153848 0.9615384615384616 0.6033653846153848
0 0.9423076923076923 0.48557692307692324 0.8413461538461539 0.48557692307692324 0.8413461538461539 0.543269230769231 0.9423076923076923 0.543269230769231
0 0.9663461538461539 0.44230769230769246 0.8317307692307693 0.44230769230769246 0.8317307692307693 0.49038461538461553 0.9663461538461539 0.49038461538461553
0 0.9855769230769231 0.3942307692307694 0.8461538461538461 0.3942307692307694 0.8461538461538461 0.4447115384615386 0.9855769230769231 0.4447115384615386
0 0.96875 0.3389423076923078 0.8221153846153846 0.3389423076923078 0.8221153846153846 0.39663461538461553 0.96875 0.39663461538461553
0 0.9110576923076923 0.27884615384615397 0.8269230769230769 0.2788461538461539 0.8269230769230769 0.3437500000000001 0.9110576923076923 0.3437500000000001
0 0.96875 0.20432692307692318 0.8221153846153846 0.20432692307692316 0.8221153846153846 0.2716346153846155 0.96875 0.27163461538461553
2 1.0046798750918053 0.9475427563455572 0.9924943251328947 0.03535358173595101 0.029148122596153844 0.04822251682692307 0.041333672555064586 0.9604116914365293