1 1 0.6225961538461539 0.3076923076923078 0.6225961538461539 0.3076923076923078 0.9495192307692307 1 0.9495192307692307
2 0.9998051057692307 0.07576069951923085 0.017563235576923075 0.0023085673076923096 -0.05620963199084749 0.9888394851648786 0.9260322382014601 1.0622916173764172
0 0.2836538461538462 0.11298076923076926 0.19230769230769232 0.11298076923076926 0.19230769230769235 0.4879807692307692 0.2836538461538462 0.4879807692307692
0 0.3629807692307692 0.09134615384615388 0.30528846153846156 0.09134615384615388 0.30528846153846156 0.4735576923076923 0.3629807692307692 0.4735576923076923
0 0.4206730769230769 0.11298076923076929 0.3605769230769231 0.11298076923076926 0.3605769230769231 0.4735576923076923 0.4206730769230769 0.4735576923076923
0 0.47596153846153844 0.19230769230769237 0.4182692307692308 0.19230769230769237 0.4182692307692308 0.4639423076923077 0.47596153846153844 0.4639423076923077
0 0.557382289299769 0.14246511701948564 0.5105259831730768 0.13906300961538468 0.48627592945023096 0.4730524478843605 0.533132235576923 0.47645455528846153
0 0.6144141422782332 0.11480060855154908 0.564317360576923 0.10973417067307699 0.5283017014717667 0.4658558986599895 0.5783984831730768 0.4709223365384616
0 0.665538083780329 0.2279314571206954 0.6122811971153845 0.22010139663461545 0.5752783176619786 0.4717799323023817 0.628535204326923 0.47960999278846167
0 0.7387949278846153 0.19465362259615393 0.6866421574722958 0.1868933202578389 0.6441362413042165 0.4725524596104517 0.696289011716536 0.4803127619487668
0 0.8121602331730771 0.17739980528846172 0.7519036792122008 0.16466100225673824 0.6839416108406587 0.48613233907891906 0.744198164801535 0.49887114211064254
0 0.8808800889423078 0.10683498557692321 0.826696885305467 0.0953955734941549 0.7446629556827299 0.48395235261172276 0.7988461593195707 0.4953917646944911
0 0.8782820552884616 0.38528390625000014 0.8247919127370125 0.3728931930402375 0.7987241128091233 0.4854266937790666 0.8522142553605724 0.4978174069888293