0 0.7905809989847642 0.22667552756480275 0.7876091370192309 0.14061023076923077 0.700448234188313 0.14361992435827414 0.7034200961538464 0.22968522115384613
0 0.1596998687701194 0.2665118490584893 0.15769512740384617 0.20078323798076925 0.013239999018342118 0.20518916055689532 0.015244740384615386 0.2709177716346154
0 0.4673888787630978 0.2372593153627808 0.461172464447046 0.16620536465893923 0.24852109770317896 0.18480994593077382 0.2547375120192307 0.2558638966346154
0 0.47374431688589297 0.32348068744566194 0.4693386490384614 0.2513744326923077 0.2356772960948761 0.2656510625543382 0.24008296394230763 0.3377573173076924
0 0.4503006099246388 0.4049783885088136 0.44909242548076916 0.32869394471153845 0.2161934165176689 0.33238257302964797 0.2174016009615385 0.4086670168269231
0 0.43669265625 0.41905861057692306 0.20876424885306713 0.4167344362907859 0.20811310096153854 0.4805915673076923 0.43604150835847133 0.48291574159382955
0 0.46433086087275677 0.5442215521389085 0.4619457668269231 0.4728495985576923 0.20438117842680256 0.4814568418148307 0.2067662724726362 0.5528287953960469
0 0.4209114903846155 0.5651946634615386 0.205724014423077 0.5592642139423076 0.2041346075778862 0.6169361401906506 0.4193220835394247 0.6228665897098813
0 0.4333580793269232 0.6283907139423076 0.20121522115384627 0.6107999807692308 0.19527415985392735 0.6892034752213843 0.42741701802700427 0.706794208394461
0 0.43444095913461545 0.6845003870192309 0.20121812433987232 0.6789930276609678 0.1992266070190628 0.7633287836717229 0.432449441813806 0.7688361430299859
0 0.6642822115384616 0.5400591586538462 0.47736995270786764 0.5321330738570993 0.4742127764423077 0.6065853365384615 0.6611250352729017 0.6145114213352085
0 0.16761679086538464 0.2928393173076923 0.0005059634620609742 0.2885373868312714 -0.00124129424860825 0.3564105622154759 0.16586953315471542 0.3607124926918968
0 0.18470801682692312 0.3543122235576923 4.42102959772922e-17 0.3543122235576923 4.838266585566973e-17 0.4224521947115385 0.18470801682692312 0.4224521947115385
0 0.07815226923076929 0.4250915937499999 5.2308584814069875e-17 0.42409609374999996 -0.0006824071852817207 0.477668841182602 0.07746986204548752 0.478664341182602
0 0.14364014313200643 0.5773858448591936 6.832141690000964e-17 0.5665014471153846 -0.0037522489012370174 0.616019443602345 0.13988789423076933 0.626903841346154
0 0.16874803846153855 0.6394662187499999 7.686159401251084e-17 0.6246129062499999 -0.005088278804616136 0.6824206893572639 0.1636597596569223 0.6972740018572637
0 0.1588731995192309 0.7009708533653848 0.003011663532617307 0.6714839732531755 -0.01092147829430576 0.7451316727724061 0.14494005769230783 0.7746185528846153
0 0.1548156682692308 0.7815921706730771 8.540177112501205e-17 0.7534797091346156 -0.013161567152282005 0.8259606198283725 0.14165410111694873 0.854073081366834
0 0.1319577906466782 0.8552483866952235 1.1956247957501685e-16 0.8300778533653845 -0.012789606272241837 0.8971280093875152 0.11916818437443626 0.9222985427173543
0 0.5961538461538461 0.2860576923076924 0.5456730769230769 0.2860576923076924 0.5456730769230769 0.3629807692307693 0.5961538461538461 0.3629807692307694
0 0.7355769230769231 0.2716346153846155 0.6658653846153846 0.2716346153846155 0.6658653846153846 0.3509615384615386 0.7355769230769231 0.3509615384615386
0 0.5865384615384616 0.37019230769230776 0.5336538461538461 0.3701923076923077 0.5336538461538461 0.4615384615384616 0.5865384615384616 0.4615384615384617
0 0.7211538461538461 0.3677884615384617 0.6514423076923077 0.3677884615384617 0.6514423076923077 0.4495192307692309 0.7211538461538461 0.4495192307692309
0 0.5817307692307693 0.4567307692307693 0.5144230769230769 0.4567307692307692 0.5144230769230769 0.5384615384615385 0.5817307692307693 0.5384615384615385
0 0.7139423076923077 0.4615384615384617 0.6466346153846154 0.4615384615384617 0.6466346153846154 0.5336538461538463 0.7139423076923077 0.5336538461538463
0 0.574519230769231 0.6009615384615385 0.5096153846153848 0.6009615384615384 0.5096153846153848 0.6730769230769231 0.574519230769231 0.6730769230769231
0 0.7379807692307693 0.6274038461538461 0.6298076923076923 0.6274038461538461 0.6298076923076923 0.7043269230769231 0.7379807692307693 0.7043269230769231
2 0.9515244735576923 0.0990784735576924 1.7092010760064255e-17 0.09907847355769236 7.225754394209023e-17 1 0.9515244735576923 1