2 0.9777471875000001 0.0694823870192308 0.03496127403846154 0.020231026442307697 -0.015963597719225016 0.9950518471381359 0.9268223157423136 1.044303207715059
0 0.794020653846154 0.9609570072115384 0.7927834946330286 0.7139495024291395 0.7019587596153847 0.71440440625 0.7031959188285101 0.961411911032399
0 0.7043865288461538 0.9847035552884618 0.6840656179477519 0.7243465003173668 0.6357553149038462 0.728117127403846 0.6560762258022481 0.9884741823749409
0 0.649331889423077 0.9666803028846154 0.6278801455628721 0.7254954505350895 0.5861265847392976 0.7292091443401248 0.6075783285995023 0.9703939966896508
0 0.6000910072115384 0.9290540048076922 0.5899108570721056 0.7395849945751716 0.5387323634144591 0.7423348096964174 0.5489125135538918 0.931803819928938
0 0.5360576923076924 0.7307692307692307 0.47355769230769246 0.7307692307692307 0.47355769230769246 0.9639423076923077 0.5360576923076924 0.9639423076923077
0 0.48317307692307704 0.7331730769230769 0.4254807692307694 0.7331730769230769 0.4254807692307694 0.9879807692307693 0.48317307692307704 0.9879807692307693
0 0.44230769230769246 0.7331730769230769 0.3822115384615386 0.7331730769230769 0.3822115384615386 0.9182692307692307 0.44230769230769246 0.9182692307692307
0 0.38461538461538475 0.7283653846153846 0.32211538461538475 0.7283653846153846 0.32211538461538475 0.9399038461538461 0.38461538461538475 0.9399038461538461
0 0.33413461538461553 0.7259615384615384 0.2692307692307693 0.7259615384615384 0.26923076923076933 0.9543269230769231 0.33413461538461553 0.9543269230769231
0 0.2860576923076924 0.71875 0.2163461538461539 0.71875 0.21634615384615394 1 0.28605769230769246 1
0 0.2283653846153847 0.7259615384615384 0.17307692307692316 0.7259615384615384 0.17307692307692316 0.8197115384615384 0.2283653846153847 0.8197115384615384