2 0.9980004471153848 1.2383256813126746e-16 0.0006111761147903382 -0.022620246658099117 -0.021406059462132827 0.948180597091901 0.9759832115384616 0.9708008437500002
0 0.21875000000000014 0.8605769230769231 0.1514423076923078 0.8605769230769231 0.1514423076923078 0.9278846153846154 0.21875000000000014 0.9278846153846154
0 0.2524038461538462 0.625 0.20432692307692316 0.625 0.20432692307692316 0.7091346153846154 0.2524038461538462 0.7091346153846154
0 0.29326923076923084 0.35096153846153844 0.24038461538461545 0.35096153846153844 0.24038461538461545 0.5384615384615384 0.29326923076923084 0.5384615384615384
0 0.34615384615384615 0.4254807692307692 0.3052884615384616 0.4254807692307692 0.3052884615384616 0.5384615384615384 0.34615384615384615 0.5384615384615384
0 0.42307692307692324 0.7043269230769231 0.3870192307692309 0.7043269230769231 0.3870192307692309 0.7740384615384616 0.42307692307692324 0.7740384615384616
0 0.5000000000000001 0.33413461538461536 0.4423076923076923 0.33413461538461536 0.4423076923076924 0.9158653846153846 0.5000000000000001 0.9158653846153846
0 0.5312500000000001 0.875 0.4951923076923078 0.875 0.4951923076923078 0.9326923076923077 0.5312500000000001 0.9326923076923077
0 0.5673076923076924 0.3485576923076924 0.5144230769230769 0.3485576923076923 0.514423076923077 0.7019230769230769 0.5673076923076924 0.7019230769230769
0 0.6923076923076923 0.27644230769230776 0.6322115384615384 0.27644230769230776 0.6322115384615384 0.6033653846153848 0.6923076923076923 0.6033653846153848
0 0.7475961538461539 0.28125000000000006 0.6923076923076923 0.28125000000000006 0.6923076923076923 0.5793269230769232 0.7475961538461539 0.5793269230769232
0 0.6603843870192309 0.6813212115384615 0.6172935265587003 0.6718161855907526 0.583900221836249 0.8232041188828219 0.6269910822967795 0.8327091448305308
0 0.7007138918269232 0.7957517620192309 0.6417020956627341 0.7950650979186578 0.6406053942307692 0.889315432692308 0.6996171903949584 0.8900020967928811
0 0.7525468293269231 0.592893451923077 0.7093663517690924 0.5779676388474493 0.6590838948307879 0.7234351247643421 0.7022643723886186 0.7383609378399698
0 0.8532707668269232 0.5145968822115385 0.7953745225882503 0.5006740591145947 0.6967725625000002 0.9106974519230769 0.754668806738673 0.9246202750200208
0 0.8811197980769232 0.5827405360576924 0.8161778499382972 0.5716973576814584 0.7583861923076924 0.9115544807692307 0.8233281404463184 0.9225976591454648
0 0.21463318990384617 0.35125233173076925 0.16645455288461536 0.2400610528846154 0.11767048884493485 0.2611989491124541 0.16584912586416561 0.3723902279586079