2 1.0000000000000002 0.0019623221153847415 0.0016047528479849727 -0.014558967152325577 -0.014857300036630518 0.9802565761169052 0.9835379471153848 0.9967778653846154
0 0.8798076923076923 0.17788461538461547 0.5240384615384616 0.17788461538461545 0.5240384615384616 0.2716346153846155 0.8798076923076923 0.27163461538461553
0 0.9319196418269228 0.3335949759615385 0.9282524679027732 0.2684166907207776 0.5421218275610775 0.29014184366620566 0.5457890014852271 0.3553201289069665
0 0.8872767860576923 0.33555730048076937 0.5398995528846154 0.3355573004807693 0.5398995528846154 0.402276295673077 0.8872767860576923 0.40227629567307704
0 0.8305331590297466 0.4062147846964101 0.562544200233391 0.40420972481890605 0.5620891662036447 0.46502790646864994 0.8300781250000001 0.467032966346154
0 0.8938341229502702 0.5110029681658746 0.5329241081730769 0.4670329663461539 0.5273111141963741 0.5131049621441517 0.8882211289735674 0.5570749639638725
0 0.9275985623271393 0.5562319522179403 0.5580357139423077 0.5160910528846154 0.5525586348256678 0.5665165538771672 0.9221214832104996 0.606657453210492
0 0.8212365634246748 0.6038498119312264 0.5580357139423077 0.5729984302884616 0.551531292344556 0.6284892770110813 0.8147321418269231 0.6593406586538462
0 0.8597799191608756 0.6658964170891678 0.5552455360576924 0.6318681322115386 0.5478651697814322 0.6979183401223709 0.8523995528846153 0.7319466250000002
0 0.8934186197319792 0.7386784057151188 0.546875 0.6770015697115385 0.5365478970949439 0.7350264596694966 0.8830915168269231 0.796703295673077
0 0.9658681550027052 0.8271049762864687 0.5552455360576923 0.7417582427884617 0.5436184531703718 0.7976987929443008 0.9542410721153847 0.8830455264423077
0 0.6976244259421188 0.8281876349841398 0.562220983173077 0.7888540024038462 0.5440050404040352 0.8515611871312446 0.679408483173077 0.8908948197115383
1 0.47596153846153855 0.25000000000000006 0.12980769230769235 0.25 0.12980769230769237 0.9735576923076923 0.4759615384615386 0.9735576923076923