0 0.18750000000000006 0.29086538461538464 0.05528846153846157 0.29086538461538464 0.05528846153846158 0.37740384615384615 0.18750000000000006 0.37740384615384615
0 0.18028846153846162 0.37259615384615385 0.045673076923076976 0.37259615384615385 0.045673076923076976 0.44471153846153844 0.18028846153846162 0.44471153846153844
0 0.11057692307692314 0.44471153846153844 0.045673076923076976 0.44471153846153844 0.04567307692307698 0.5096153846153846 0.11057692307692314 0.5096153846153846
0 0.9361027297938058 0.33359116378774634 0.9314956346153846 0.2583517139423077 0.7661218182831173 0.26847795640456146 0.7707289134615386 0.34371740625
0 0.8627007764423079 0.3462844014423079 0.7890150930538626 0.34557265403662235 0.7883865408653847 0.4106453149038463 0.8620722242538299 0.4113570623095318
0 0.94226396875 0.40401610576923086 0.7888320635713383 0.39390329874131996 0.7840554110576925 0.466374858173077 0.9374873162363542 0.4764876652009879
0 0.9505200697115387 0.4838116562500001 0.7811820952918326 0.48183645983211915 0.780665887348301 0.5260921129639733 0.950003861768007 0.5280673093818543
0 0.9254807692307693 0.5336538461538463 0.7740384615384616 0.5336538461538463 0.7740384615384616 0.5889423076923078 0.9254807692307693 0.5889423076923078
0 0.8822115384615384 0.5841346153846155 0.78125 0.5841346153846155 0.78125 0.6346153846153846 0.8822115384615384 0.6346153846153846
0 0.9014423076923077 0.6346153846153846 0.7740384615384616 0.6346153846153846 0.7740384615384616 0.6971153846153846 0.9014423076923077 0.6971153846153846
2 0.9853616738679849 0.08907206253761969 0.026094355769230772 0.0520606466346154 -0.009509167584857592 0.974837998688594 0.9497581505138967 1.0118494145915984