1 0.48557692307692313 0.40384615384615385 0.23557692307692316 0.40384615384615385 0.23557692307692318 0.9975961538461539 0.48557692307692324 0.9975961538461539
2 1.0050128055882717 0.9490106444447223 0.9830375192307691 0.04005829567307692 0.018947402405896197 0.06336662027369608 0.04092268876339878 0.9723189690453414
0 0.2017829558084664 0.3895340202003879 0.19923414903846154 0.29431345673076925 0.07694689996076434 0.29758676826115055 0.07949570673076921 0.39280733173076915
0 0.21802737563213162 0.44396182228335745 0.21612347378861824 0.3918803248940579 0.07643769471153845 0.3969867067307693 0.07834159655505181 0.44906820412006887
0 0.2309513806839853 0.5146868117989606 0.23042082932692304 0.45227226442307694 0.07785523819788667 0.45356913966799445 0.07838578955494892 0.5159836870438782
0 0.22752609171273247 0.5714819977101878 0.2266204225738302 0.5152916176539656 0.0802782596153846 0.5176503413461537 0.08118392875428687 0.573840721402376
0 0.959594839923412 0.2830575146751879 0.9523923125000001 0.18589207451923076 0.7891345539726429 0.19799378970716902 0.7963370813960549 0.2951592298631262
0 0.8865374343415231 0.35740378060852235 0.881803778846154 0.2757768341346155 0.8096533495667455 0.2799609337586396 0.8143870050621145 0.36158788023254645
0 0.9629159531670468 0.3995340269550868 0.9565132812499999 0.3398467596153846 0.8068469506791071 0.3559015139102978 0.8132496225961539 0.41558878125
0 0.9858201328363599 0.44940127931000967 0.9804884326923079 0.4000502644230769 0.8121887613944095 0.4182327351130673 0.8175204615384616 0.4675837500000001
0 0.9643750470480329 0.5062041623205408 0.9611753942307693 0.45426323557692305 0.8108911837211981 0.4635210083525361 0.8140908365384617 0.5154619350961538
0 0.9238404861802127 0.5564077952254648 0.9227514062500002 0.5148297668269232 0.8185103933908675 0.5175602184472288 0.8195994733210801 0.5591382468457704
0 0.946302728365385 0.5646317740384617 0.8151229968471486 0.5612245953772205 0.8134473430009946 0.6257389174926052 0.944627074519231 0.6291460961538464