1 0.5528846153846154 0.38461538461538464 0.23317307692307698 0.38461538461538464 0.23317307692307704 0.9879807692307693 0.5528846153846155 0.9879807692307693
0 0.14903846153846156 0.35096153846153844 0.045673076923076976 0.35096153846153844 0.045673076923076976 0.4110576923076923 0.14903846153846156 0.4110576923076923
0 0.15865384615384623 0.4110576923076923 0.043269230769230824 0.4110576923076923 0.043269230769230824 0.46634615384615385 0.15865384615384623 0.46634615384615385
0 0.16105769230769237 0.46875 0.045673076923076976 0.46875 0.04567307692307698 0.5216346153846154 0.16105769230769237 0.5216346153846154
0 0.15625000000000006 0.5216346153846154 0.04807692307692314 0.5216346153846154 0.04807692307692314 0.5600961538461539 0.15625000000000006 0.5600961538461539
0 0.5793269230769231 0.295673076923077 0.22355769230769237 0.2956730769230769 0.22355769230769237 0.38701923076923084 0.5793269230769231 0.3870192307692309
0 0.3629807692307692 0.4423076923076923 0.23557692307692316 0.4423076923076923 0.23557692307692316 0.5192307692307693 0.3629807692307692 0.5192307692307693
0 0.326923076923077 0.5408653846153846 0.22596153846153852 0.5408653846153846 0.22596153846153852 0.59375 0.32692307692307704 0.59375
0 0.6923076923076923 0.3966346153846155 0.46153846153846156 0.39663461538461536 0.46153846153846156 0.451923076923077 0.6923076923076923 0.45192307692307704
0 0.6899038461538461 0.4783653846153847 0.5384615384615384 0.47836538461538464 0.5384615384615384 0.5576923076923077 0.6899038461538461 0.5576923076923078
0 0.5408653846153847 0.5360576923076923 0.47836538461538464 0.5360576923076923 0.4783653846153847 0.59375 0.5408653846153848 0.59375
0 0.7379807692307693 0.608173076923077 0.46634615384615397 0.6081730769230769 0.46634615384615397 0.6826923076923077 0.7379807692307693 0.6826923076923077
0 0.9350961538461539 0.2235576923076924 0.71875 0.22355769230769237 0.71875 0.3028846153846155 0.9350961538461539 0.30288461538461553
0 0.8245192307692307 0.3004807692307693 0.75 0.3004807692307693 0.75 0.3750000000000001 0.8245192307692307 0.3750000000000001
0 0.9206730769230769 0.3677884615384617 0.7475961538461539 0.3677884615384617 0.7475961538461539 0.42067307692307704 0.9206730769230769 0.42067307692307704
0 0.9495192307692307 0.4254807692307694 0.7427884615384616 0.4254807692307694 0.7427884615384616 0.47355769230769246 0.9495192307692307 0.47355769230769246
0 0.9206730769230769 0.47355769230769246 0.7307692307692307 0.47355769230769246 0.7307692307692307 0.528846153846154 0.9206730769230769 0.528846153846154
0 0.8677884615384616 0.528846153846154 0.7403846153846154 0.528846153846154 0.7403846153846154 0.5649038461538463 0.8677884615384616 0.5649038461538463
0 0.9014423076923077 0.5721153846153848 0.7427884615384616 0.5721153846153848 0.7427884615384616 0.6274038461538461 0.9014423076923077 0.6274038461538461
2 0.9636531514423078 0.05954743990384627 0.018336018150318805 0.05416886116934142 0.01329950372724185 0.9393661616501106 0.9586166370192308 0.9447447403846154