2 0.9980739278846154 0.014544194711538524 1.781150149966144e-18 0.014544194711538462 6.212291503235073e-17 1 0.9980739278846154 1
0 0.5144230769230769 0.29326923076923084 0.4326923076923077 0.29326923076923084 0.4326923076923077 0.47115384615384615 0.5144230769230769 0.47115384615384615
0 0.33894230769230776 0.5168269230769231 0.24038461538461545 0.5168269230769231 0.24038461538461545 0.7355769230769231 0.3389423076923078 0.7355769230769231
0 0.4086538461538462 0.5144230769230769 0.3245192307692308 0.5144230769230769 0.32451923076923084 0.7355769230769231 0.4086538461538463 0.7355769230769231
0 0.46394230769230776 0.5336538461538461 0.39663461538461536 0.5336538461538461 0.3966346153846155 0.7403846153846154 0.4639423076923078 0.7403846153846154
0 0.5384615384615385 0.4951923076923077 0.4639423076923077 0.4951923076923077 0.46394230769230776 0.7403846153846154 0.5384615384615385 0.7403846153846154
0 0.6033653846153847 0.5264423076923077 0.5288461538461539 0.5264423076923077 0.528846153846154 0.7451923076923077 0.6033653846153848 0.7451923076923077
0 0.6778846153846154 0.5072115384615385 0.6009615384615384 0.5072115384615385 0.6009615384615385 0.7427884615384616 0.6778846153846154 0.7427884615384616
0 0.6947115384615384 0.7836538461538461 0.6274038461538461 0.7836538461538461 0.6274038461538461 0.9663461538461539 0.6947115384615384 0.9663461538461539
0 0.625 0.7788461538461539 0.560096153846154 0.7788461538461539 0.560096153846154 0.9735576923076923 0.625 0.9735576923076923
0 0.5625000000000001 0.8701923076923077 0.5000000000000001 0.8701923076923077 0.5000000000000001 0.9759615384615384 0.5625000000000001 0.9759615384615384
0 0.42307692307692324 0.7956730769230769 0.3557692307692309 0.7956730769230769 0.3557692307692309 0.9639423076923077 0.42307692307692324 0.9639423076923077
0 0.9254807692307693 0.1995192307692309 0.8389423076923077 0.1995192307692309 0.8389423076923077 0.2812500000000001 0.9254807692307693 0.2812500000000001
0 0.7596153846153846 0.38461538461538475 0.6899038461538461 0.38461538461538475 0.6899038461538461 0.42788461538461553 0.7596153846153846 0.42788461538461553
0 0.7860576923076923 0.25000000000000006 0.7163461538461539 0.25000000000000006 0.7163461538461539 0.3076923076923078 0.7860576923076923 0.3076923076923078
0 0.6634615384615384 0.3822115384615386 0.5865384615384616 0.3822115384615386 0.5865384615384616 0.42067307692307704 0.6634615384615384 0.42067307692307704
0 0.6850961538461539 0.25721153846153855 0.6201923076923077 0.25721153846153855 0.6201923076923077 0.31009615384615397 0.6850961538461539 0.31009615384615397
0 0.5745192307692307 0.3725961538461539 0.5120192307692307 0.37259615384615385 0.5120192307692307 0.4350961538461539 0.5745192307692307 0.43509615384615397
0 0.5985576923076923 0.264423076923077 0.5336538461538461 0.264423076923077 0.5336538461538461 0.3100961538461539 0.5985576923076923 0.31009615384615397
0 0.43028846153846156 0.20192307692307698 0.3557692307692308 0.20192307692307698 0.3557692307692308 0.3052884615384616 0.43028846153846156 0.3052884615384616
0 0.43509615384615385 0.37259615384615385 0.375 0.37259615384615385 0.375 0.4206730769230769 0.43509615384615385 0.4206730769230769
0 0.35523062980769243 0.7696391033653848 0.29317973764978333 0.7675059756680205 0.2852216682692309 0.9989995264423077 0.34727256042714 1.001132654139672
0 0.291514420673077 0.7603741778846153 0.21693204489570508 0.7593262984028372 0.21365828568425782 0.9923347158388764 0.28824066146162974 0.9933825953206544
0 0.2419252764423077 0.9557588341346155 0.2067836201923077 0.756916483173077 0.13664674780831526 0.7693118599519663 0.17178840405831525 0.9681542109135047
0 0.16840075 0.9360602403846152 0.12703190640044576 0.7650993654322928 0.04016300583381246 0.7861197653466504 0.0815318494333667 0.9570806402989727