2 1 0.015069968750000124 0.010526314903846194 0.015069968750000062 0.010526314903846257 1 1 1
0 0.24969188039347046 0.17499944835136105 0.24466502901606482 0.13505913185335627 0.06997314862259435 0.15704569071353372 0.07499999999999998 0.1969860072115385
0 0.2578947379807693 0.20236813701923081 0.10365319551912254 0.19904754401743385 0.10263157932692311 0.24650161538461543 0.2568731217885698 0.2498222083864124
0 0.27230535973437614 0.2904316955897573 0.27105263221153847 0.2421959086538461 0.09765497943279647 0.24669920435668166 0.09890770695563414 0.2949349912925929
0 0.1894736850961539 0.2917115168269231 0.09228582480605291 0.28723220324979687 0.09078947355769235 0.3196986009615386 0.18797733384779333 0.32417791453866485
0 0.13740479983762113 0.33278076042473825 0.046052632211538484 0.32292787980769233 0.04154257035468663 0.3647434607291079 0.13289473798076926 0.3745963413461538
0 0.24473684134615395 0.3821313245192309 0.05000000000000005 0.3745963413461539 0.048496928576151004 0.4134422650429552 0.2432337699223049 0.4209772482160322
0 0.26315789423076935 0.4305705048076924 0.055794098582854446 0.395365651799569 0.049215151467469805 0.43411699795341513 0.25657894711538465 0.4693218509615385
0 0.25921052644230774 0.47255112980769226 0.046563714294853585 0.44445773595783405 0.04065689976023158 0.48916807915974503 0.25330371190768575 0.5172614730096032
0 0.2657894735576924 0.5209903124999999 0.05272562467829915 0.47087787851863183 0.0434323668950803 0.5103901734643768 0.2564962157744735 0.5605026074457449
0 0.2434210528846155 0.5629709375 0.05483280100435721 0.5023066427234424 0.04167490677358797 0.5432108398388269 0.23026315865384625 0.6038751346153846
0 0.5344833071192615 0.15272511875346978 0.5302631586538461 0.10010764182692306 0.3245963189249635 0.11660300893242496 0.32881646739037884 0.1692204858589717
0 0.5415474405287315 0.2205462056095791 0.5381578942307693 0.1625403653846154 0.3150315065866532 0.1755786597750363 0.3184210528846154 0.23358450000000003
0 0.5164016449131228 0.2721936858082747 0.5142979575419705 0.22419269567139682 0.2900015746480785 0.23402269015158372 0.2921052620192308 0.2820236802884616
0 0.38016668827218597 0.3245022569390199 0.3776315793269231 0.2787944014423077 0.2900463055689391 0.28365217060614734 0.29258141451420205 0.3293600261028595
0 0.5175528464910251 0.32944172586938514 0.2894736850961539 0.3272335841346154 0.2890261006243597 0.37346462509215345 0.5171052620192309 0.3756727668269232
0 0.48203125320854084 0.38322783958822154 0.2907894735576924 0.38105489663461534 0.2903371674645362 0.4208625786810093 0.48157894711538474 0.42303552163461544
0 0.49736842067307696 0.4219590961538462 0.28548612900213227 0.41650823033724854 0.2841837229697504 0.46713445819023425 0.49606601464069516 0.4725853240068319
0 0.5026315793269232 0.48008611298076925 0.28731171791805327 0.4681987096830512 0.2846176203765763 0.5169976521202252 0.49993748178544606 0.5288850554179432
0 0.7644736850961539 0.38536060336538464 0.5435880583301063 0.3776003505815263 0.5418063392391957 0.42831469572958636 0.7626919660052435 0.4360749485134447
0 0.9254807692307693 0.05769230769230781 0.8245192307692307 0.05769230769230779 0.8245192307692307 0.1250000000000001 0.9254807692307693 0.1250000000000001
0 0.6923076923076923 0.18269230769230776 0.6201923076923077 0.18269230769230776 0.6201923076923077 0.24278846153846162 0.6923076923076923 0.24278846153846162
0 0.8245192307692307 0.16826923076923084 0.7644230769230769 0.16826923076923084 0.7644230769230769 0.23076923076923084 0.8245192307692307 0.23076923076923084
0 0.6778846153846154 0.2524038461538462 0.5985576923076923 0.2524038461538462 0.5985576923076923 0.31009615384615397 0.6778846153846154 0.31009615384615397
0 0.8269230769230769 0.24278846153846162 0.7668269230769231 0.24278846153846162 0.7668269230769231 0.295673076923077 0.8269230769230769 0.295673076923077
0 0.8197115384615384 0.3197115384615386 0.7524038461538461 0.3197115384615386 0.7524038461538461 0.37259615384615397 0.8197115384615384 0.37259615384615397
0 0.8509615384615384 0.44711538461538475 0.7283653846153846 0.44711538461538475 0.7283653846153846 0.512019230769231 0.8509615384615384 0.512019230769231
0 0.65625 0.42067307692307704 0.5865384615384616 0.42067307692307704 0.5865384615384616 0.4759615384615386 0.65625 0.4759615384615386