2 1.0437146331376375 0.09512523601410566 0.10256364903846155 0.02465424278846151 0.0313324127290446 0.975958390532663 0.9724833968282204 1.0464293837583072
0 0.3774038461538463 0.8028846153846154 0.29326923076923084 0.8028846153846154 0.2932692307692309 0.9519230769230769 0.3774038461538463 0.9519230769230769
0 0.4495192307692309 0.8028846153846154 0.38461538461538475 0.8028846153846154 0.38461538461538475 0.9567307692307693 0.4495192307692309 0.9567307692307693
0 0.5192307692307694 0.8004807692307693 0.45192307692307704 0.8004807692307693 0.45192307692307704 0.9615384615384616 0.5192307692307694 0.9615384615384616
0 0.5937500000000001 0.8125 0.5192307692307694 0.8125 0.5192307692307694 0.9711538461538461 0.5937500000000001 0.9711538461538461
0 0.3725961538461539 0.33413461538461536 0.24038461538461545 0.33413461538461536 0.24038461538461545 0.7163461538461539 0.37259615384615397 0.7163461538461539
0 0.528846153846154 0.5600961538461539 0.41105769230769246 0.5600961538461539 0.41105769230769246 0.7091346153846154 0.528846153846154 0.7091346153846154
0 0.6418269230769231 0.5216346153846154 0.5384615384615384 0.5216346153846154 0.5384615384615385 0.7235576923076923 0.6418269230769231 0.7235576923076923
0 0.7884615384615384 0.5168269230769232 0.6802884615384616 0.5168269230769232 0.6802884615384616 0.7451923076923077 0.7884615384615384 0.7451923076923077
0 0.8942307692307693 0.6706730769230769 0.8004807692307693 0.6706730769230769 0.8004807692307693 0.7548076923076923 0.8942307692307693 0.7548076923076923
0 0.46634615384615385 0.2475961538461539 0.3870192307692308 0.2475961538461539 0.3870192307692308 0.4495192307692308 0.46634615384615385 0.4495192307692308
0 0.5721153846153846 0.25721153846153855 0.47836538461538464 0.25721153846153855 0.47836538461538464 0.4711538461538462 0.5721153846153846 0.4711538461538463
0 0.6225961538461539 0.3822115384615386 0.5721153846153846 0.3822115384615386 0.5721153846153846 0.4615384615384617 0.6225961538461539 0.4615384615384617
0 0.7115384615384616 0.2283653846153847 0.6346153846153846 0.2283653846153847 0.6346153846153846 0.46634615384615397 0.7115384615384616 0.46634615384615397
0 0.7740384615384616 0.33413461538461553 0.7091346153846154 0.33413461538461553 0.7091346153846154 0.4711538461538463 0.7740384615384616 0.4711538461538463
0 0.31971153846153844 0.06490384615384619 0.23557692307692307 0.06490384615384619 0.23557692307692307 0.2211538461538462 0.31971153846153844 0.22115384615384623
0 0.38461538461538464 0.1418269230769231 0.31971153846153844 0.1418269230769231 0.31971153846153844 0.20913461538461545 0.38461538461538464 0.20913461538461545
0 0.43990384615384615 0.07692307692307697 0.38221153846153844 0.07692307692307696 0.38221153846153844 0.21394230769230776 0.43990384615384615 0.21394230769230776
0 0.4951923076923077 0.06250000000000006 0.4423076923076923 0.06250000000000006 0.4423076923076923 0.21875000000000006 0.4951923076923077 0.21875000000000006
0 0.5432692307692307 0.08413461538461545 0.4951923076923077 0.08413461538461545 0.4951923076923077 0.2283653846153847 0.5432692307692307 0.2283653846153847
0 0.5841346153846154 0.12259615384615391 0.5408653846153846 0.12259615384615391 0.5408653846153846 0.22596153846153852 0.5841346153846154 0.22596153846153852
0 0.6442307692307693 0.108173076923077 0.5889423076923077 0.108173076923077 0.5889423076923077 0.2283653846153847 0.6442307692307693 0.2283653846153847