0 1.003649928443746 0.5027895936188315 0.931579698142338 0.49163197171596806 0.9045221995192309 0.6664039951923079 0.9765924298206389 0.6775616170951712
0 0.936514591346154 0.7128140072115385 0.8525444348667428 0.689015745328822 0.809018005122842 0.84259507539073 0.8929881616022534 0.8663933372734467
0 0.9434424110576924 0.36480176682692317 0.8516951220126064 0.3535532405623988 0.8084948197115385 0.7059114543269231 0.9002421087566244 0.7171599805914476
0 0.937257064903846 0.07900408413461549 0.8568763759313889 0.06241047869045016 0.7687935561863595 0.48909036821570984 0.8491742451588166 0.5056839736598752
0 0.8199609423076922 0.07662020913461548 0.7416612356197242 0.07102440583219345 0.6869537929080809 0.8365224918918724 0.7652534995960489 0.8421182951942945
0 0.7411777019230771 0.017079562500000093 0.6454543830726768 0.01333111943797451 0.6126785039823116 0.85032287117444 0.7084018228327119 0.8540713142364657
0 0.629856326923077 0.04543833894230777 0.5421760218164466 0.04446784613564203 0.5362481041687073 0.5800324834321138 0.6239284092753377 0.5810029762387795
0 0.5405358990384616 0.5233785384615385 0.520831069047656 0.076897662791613 0.41021098317307686 0.08177973076923079 0.4299158131638824 0.5282606064391563
0 0.4763283221153847 0.8218519927884613 0.3933243384840806 0.08675870767308744 0.30854591826923083 0.09633156971153846 0.39154990190053485 0.8314248548269124
0 0.3935826370192309 0.8020384086538463 0.2753385562173642 0.05442632127256646 0.17522551201923076 0.07026043509615384 0.29346959282109747 0.8178725224774337
0 0.2972583581730769 0.6927688341346153 0.15681249796911392 0.06599473832983546 0.07768137500000002 0.08372622836538463 0.21812723520396296 0.7105003241701644
2 1 6.123233995736766e-17 0 0 5.388902847865974e-17 0.8800746225961539 1 0.8800746225961539