2 0.9230769230769231 0.01442307692307698 1.766317498770221e-18 0.014423076923076924 6.093795370757262e-17 0.9807692307692307 0.9230769230769231 0.9807692307692307
0 0.34134615384615385 0.05528846153846157 0.25961538461538464 0.05528846153846157 0.25961538461538464 0.17788461538461542 0.34134615384615385 0.17788461538461545
0 0.4110576923076923 0.057692307692307744 0.35336538461538464 0.057692307692307744 0.35336538461538464 0.2067307692307693 0.4110576923076923 0.2067307692307693
0 0.4831730769230769 0.057692307692307744 0.41586538461538464 0.057692307692307744 0.41586538461538464 0.20192307692307698 0.4831730769230769 0.20192307692307698
0 0.5336538461538461 0.0552884615384616 0.47836538461538464 0.05528846153846159 0.47836538461538464 0.20432692307692316 0.5336538461538461 0.20432692307692316
0 0.5793269230769231 0.052884615384615453 0.5240384615384616 0.052884615384615453 0.5240384615384616 0.22596153846153852 0.5793269230769231 0.22596153846153852
0 0.24759615384615394 0.7764423076923077 0.17307692307692316 0.7764423076923077 0.17307692307692318 0.9399038461538461 0.247596153846154 0.9399038461538461
0 0.3317307692307694 0.7932692307692307 0.2524038461538462 0.7932692307692307 0.25240384615384626 0.8677884615384616 0.3317307692307694 0.8677884615384616
0 0.38461538461538475 0.78125 0.32932692307692324 0.78125 0.32932692307692324 0.9399038461538461 0.38461538461538475 0.9399038461538461
0 0.43509615384615397 0.7884615384615384 0.3822115384615386 0.7884615384615384 0.3822115384615386 0.9567307692307693 0.43509615384615397 0.9567307692307693
0 0.49038461538461553 0.7788461538461539 0.43509615384615397 0.7788461538461539 0.43509615384615397 0.9375 0.49038461538461553 0.9375
0 0.5312500000000001 0.7860576923076923 0.48557692307692324 0.7860576923076923 0.48557692307692324 0.8918269230769231 0.5312500000000001 0.8918269230769231
0 0.5961538461538463 0.7860576923076923 0.5384615384615385 0.7860576923076923 0.5384615384615385 0.9158653846153846 0.5961538461538463 0.9158653846153846
1 0.9783653846153846 0.2187500000000001 0.3389423076923077 0.21875000000000006 0.3389423076923077 0.451923076923077 0.9783653846153846 0.45192307692307704