0 0.7701806664836464 0.07731587260988133 0.5749659014423076 0.03132832211538466 0.5600493925110851 0.09464812834411845 0.7552641575524237 0.14063567883861514
0 0.9423076923076923 0.10576923076923087 0.8028846153846154 0.10576923076923087 0.8028846153846154 0.22115384615384626 0.9423076923076923 0.22115384615384628
0 0.7995078509327518 0.1507368760113283 0.4133878918269231 0.08145363461538467 0.4018351346441713 0.1458378932194411 0.78795509375 0.2151211346153847
0 0.5822037557472387 0.176643807525631 0.10072395432692308 0.04594820192307693 0.0729307460088238 0.14833778388443403 0.5544105474291394 0.27903338948698814
0 0.9311375626200521 0.2952650891426623 0.1101668245192308 0.18379281490384614 0.09908570582750059 0.26540301128185073 0.9200564439283219 0.37687528552066685
0 0.9507418635521577 0.3642902484264884 0.036722274038461566 0.2568922307692308 0.02574362819232416 0.35032689174897796 0.9397632177060202 0.4577249094062355
0 0.6466960616227122 0.4202003180838014 0.06924771875000005 0.36967418509615385 0.06144135765344168 0.4588907946509694 0.6388897005261539 0.509416927638617
0 0.5533223122405868 0.570167977026306 0.5515221396301462 0.4761170578187369 0.11121603124999999 0.4845446947115384 0.11301620386044052 0.5785956139191074
0 0.902147198464352 0.6536157517339309 0.8973342393567438 0.5625840143952084 0.10535386541162262 0.6044569838151238 0.11016682451923078 0.6954887211538463
0 0.8732363817208172 0.7267053646934996 0.8676948894230768 0.6599832908653845 0.08678879856764427 0.7248401641526543 0.09233029086538462 0.7915622379807693
0 0.7708245022982776 0.8348976817234186 0.7617248990384616 0.7497911442307691 0.08722390302306682 0.8219088879777865 0.0963235062828828 0.9070154254704359
2 0.9852061682692308 0.016708437500000086 1.0341620722169427e-18 0.00835421875 -0.008407993610563174 0.9999020122399848 0.9767981746586677 1.0082562309899847