2 0.9925726527277478 0.08119340176644957 0.0014966538461538485 0.017106841346153846 -0.061430417735336 0.9902517552767829 0.9296455811462578 1.0543383156970785
0 0.9089479447115385 0.8870087355769231 0.8416839423076923 0.8870087355769231 0.8416839423076923 1 0.9089479447115385 1
0 0.8330617644230772 0.8582707355769231 0.7588738202459979 0.8563732442551288 0.7552003052884615 1.0000000000000002 0.8293882494655408 1.0018974913217944
0 0.7621937860576924 0.8402996249999999 0.6785540264423079 0.8394163076923076 0.6768602417416824 0.9997977968432926 0.760500001357067 1.0006811141509848
0 0.6909649543269231 0.9406493389423077 0.6283056033653847 0.9406493389423077 0.6283056033653847 1 0.6909649543269231 1
0 0.5535491610576924 1 0.5483630608644794 0.8383400878112865 0.4687580480769231 0.8408938413461541 0.47394414827013615 1.0025537535348674
0 0.4836736298076923 0.9880840072115384 0.4683132235576923 0.8125137812500001 0.4076344016124117 0.8178224909172935 0.4229948078624117 0.9933927168788319
0 0.41751030769230774 0.9540003293269231 0.4026024086480256 0.8075174324824002 0.32589148557692305 0.8153244783653846 0.3407993846212051 0.9618073752099077
0 0.3667369663461538 1 0.3202397930840967 0.7888887762828352 0.24953113221153847 0.8044623341346153 0.29602830547359554 1.0155735578517802
0 0.9368483157024006 0.5726171418719826 0.8607506971153848 0.5690686442307693 0.850699001605292 0.7846274999549407 0.9267966201923078 0.788175997596154
0 0.8431433687484137 0.5665798898444718 0.778766685096154 0.5638148677884617 0.7690573211554329 0.7898733361170668 0.8334340048076925 0.792638358173077
0 0.7686577961001974 0.5641386257235973 0.6971765312500001 0.5630628942307694 0.6935791846690336 0.8021029199494799 0.7650604495192308 0.8031786514423078
0 0.6937769927884615 0.7105715625000001 0.6919212454025602 0.57126005126373 0.6286716899038461 0.5721025889423077 0.6305274372897475 0.7114141001785778
0 0.6300493966346153 0.7975111274038462 0.6257790886032789 0.5321638766984271 0.5578010950526961 0.5332578656922512 0.5620714030840327 0.7986051163976703
0 0.5512455865384616 0.7820158389423076 0.5428373547090705 0.5692408670784305 0.48188817788461547 0.5716493966346154 0.49029640971400656 0.7844243684984927
0 0.4093690900738063 0.5297335201498252 0.32323027163461543 0.5286540192307693 0.32011028733004 0.7776132899463287 0.40624910576923084 0.7786927908653847
0 0.49477577403846157 0.7888423990384615 0.49462470535674663 0.5507565160034448 0.4125137284835499 0.5508086165180676 0.41266479716526483 0.7888944995530844
0 0.5728366874999999 0.51629796875 0.5465702839115683 0.3144798476406527 0.4764915865384616 0.3236005120192308 0.5027579901268933 0.5254186331285781
0 0.9502921514423074 0.3345645985576923 0.9481490610145246 0.2537724041089586 0.8683152169577303 0.2558900733736522 0.8704583073855131 0.33668226782238586
0 0.8125 0.42307692307692324 0.7307692307692307 0.42307692307692324 0.7307692307692307 0.4759615384615386 0.8125 0.4759615384615386
0 0.8317307692307693 0.3004807692307693 0.7548076923076923 0.3004807692307693 0.7548076923076923 0.3677884615384617 0.8317307692307693 0.3677884615384617
0 0.7163461538461539 0.42307692307692324 0.6442307692307693 0.42307692307692324 0.6442307692307693 0.4759615384615386 0.7163461538461539 0.4759615384615386
0 0.7211538461538461 0.29807692307692313 0.6586538461538461 0.29807692307692313 0.6586538461538461 0.36057692307692324 0.7211538461538461 0.36057692307692324
0 0.6346153846153846 0.40384615384615397 0.5649038461538461 0.40384615384615397 0.5649038461538461 0.4807692307692309 0.6346153846153846 0.4807692307692309
0 0.6418269230769231 0.2908653846153847 0.5697115384615384 0.2908653846153847 0.5697115384615384 0.3461538461538463 0.6418269230769231 0.3461538461538463
0 0.49038461538461536 0.39903846153846156 0.41346153846153844 0.39903846153846156 0.41346153846153844 0.47596153846153844 0.49038461538461536 0.47596153846153844
0 0.45913461538461536 0.22115384615384623 0.3918269230769231 0.22115384615384623 0.3918269230769231 0.34134615384615385 0.45913461538461536 0.34134615384615385