2 0.9916139471153845 0.004128819711538581 1.2135228406456608e-17 0.0041288197115385205 7.311475107162466e-17 1 0.9916139471153845 1
0 0.71875 0.4735576923076924 0.5216346153846154 0.4735576923076923 0.5216346153846154 0.5504807692307693 0.71875 0.5504807692307694
0 0.4927884615384617 0.6538461538461539 0.26682692307692313 0.6538461538461539 0.26682692307692313 0.7235576923076923 0.4927884615384617 0.7235576923076923
0 0.49038461538461553 0.5745192307692307 0.2692307692307693 0.5745192307692307 0.2692307692307693 0.6442307692307693 0.49038461538461553 0.6442307692307693
0 0.5024038461538461 0.42788461538461536 0.264423076923077 0.42788461538461536 0.264423076923077 0.5 0.5024038461538461 0.5
0 0.46394230769230776 0.5072115384615384 0.3125 0.5072115384615384 0.31250000000000006 0.5625 0.4639423076923078 0.5625
0 0.21875000000000003 0.27884615384615385 0.0432692307692308 0.27884615384615385 0.0432692307692308 0.34134615384615385 0.21875000000000006 0.34134615384615385
0 0.23317307692307698 0.34375 0.03125000000000004 0.34375 0.03125000000000005 0.40625 0.23317307692307698 0.40625
0 0.14182692307692313 0.40625 0.028846153846153896 0.40625 0.028846153846153903 0.46153846153846156 0.14182692307692316 0.46153846153846156
0 0.5012859714686783 0.1976673454813659 0.49433573557692306 0.12386457451923075 0.26964237949286013 0.14502464490324946 0.2765926153846153 0.21882741586538462
0 0.5013936275769658 0.2837659372027245 0.49407026374949436 0.21852691080392572 0.26338430203791313 0.2444224111012012 0.2707076658653846 0.3096614375
0 0.21480064663461546 0.5450041298076923 0.03825217067307699 0.5450041298076923 0.038252170673077 0.6069364158653846 0.21480064663461546 0.6069364158653846
0 0.23834044471153856 0.6668042932692306 0.020703826272563577 0.650896342483107 0.014818876753332804 0.7314083160407996 0.23245549519230777 0.7473162668269231
0 0.20809405351143645 0.23917924477542066 0.19246553547507575 0.17447314831809266 -0.005329856978668373 0.22224683623497976 0.010298661057692317 0.28695293269230776
0 0.25701933967600477 0.7607927477184351 0.04560835576923085 0.7184145336538462 0.03134317234322622 0.7895788460315651 0.24275415625000013 0.831957060096154
0 0.24563238376836857 0.8374471264232957 0.06326320432692321 0.7947976874999999 0.04434270793553882 0.8757018093039772 0.2267118873769842 0.918351248227273
0 0.7908653846153846 0.07932692307692318 0.7163461538461539 0.07932692307692318 0.7163461538461539 0.15625000000000006 0.7908653846153846 0.15625000000000006
0 0.625 0.23557692307692316 0.5793269230769231 0.23557692307692316 0.5793269230769231 0.29807692307692313 0.625 0.29807692307692313
0 0.7427884615384616 0.2067307692307693 0.6923076923076923 0.2067307692307693 0.6923076923076923 0.2692307692307693 0.7427884615384616 0.2692307692307693
0 0.625 0.3197115384615386 0.5745192307692307 0.3197115384615386 0.5745192307692307 0.38942307692307704 0.625 0.38942307692307704
0 0.7427884615384616 0.3028846153846155 0.6947115384615384 0.3028846153846155 0.6947115384615384 0.3629807692307694 0.7427884615384616 0.3629807692307694
0 0.625 0.4062500000000001 0.5769230769230769 0.4062500000000001 0.5769230769230769 0.4711538461538463 0.625 0.4711538461538463
0 0.7403846153846154 0.3870192307692309 0.6923076923076923 0.3870192307692309 0.6923076923076923 0.4567307692307694 0.7403846153846154 0.4567307692307694
0 0.8004807692307693 0.5697115384615385 0.6971153846153846 0.5697115384615385 0.6971153846153846 0.6274038461538461 0.8004807692307693 0.6274038461538461
0 0.6322115384615384 0.5528846153846155 0.5793269230769231 0.5528846153846155 0.5793269230769231 0.6105769230769232 0.6322115384615384 0.6105769230769232