2 1 0.028634923076923155 0.03492076923076929 0.0286349230769231 0.03492076923076935 1 1 1
0 0.8729166899038462 0.2900365697115385 0.8449227867160537 0.11094285330873269 0.8056330504807694 0.11708418028846153 0.8336269536685619 0.2961778966912674
0 0.8066377451923079 0.2996968533653846 0.8045165374360206 0.1414847895958688 0.757082358173077 0.14212075721153847 0.7592035659293643 0.30033282098105424
0 0.7672694567307694 0.3107674615384616 0.7520916212848172 0.1330982863372266 0.7045485492884611 0.1371597726504176 0.7197263847344134 0.3148289478516526
0 0.716022209207555 0.12680697732940524 0.6834718365384614 0.12644256009615396 0.6823546778116759 0.22622909478597955 0.7149050504807695 0.22659351201923086
0 0.6786803124999999 0.08153647836538469 0.6367027851510737 0.07598631816811169 0.624803258708766 0.16598600807195785 0.6667807860576923 0.17153616826923085
0 0.6271498684740215 0.08273068447295842 0.5882386341036899 0.0825835979994338 0.5875038401488992 0.2769708798726293 0.6264150745192307 0.27711796634615393
0 0.5955593699655407 0.08176813425987185 0.5561413211837103 0.07860692447027658 0.5392011218912466 0.28983922049886635 0.578619170673077 0.29300043028846157
0 0.5573670814606386 0.07364742085621853 0.5120768543159779 0.0692148760021093 0.4912104747784162 0.28242040466512164 0.536500701923077 0.28685294951923085
0 0.5315135121181013 0.07774256599124102 0.49103668297648845 0.06953476096224563 0.4478144304737718 0.2826855026633124 0.48829125961538455 0.29089330769230776
0 0.4926883125 0.07835595673076928 0.4501624190294411 0.06768679293795418 0.40300361854867184 0.2556556126494926 0.44552951201923074 0.26632477644230773
0 0.9184095552884616 0.5774245192307693 0.8893780014085549 0.3686231263497012 0.8377416828306294 0.3758025926562738 0.8667732367105361 0.5846039855373418
0 0.8562525216346153 0.5820472932692309 0.8199237517022377 0.3518962301544881 0.7635211573806507 0.3607992386610211 0.7998499273130282 0.5909503017757638
0 0.7897634495192307 0.5549218846153846 0.7760942551778318 0.32686080437441906 0.7281768605769231 0.3297328076923077 0.741846054918322 0.5577938879332732
0 0.7358256098643279 0.328466445294247 0.6891062282066867 0.32769667438351485 0.6876734019962049 0.41465859207003714 0.7343927836538461 0.4154283629807693
0 0.6885297082180487 0.5486596127233797 0.6828750600961538 0.32473187980769225 0.6367302989934898 0.32589713246892793 0.6423849471153846 0.5498248653846154
0 0.6335634086538462 0.5125878701923077 0.629866886919186 0.3219782960042496 0.5901149770114855 0.32274921110436466 0.5938114987461456 0.5133587852924227
0 0.5954093918269231 0.5276622596153846 0.5934212895168375 0.3117348483974944 0.5427902933841473 0.3122010217277149 0.544778395694233 0.5281284329456051
0 0.5418918086171751 0.3123624198057033 0.49291221252755274 0.3113658706401579 0.48848657217960845 0.5288825614113777 0.5374661682692308 0.529879110576923
0 0.6413829441723328 0.5725208895063602 0.5906054411125897 0.5725101212757513 0.5905579031902571 0.7966748038847759 0.6413354062500001 0.7966855721153847
0 0.9735576923076923 0.8701923076923077 0.9038461538461539 0.8701923076923077 0.9038461538461539 0.9759615384615384 0.9735576923076923 0.9759615384615384
0 0.8413461538461539 0.6610576923076923 0.7788461538461539 0.6610576923076923 0.7788461538461539 0.7355769230769231 0.8413461538461539 0.7355769230769231
0 0.8605769230769231 0.8028846153846154 0.7956730769230769 0.8028846153846154 0.7956730769230769 0.8677884615384616 0.8605769230769231 0.8677884615384616
0 0.7716346153846154 0.6346153846153846 0.7115384615384616 0.6346153846153846 0.7115384615384616 0.7163461538461539 0.7716346153846154 0.7163461538461539
0 0.7860576923076923 0.8028846153846154 0.7307692307692307 0.8028846153846154 0.7307692307692307 0.8653846153846154 0.7860576923076923 0.8653846153846154
0 0.7091346153846154 0.7860576923076923 0.6538461538461539 0.7860576923076923 0.6538461538461539 0.8557692307692307 0.7091346153846154 0.8557692307692307
0 0.5841346153846155 0.7548076923076923 0.5144230769230771 0.7548076923076923 0.5144230769230771 0.8798076923076923 0.5841346153846155 0.8798076923076923
0 0.6033653846153848 0.6153846153846154 0.543269230769231 0.6153846153846154 0.543269230769231 0.6850961538461539 0.6033653846153848 0.6850961538461539