0 0.1971153846153847 0.30528846153846156 0.07211538461538465 0.30528846153846156 0.07211538461538466 0.38221153846153844 0.1971153846153847 0.38221153846153844
0 0.2283653846153847 0.3942307692307692 0.07451923076923082 0.3942307692307692 0.07451923076923082 0.4567307692307692 0.2283653846153847 0.4567307692307692
0 0.23317307692307698 0.46634615384615385 0.07211538461538466 0.46634615384615385 0.07211538461538468 0.5240384615384616 0.23317307692307698 0.5240384615384616
0 0.22355769230769237 0.5288461538461539 0.06730769230769237 0.5288461538461539 0.06730769230769237 0.59375 0.22355769230769237 0.59375
0 0.6802884615384616 0.26682692307692313 0.3125 0.26682692307692313 0.3125 0.38701923076923084 0.6802884615384616 0.3870192307692309
0 0.47836538461538464 0.4326923076923077 0.3245192307692308 0.4326923076923077 0.3245192307692308 0.5336538461538461 0.47836538461538464 0.5336538461538461
0 0.514423076923077 0.5552884615384616 0.3173076923076923 0.5552884615384616 0.3173076923076924 0.6610576923076923 0.5144230769230771 0.6610576923076923
0 0.5216346153846155 0.6899038461538461 0.3028846153846155 0.6899038461538461 0.3028846153846155 0.7884615384615384 0.5216346153846155 0.7884615384615384
0 0.3822115384615386 0.8052884615384616 0.295673076923077 0.8052884615384616 0.29567307692307704 0.9086538461538461 0.3822115384615386 0.9086538461538461
0 0.7788461538461539 0.4014423076923078 0.5769230769230769 0.4014423076923078 0.5769230769230769 0.48317307692307704 0.7788461538461539 0.48317307692307704
0 0.7764423076923077 0.4927884615384617 0.5649038461538461 0.4927884615384617 0.5649038461538463 0.5721153846153848 0.7764423076923077 0.5721153846153848
0 0.6490384615384616 0.5721153846153848 0.5865384615384617 0.5721153846153848 0.5865384615384617 0.6298076923076923 0.6490384615384616 0.6298076923076923
0 0.8197115384615384 0.6466346153846154 0.5769230769230771 0.6466346153846154 0.5769230769230771 0.7139423076923077 0.8197115384615384 0.7139423076923077
0 0.7091346153846154 0.7211538461538461 0.5793269230769232 0.7211538461538461 0.5793269230769232 0.7884615384615384 0.7091346153846154 0.7884615384615384
0 0.9543269230769231 0.25721153846153855 0.8052884615384616 0.25721153846153855 0.8052884615384616 0.3245192307692309 0.9543269230769231 0.3245192307692309
0 0.8942307692307693 0.32932692307692324 0.8197115384615384 0.32932692307692324 0.8197115384615384 0.38942307692307704 0.8942307692307693 0.38942307692307704
0 0.9471153846153846 0.4014423076923078 0.8149038461538461 0.4014423076923078 0.8149038461538461 0.45192307692307704 0.9471153846153846 0.45192307692307704
0 0.9663461538461539 0.4567307692307694 0.8149038461538461 0.4567307692307694 0.8149038461538461 0.5072115384615385 0.9663461538461539 0.5072115384615385
0 0.9495192307692307 0.5072115384615385 0.7932692307692307 0.5072115384615385 0.7932692307692307 0.5528846153846155 0.9495192307692307 0.5528846153846155
0 0.9182692307692307 0.5528846153846155 0.8197115384615384 0.5528846153846155 0.8197115384615384 0.5937500000000001 0.9182692307692307 0.5937500000000001
0 0.9326923076923077 0.5985576923076924 0.8197115384615384 0.5985576923076924 0.8197115384615384 0.6586538461538461 0.9326923076923077 0.6586538461538461
2 0.9839501771784016 0.05910719960250225 0.025965596153846162 0.05012531490384616 0.017311918186678245 0.9731042151940383 0.9752964992112336 0.9820860998926945