1 0.7259615384615384 0.03365384615384622 0.4519230769230769 0.03365384615384621 0.451923076923077 0.6634615384615384 0.7259615384615384 0.6634615384615384
0 0.9711538461538461 0.6682692307692307 0.8341346153846154 0.6682692307692307 0.8341346153846154 0.7572115384615384 0.9711538461538461 0.7572115384615384
0 0.9639423076923077 0.5961538461538463 0.8125 0.5961538461538463 0.8125 0.6706730769230769 0.9639423076923077 0.6706730769230769
0 0.9615384615384616 0.5264423076923078 0.8028846153846154 0.5264423076923078 0.8028846153846154 0.5985576923076924 0.9615384615384616 0.5985576923076924
0 0.9525427445732075 0.48086082917470413 0.7992652843239659 0.47999894832980605 0.7990054484046047 0.5262083403089484 0.9522829086538463 0.5270702211538464
2 1.0251808948832684 0.0905949773033064 0.008949418269230775 0.062456120192307694 -0.016317035682793586 0.9749510984773413 0.9999144409312442 1.00308995558834
0 0.23613267067307697 0.8258205961538463 0.2316325985576924 0.7292022379807694 0.07055543676278073 0.7367045269652303 0.07505550887816533 0.8333228851383071
0 0.22359992811780852 0.7278926656310397 0.21181639182692302 0.6615099711538464 0.12985848534372993 0.6760582502343452 0.1416420216346154 0.7424409447115387
0 0.21688327549597683 0.6526735151776458 0.20883363662165966 0.5968652893440021 0.05752555102952898 0.6186895890702027 0.06557518990384616 0.6744978149038464
0 0.2042582189876389 0.6046559385267216 0.2035246081730769 0.5505638437499999 0.0433643700863147 0.5527359778337003 0.04409798090087668 0.606828072610422
0 0.21378861057692305 0.5473300480769231 0.2123962211538461 0.49507430288461535 0.061703662105304244 0.49908960731828894 0.0630960515283812 0.5513453525105967
0 0.20733863527088392 0.4919841681675137 0.20425028846153845 0.4543414735576923 0.095282678219437 0.4632815819877989 0.09837102502878249 0.5009242765976203
0 0.20111483653846157 0.45410388221153847 0.20011133653846155 0.3878371538461539 0.0699636309937398 0.389808025590327 0.0709671309937398 0.45607475395571156