2 0.9770992355769235 0.0434782620192309 0.021960577671612844 0.03864087681466171 0.01726010761470792 0.9667457251603532 0.9723987655200185 0.9715831103649223
0 0.19785142535014372 0.38174089746351936 0.18408357794493077 0.29471969531842906 0.05820597951786398 0.3146351127587558 0.07197382692307693 0.40165631490384607
0 0.22115384615384623 0.4014423076923077 0.07211538461538466 0.4014423076923077 0.07211538461538466 0.4543269230769231 0.22115384615384623 0.4543269230769231
0 0.2283653846153847 0.46634615384615385 0.07211538461538466 0.46634615384615385 0.07211538461538468 0.5192307692307693 0.2283653846153847 0.5192307692307693
0 0.21875000000000006 0.5240384615384616 0.07211538461538468 0.5240384615384616 0.07211538461538468 0.5745192307692307 0.21875000000000006 0.5745192307692307
0 0.9471153846153846 0.1875000000000001 0.7884615384615384 0.18750000000000006 0.7884615384615384 0.26442307692307704 0.9471153846153846 0.26442307692307704
0 0.875 0.2716346153846155 0.8100961538461539 0.2716346153846155 0.8100961538461539 0.33413461538461553 0.875 0.33413461538461553
0 0.9592805181554286 0.38198820159365365 0.9531079615384616 0.3126293990384615 0.8018972366522636 0.32608633206019244 0.8080697932692307 0.3954451346153846
0 0.9704140220683823 0.4293040704258927 0.9625877620329398 0.3727171139392508 0.7882478938107114 0.39682919255181964 0.7960741538461539 0.4534161490384616
0 0.9529113453623241 0.48128937558838475 0.9473168940475142 0.4383985836182811 0.79593226743519 0.458144405145281 0.80152671875 0.5010351971153846
0 0.9124265311633711 0.5263686582210908 0.9073064350961538 0.48861283653846166 0.8040402092212441 0.5026168489904479 0.8091603052884615 0.540372670673077
0 0.9312977091346153 0.5258799182692309 0.8106126587838578 0.5190078165196506 0.8062506083030885 0.5956123694042659 0.926935658653846 0.6024844711538463
1 0.42307692307692313 0.3894230769230769 0.23076923076923084 0.3894230769230769 0.23076923076923087 0.96875 0.42307692307692324 0.96875