2 0.9574658100961538 0.02191616105769242 0.0575322013343114 0.021703641850626246 0.057310044363124285 0.962449316333953 0.9572436531249667 0.9626618355410194
0 0.7259615384615384 0.05528846153846163 0.6346153846153846 0.05528846153846163 0.6346153846153846 0.19951923076923084 0.7259615384615384 0.19951923076923084
0 0.5625 0.06250000000000007 0.49759615384615385 0.06250000000000007 0.49759615384615385 0.13701923076923084 0.5625 0.13701923076923084
0 0.7932692307692307 0.3052884615384616 0.6490384615384616 0.3052884615384616 0.6490384615384616 0.6826923076923077 0.7932692307692307 0.6826923076923077
0 0.6129807692307693 0.3173076923076924 0.5072115384615384 0.3173076923076923 0.5072115384615384 0.4735576923076924 0.6129807692307693 0.47355769230769246
0 0.49759615384615385 0.3076923076923077 0.3918269230769231 0.3076923076923077 0.3918269230769231 0.5168269230769231 0.49759615384615385 0.5168269230769231
0 0.3629807692307692 0.29807692307692313 0.2548076923076924 0.2980769230769231 0.2548076923076924 0.53125 0.3629807692307692 0.53125
0 0.24519230769230774 0.27884615384615385 0.13942307692307696 0.27884615384615385 0.13942307692307696 0.3870192307692308 0.24519230769230776 0.3870192307692308
0 0.4711538461538463 0.8028846153846154 0.41586538461538475 0.8028846153846154 0.41586538461538475 0.9230769230769231 0.4711538461538463 0.9230769230769231
0 0.5144230769230771 0.7980769230769231 0.4711538461538463 0.7980769230769231 0.4711538461538463 0.90625 0.5144230769230771 0.90625
0 0.5649038461538463 0.8028846153846154 0.5192307692307694 0.8028846153846154 0.5192307692307694 0.9423076923076923 0.5649038461538463 0.9423076923076923
0 0.605769230769231 0.8076923076923077 0.5552884615384617 0.8076923076923077 0.5552884615384617 0.9519230769230769 0.605769230769231 0.9519230769230769
0 0.6658653846153846 0.8100961538461539 0.6009615384615385 0.8100961538461539 0.6009615384615385 0.9399038461538461 0.6658653846153846 0.9399038461538461
0 0.7259615384615384 0.8004807692307693 0.6586538461538461 0.8004807692307693 0.6586538461538461 0.8774038461538461 0.7259615384615384 0.8774038461538461
0 0.7956730769230769 0.7836538461538461 0.71875 0.7836538461538461 0.71875 0.9399038461538461 0.7956730769230769 0.9399038461538461
1 0.6466346153846154 0.08413461538461542 0.03365384615384616 0.08413461538461539 0.03365384615384617 0.31250000000000006 0.6466346153846154 0.3125000000000001
0 0.6394230769230769 0.05288461538461546 0.5600961538461539 0.052884615384615453 0.5600961538461539 0.1658653846153847 0.6394230769230769 0.1658653846153847
0 0.5 0.05769230769230775 0.44471153846153844 0.057692307692307744 0.44471153846153844 0.17307692307692316 0.5 0.17307692307692316