2 1 0.0002440096153846771 0.008386052884615384 0.0002440096153846164 0.008386052884615445 0.9971854062500001 1 0.9971854062500001
0 0.5144230769230769 0.4567307692307692 0.3125 0.4567307692307692 0.3125 0.5408653846153846 0.5144230769230769 0.5408653846153846
0 0.7572115384615384 0.29326923076923084 0.5264423076923077 0.29326923076923084 0.5264423076923077 0.3677884615384616 0.7572115384615384 0.3677884615384617
0 0.7596153846153846 0.37019230769230776 0.5336538461538461 0.3701923076923077 0.5336538461538461 0.4471153846153847 0.7596153846153846 0.44711538461538475
0 0.7764423076923077 0.514423076923077 0.5336538461538461 0.5144230769230769 0.5336538461538463 0.5937500000000001 0.7764423076923077 0.5937500000000001
0 0.7211538461538461 0.45432692307692324 0.5673076923076923 0.45432692307692324 0.5673076923076923 0.512019230769231 0.7211538461538461 0.512019230769231
0 1 0.6802884615384616 0.8269230769230769 0.6802884615384616 0.8269230769230769 0.75 1 0.75
0 1 0.6177884615384616 0.8076923076923077 0.6177884615384616 0.8076923076923077 0.6850961538461539 1 0.6850961538461539
0 1 0.5649038461538463 0.8942307692307693 0.5649038461538463 0.8942307692307693 0.6201923076923077 1 0.6201923076923077
0 0.785420100352235 0.8652308393338715 0.7767290509981358 0.7911064748553152 0.5582385732420548 0.8167243879252898 0.5669296225961539 0.8908487524038461
0 0.7823847240416721 0.7776053318897014 0.7775655096153844 0.7115588028846154 0.5553256004775583 0.7277749733987603 0.560144814903846 0.7938215024038462
0 0.992842451923077 0.4726578293269231 0.9910139348905791 0.4106517547562057 0.8126850360576923 0.41591055288461537 0.8145135530901902 0.4779166274553327
0 1.0110162882181983 0.3182368916558786 0.785213872596154 0.275016997596154 0.7703706454338465 0.3525654650737523 0.9961730610558907 0.3957853591334769
0 1.011400404186247 0.8159907399006369 1.0000000000000002 0.7503932211538463 0.8516196150445224 0.7761807264455173 0.8630200192307692 0.8417782451923078
0 0.989872202310224 0.25803440481326584 0.7689965504807692 0.19007654326923085 0.7484339304262781 0.25690887148947883 0.969309582255733 0.32486673303351377
0 0.9633309002314453 0.15016833304788912 0.7760026490384615 0.12229349519230776 0.7637576887108621 0.20458373185595718 0.951085939903846 0.23245856971153855
0 0.34855769230769246 0.8509615384615384 0.2692307692307694 0.8509615384615384 0.2692307692307694 0.9278846153846154 0.34855769230769246 0.9278846153846154
0 0.4759615384615386 0.7139423076923077 0.42307692307692324 0.7139423076923077 0.42307692307692324 0.7764423076923077 0.4759615384615386 0.7764423076923077
0 0.36538461538461553 0.7379807692307693 0.3076923076923078 0.7379807692307693 0.3076923076923078 0.8028846153846154 0.36538461538461553 0.8028846153846154
0 0.47355769230769246 0.6225961538461539 0.41586538461538475 0.6225961538461539 0.41586538461538475 0.6923076923076923 0.47355769230769246 0.6923076923076923
0 0.3557692307692309 0.6442307692307693 0.3028846153846155 0.6442307692307693 0.3028846153846155 0.7067307692307693 0.3557692307692309 0.7067307692307693
0 0.4663461538461539 0.5408653846153846 0.41346153846153844 0.5408653846153846 0.41346153846153855 0.6057692307692307 0.46634615384615397 0.6057692307692307
0 0.35096153846153855 0.5528846153846154 0.29807692307692313 0.5528846153846154 0.29807692307692313 0.6225961538461539 0.3509615384615386 0.6225961538461539
0 0.33413461538461536 0.37740384615384615 0.22596153846153852 0.37740384615384615 0.22596153846153852 0.43990384615384615 0.33413461538461536 0.43990384615384615
0 0.4519230769230769 0.4014423076923077 0.3942307692307692 0.4014423076923077 0.3942307692307692 0.46153846153846156 0.4519230769230769 0.46153846153846156