1 0.6923076923076923 0.33894230769230776 0.0024038461538461956 0.3389423076923077 0.002403846153846214 0.6322115384615384 0.6923076923076923 0.6322115384615384
0 0.7283653846153846 0.10817307692307701 0.6370192307692307 0.108173076923077 0.6370192307692307 0.2283653846153847 0.7283653846153846 0.2283653846153847
0 0.6394230769230769 0.09615384615384623 0.5697115384615384 0.09615384615384623 0.5697115384615384 0.24038461538461545 0.6394230769230769 0.24038461538461545
0 0.5745192307692307 0.08894230769230776 0.5072115384615384 0.08894230769230776 0.5072115384615384 0.24038461538461545 0.5745192307692307 0.24038461538461545
0 0.5096153846153846 0.0865384615384616 0.44471153846153844 0.0865384615384616 0.44471153846153844 0.23317307692307698 0.5096153846153846 0.23317307692307698
0 0.7644230769230769 0.3149038461538463 0.6274038461538461 0.3149038461538463 0.6274038461538461 0.6971153846153846 0.7644230769230769 0.6971153846153846
0 0.59375 0.3221153846153847 0.4855769230769231 0.32211538461538464 0.4855769230769231 0.4591346153846155 0.59375 0.45913461538461553
0 0.4735576923076923 0.3028846153846155 0.3798076923076923 0.3028846153846155 0.3798076923076923 0.4110576923076923 0.4735576923076923 0.4110576923076923
0 0.3557692307692308 0.2932692307692308 0.2475961538461539 0.2932692307692308 0.2475961538461539 0.4110576923076923 0.3557692307692308 0.4110576923076923
0 0.2355769230769231 0.27163461538461536 0.12500000000000003 0.27163461538461536 0.12500000000000003 0.35336538461538464 0.23557692307692316 0.35336538461538464
0 0.625 0.5697115384615385 0.5216346153846155 0.5697115384615384 0.5216346153846155 0.7764423076923077 0.625 0.7764423076923077
0 0.5312500000000001 0.5480769230769231 0.43990384615384615 0.5480769230769231 0.4399038461538462 0.7740384615384616 0.5312500000000001 0.7740384615384616
0 0.4567307692307694 0.5600961538461539 0.3822115384615386 0.5600961538461539 0.3822115384615386 0.6418269230769231 0.4567307692307694 0.6418269230769231
0 0.3774038461538462 0.5480769230769231 0.2788461538461539 0.5480769230769231 0.2788461538461539 0.8100961538461539 0.3774038461538463 0.8100961538461539
0 0.28125000000000006 0.5576923076923077 0.22355769230769237 0.5576923076923077 0.22355769230769237 0.6971153846153846 0.28125000000000006 0.6971153846153846
0 0.7548076923076923 0.8125 0.6754807692307693 0.8125 0.6754807692307693 0.9711538461538461 0.7548076923076923 0.9711538461538461
0 0.6778846153846154 0.8269230769230769 0.605769230769231 0.8269230769230769 0.605769230769231 0.8990384615384616 0.6778846153846154 0.8990384615384616
0 0.605769230769231 0.8221153846153846 0.5456730769230771 0.8221153846153846 0.5456730769230771 0.9663461538461539 0.605769230769231 0.9663461538461539
0 0.543269230769231 0.8221153846153846 0.4951923076923078 0.8221153846153846 0.4951923076923078 0.9759615384615384 0.543269230769231 0.9759615384615384
0 0.4951923076923078 0.8052884615384616 0.4447115384615386 0.8052884615384616 0.4447115384615386 0.9567307692307693 0.4951923076923078 0.9567307692307693
0 0.4447115384615386 0.8052884615384616 0.3990384615384617 0.8052884615384616 0.3990384615384617 0.9134615384615384 0.4447115384615386 0.9134615384615384
0 0.40384615384615397 0.8052884615384616 0.3389423076923078 0.8052884615384616 0.3389423076923078 0.9278846153846154 0.40384615384615397 0.9278846153846154
2 0.9647661322115385 0.07820344230769243 0.06540109565959304 0.024047453241750345 0.008953672668725786 0.9614661859996214 0.9083187092206711 1.0156221750655636