2 0.9494336874999999 9.38733857004717e-17 0.046493206730769225 3.858422722074116e-17 0.04649320673076929 0.9700031201923077 0.9494336874999999 0.9700031201923077
0 0.37259615384615385 0.04567307692307697 0.28125 0.045673076923076955 0.28125 0.19471153846153852 0.37259615384615385 0.19471153846153852
0 0.4423076923076923 0.043269230769230824 0.3701923076923077 0.043269230769230824 0.3701923076923077 0.19471153846153852 0.4423076923076923 0.19471153846153852
0 0.5144230769230769 0.04326923076923083 0.4375 0.043269230769230824 0.4375 0.19951923076923084 0.5144230769230769 0.19951923076923084
0 0.5745192307692307 0.036057692307692374 0.49759615384615385 0.03605769230769237 0.49759615384615385 0.19951923076923084 0.5745192307692307 0.19951923076923084
0 0.358173076923077 0.2884615384615385 0.21153846153846162 0.28846153846153844 0.21153846153846162 0.6682692307692307 0.35817307692307704 0.6682692307692307
0 0.5120192307692307 0.2908653846153847 0.3870192307692308 0.2908653846153847 0.3870192307692308 0.4423076923076923 0.5120192307692307 0.4423076923076923
0 0.6177884615384616 0.2740384615384616 0.5096153846153846 0.2740384615384616 0.5096153846153846 0.483173076923077 0.6177884615384616 0.48317307692307704
0 0.7548076923076923 0.26201923076923084 0.6370192307692307 0.26201923076923084 0.6370192307692307 0.48557692307692324 0.7548076923076923 0.48557692307692324
0 0.8557692307692307 0.24759615384615394 0.7596153846153846 0.2475961538461539 0.7596153846153846 0.33413461538461553 0.8557692307692307 0.33413461538461553
0 0.4302884615384616 0.5480769230769231 0.35096153846153844 0.5480769230769231 0.35096153846153855 0.7427884615384616 0.4302884615384617 0.7427884615384616
0 0.5312500000000001 0.53125 0.4326923076923077 0.53125 0.43269230769230776 0.7427884615384616 0.5312500000000001 0.7427884615384616
0 0.5817307692307693 0.5408653846153847 0.5192307692307693 0.5408653846153846 0.5192307692307693 0.6105769230769231 0.5817307692307694 0.6105769230769232
0 0.6706730769230769 0.5312500000000001 0.5841346153846154 0.5312500000000001 0.5841346153846154 0.7764423076923077 0.6706730769230769 0.7764423076923077
0 0.7307692307692307 0.528846153846154 0.6610576923076923 0.528846153846154 0.6610576923076923 0.6706730769230769 0.7307692307692307 0.6706730769230769
0 0.2764423076923078 0.7740384615384616 0.20432692307692316 0.7740384615384616 0.20432692307692318 0.9254807692307693 0.2764423076923078 0.9254807692307693
0 0.3437500000000001 0.7884615384615384 0.27644230769230776 0.7884615384615384 0.2764423076923078 0.8581730769230769 0.3437500000000001 0.8581730769230769
0 0.4014423076923078 0.7836538461538461 0.33413461538461553 0.7836538461538461 0.33413461538461553 0.9158653846153846 0.4014423076923078 0.9158653846153846
0 0.45432692307692324 0.7788461538461539 0.39182692307692324 0.7788461538461539 0.39182692307692324 0.9302884615384616 0.45432692307692324 0.9302884615384616
0 0.5024038461538463 0.7668269230769231 0.44230769230769246 0.7668269230769231 0.44230769230769246 0.9086538461538461 0.5024038461538463 0.9086538461538461
0 0.5384615384615385 0.7620192307692307 0.4951923076923078 0.7620192307692307 0.4951923076923078 0.875 0.5384615384615385 0.875
0 0.5961538461538463 0.7692307692307693 0.5336538461538463 0.7692307692307693 0.5336538461538463 0.8942307692307693 0.5961538461538463 0.8942307692307693