1 0.4615384615384616 0.34134615384615385 0.17307692307692316 0.34134615384615385 0.17307692307692318 1 0.4615384615384617 1
0 0.21875000000000006 0.28125 0.07211538461538465 0.28125 0.07211538461538466 0.375 0.21875000000000006 0.375
0 0.24038461538461545 0.38221153846153844 0.0649038461538462 0.38221153846153844 0.0649038461538462 0.43509615384615385 0.24038461538461545 0.43509615384615385
0 0.2475961538461539 0.44471153846153844 0.07451923076923082 0.44471153846153844 0.07451923076923082 0.5072115384615384 0.2475961538461539 0.5072115384615384
0 0.9432926189205696 0.21301422764707667 0.9298595384615385 0.16269841346153846 0.7863686527140458 0.20100693821830798 0.7998017331730769 0.25132275240384616
0 0.885696592477582 0.2838669108949152 0.870610983173077 0.23148148076923075 0.7998895349262642 0.2518473751627771 0.8149751442307693 0.3042328052884616
0 0.9388998677641938 0.34039389553667554 0.9305820817307692 0.2751322740384615 0.8077936123757147 0.2907820264047124 0.8161113984091392 0.3560436479029264
0 0.9553620843143652 0.3892180418955642 0.9508132956730768 0.34523809615384615 0.8133165286664037 0.3594592081044358 0.8178653173076922 0.40343915384615386
0 0.9396728174975769 0.43479760841508014 0.9349173413461538 0.3941798942307691 0.807329495002423 0.40911773533491974 0.812084971153846 0.4497354495192308
0 0.9035817915287736 0.476589864494229 0.8966225432692307 0.4404761899038462 0.8094609825096877 0.4572725681980788 0.8164202307692305 0.49338624278846166
0 0.9248017331730769 0.5291005288461539 0.9185296402282959 0.48684547759768537 0.8115932243629113 0.5027184944246085 0.8178653173076923 0.5449735456730769
2 0.9736522783052514 0.9245462219030034 0.9570920408653846 0.04070004086538462 0.014564707271671716 0.05835976127007349 0.031124944711538458 0.9422059423076923