2 1 0.007211538461538523 0.004807692307692308 0.007211538461538462 0.004807692307692369 0.9975961538461539 1 0.9975961538461539
0 0.9783653846153846 0.12259615384615397 0.8221153846153846 0.12259615384615395 0.8221153846153846 0.23317307692307704 0.9783653846153846 0.23317307692307707
0 0.7927509842460405 0.08476920695196499 0.5965257307692309 0.04410837980769235 0.5816498043215401 0.11589817462773332 0.7778750577983498 0.15655900177200596
0 0.8237645573330925 0.17050703453355648 0.43045995913461543 0.0714135697115385 0.408434708154494 0.15883237681971926 0.8017393063529711 0.2579258416417372
0 0.5965364617679836 0.19935746372576033 0.10706872115384616 0.06091157211538461 0.08312407150875042 0.14556654760982374 0.5725918121228879 0.2840124392201994
0 0.9680318451684873 0.30537887855739404 0.10051349278846154 0.19743751201923077 0.09172998175458967 0.2680300685579907 0.9592483341346154 0.37597143509615394
0 0.9726392765450035 0.37848834758936795 0.03605375240384619 0.2688510817307692 0.026183035562587942 0.3531725068777805 0.9627685597037452 0.46280977273637924
0 0.6601387863104485 0.42884162056408276 0.06336720192307697 0.3822726322115385 0.05732622128365798 0.4596865017194543 0.6540978056710295 0.5062554900719985
0 0.576923076923077 0.4975961538461539 0.09134615384615391 0.49759615384615385 0.09134615384615391 0.5841346153846154 0.5769230769230771 0.5841346153846155
0 0.9350961538461539 0.5985576923076924 0.12019230769230776 0.5985576923076923 0.12019230769230776 0.6850961538461539 0.9350961538461539 0.6850961538461539
0 0.9144542764423076 0.756143668269231 0.9075442265476489 0.6384299133526211 0.04880938760534131 0.6888394902756978 0.0557194375 0.8065532451923076
0 0.7832296812431856 0.8591788007844376 0.7694003983355915 0.7380614650409941 0.07138867863086734 0.8177610512757874 0.08521796153846153 0.9388783870192309