2 0.9876606824695988 0.9422046026275885 0.9760594051423417 0.03693142940049036 0.022499318826589225 0.04915151427290151 0.034100596153846155 0.9544246874999998
0 0.2283653846153847 0.2932692307692308 0.06490384615384619 0.2932692307692308 0.0649038461538462 0.36538461538461536 0.2283653846153847 0.36538461538461536
0 0.26201923076923084 0.37740384615384615 0.06730769230769236 0.37740384615384615 0.06730769230769236 0.4375 0.26201923076923084 0.4375
0 0.2475961538461539 0.44711538461538464 0.07211538461538466 0.44711538461538464 0.07211538461538468 0.5 0.2475961538461539 0.5
0 0.24519230769230776 0.5024038461538461 0.07211538461538468 0.5024038461538461 0.07211538461538468 0.5673076923076923 0.24519230769230776 0.5673076923076923
0 0.7067307692307693 0.23076923076923084 0.3317307692307692 0.23076923076923084 0.3317307692307692 0.3461538461538462 0.7067307692307693 0.3461538461538463
0 0.4951923076923077 0.3894230769230769 0.34375 0.3894230769230769 0.34375 0.49038461538461536 0.4951923076923077 0.49038461538461536
0 0.5408653846153847 0.5048076923076923 0.3317307692307692 0.5048076923076923 0.3317307692307693 0.6033653846153846 0.5408653846153848 0.6033653846153846
0 0.5456730769230771 0.6418269230769231 0.32211538461538475 0.6418269230769231 0.32211538461538475 0.7331730769230769 0.5456730769230771 0.7331730769230769
0 0.4086538461538463 0.7596153846153846 0.3125000000000001 0.7596153846153846 0.3125000000000001 0.8533653846153846 0.4086538461538463 0.8533653846153846
0 0.9567307692307693 0.21153846153846165 0.8076923076923077 0.21153846153846162 0.8076923076923077 0.2812500000000001 0.9567307692307693 0.2812500000000001
0 0.8870192307692307 0.2812500000000001 0.8269230769230769 0.28125000000000006 0.8269230769230769 0.33413461538461553 0.8870192307692307 0.33413461538461553
0 0.9591346153846154 0.3365384615384617 0.8269230769230769 0.3365384615384617 0.8269230769230769 0.3870192307692309 0.9591346153846154 0.3870192307692309
0 0.9639423076923077 0.3870192307692309 0.8341346153846154 0.3870192307692309 0.8341346153846154 0.4399038461538463 0.9639423076923077 0.4399038461538463
0 0.9447115384615384 0.4399038461538463 0.8221153846153846 0.4399038461538463 0.8221153846153846 0.47355769230769246 0.9447115384615384 0.47355769230769246
0 0.9278846153846154 0.47836538461538475 0.8221153846153846 0.47836538461538475 0.8221153846153846 0.5216346153846155 0.9278846153846154 0.5216346153846155
0 0.9375 0.5264423076923078 0.8197115384615384 0.5264423076923078 0.8197115384615384 0.5721153846153848 0.9375 0.5721153846153848
1 0.8197115384615384 0.35336538461538475 0.6153846153846154 0.35336538461538475 0.6153846153846154 0.9519230769230769 0.8197115384615384 0.9519230769230769