2 0.9205070734623556 0.8973304817789548 0.8434459060483365 -0.04816939104419652 -0.07706116741401915 0.026854785830694863 1.708035422500241e-17 0.9723546586538462
0 0.39663461538461536 0.012019230769230812 0.32211538461538464 0.012019230769230808 0.32211538461538464 0.12500000000000003 0.39663461538461536 0.12500000000000003
0 0.44711538461538464 0.009615384615384666 0.3918269230769231 0.009615384615384663 0.3918269230769231 0.12980769230769235 0.44711538461538464 0.12980769230769237
0 0.5024038461538461 5.799409120962225e-17 0.44471153846153844 5.4461456212081815e-17 0.44471153846153844 0.1346153846153847 0.5024038461538461 0.1346153846153847
0 0.5480769230769231 0.0024038461538462177 0.49759615384615385 0.0024038461538462147 0.49759615384615385 0.12740384615384623 0.5480769230769231 0.12740384615384623
0 0.3533653846153847 0.20192307692307696 0.24519230769230768 0.20192307692307693 0.24519230769230774 0.5721153846153846 0.35336538461538475 0.5721153846153846
0 0.49278846153846156 0.20192307692307698 0.39903846153846156 0.20192307692307698 0.39903846153846156 0.34375 0.49278846153846156 0.34375
0 0.5961538461538461 0.18269230769230776 0.5096153846153846 0.18269230769230776 0.5096153846153846 0.38221153846153855 0.5961538461538461 0.3822115384615386
0 0.7091346153846154 0.16826923076923084 0.6177884615384616 0.16826923076923084 0.6177884615384616 0.3629807692307694 0.7091346153846154 0.3629807692307694
0 0.8076923076923077 0.1538461538461539 0.7235576923076923 0.1538461538461539 0.7235576923076923 0.2379807692307693 0.8076923076923077 0.2379807692307693
0 0.2451923076923078 0.6971153846153846 0.14663461538461545 0.6971153846153846 0.14663461538461547 0.9110576923076923 0.24519230769230782 0.9110576923076923
0 0.3125000000000001 0.7283653846153846 0.24519230769230776 0.7283653846153846 0.24519230769230776 0.8076923076923077 0.3125000000000001 0.8076923076923077
0 0.37259615384615397 0.7019230769230769 0.3052884615384616 0.7019230769230769 0.3052884615384616 0.8990384615384616 0.37259615384615397 0.8990384615384616
0 0.4376849879807694 0.706823889423077 0.3867277043348141 0.6978975835860418 0.35061775215292335 0.9040371792225789 0.40157503579887854 0.912963485059614
0 0.49059278125000017 0.6952370192307692 0.4407350470117938 0.684872739470943 0.40099421828279713 0.8760474012025382 0.4508519525210036 0.8864116809623643
0 0.5306142812500002 0.6992381370192309 0.4898061396052548 0.6873704252969082 0.452824821779209 0.8145338491620143 0.49363296342395435 0.826401560884337
0 0.5813743605769232 0.6902492668269231 0.5293568513097943 0.6868246364647044 0.5189868629807693 0.8443368076923078 0.5710043722478982 0.8477614380545266
1 0.9038461538461539 0.3221153846153847 0.31971153846153844 0.32211538461538464 0.31971153846153855 0.6466346153846154 0.9038461538461539 0.6466346153846154