0 0.3990384615384617 0.78125 0.3197115384615386 0.78125 0.3197115384615386 0.9110576923076923 0.3990384615384617 0.9110576923076923
0 0.47355769230769246 0.7451923076923077 0.4086538461538463 0.7451923076923077 0.4086538461538463 0.9038461538461539 0.47355769230769246 0.9038461538461539
0 0.5408653846153848 0.7379807692307693 0.4807692307692309 0.7379807692307693 0.4807692307692309 0.9014423076923077 0.5408653846153848 0.9014423076923077
0 0.6105769230769232 0.7403846153846154 0.543269230769231 0.7403846153846154 0.543269230769231 0.9038461538461539 0.6105769230769232 0.9038461538461539
0 0.3990384615384616 0.29807692307692313 0.2716346153846155 0.2980769230769231 0.2716346153846155 0.6730769230769231 0.3990384615384617 0.6730769230769231
0 0.545673076923077 0.49038461538461536 0.4423076923076923 0.49038461538461536 0.4423076923076924 0.6514423076923077 0.5456730769230771 0.6514423076923077
0 0.6730769230769231 0.44711538461538475 0.5649038461538461 0.44711538461538475 0.5649038461538463 0.6514423076923077 0.6730769230769231 0.6514423076923077
0 0.8004807692307693 0.4326923076923078 0.6971153846153846 0.4326923076923078 0.6971153846153846 0.65625 0.8004807692307693 0.65625
0 0.9206730769230769 0.5649038461538463 0.8173076923076923 0.5649038461538463 0.8173076923076923 0.65625 0.9206730769230769 0.65625
0 0.49038461538461536 0.19230769230769237 0.40625 0.19230769230769237 0.40625 0.39903846153846156 0.49038461538461536 0.39903846153846156
0 0.5793269230769231 0.19230769230769237 0.49759615384615385 0.19230769230769237 0.49759615384615385 0.4086538461538462 0.5793269230769231 0.4086538461538463
0 0.6370192307692307 0.3149038461538463 0.5793269230769231 0.3149038461538463 0.5793269230769231 0.37980769230769246 0.6370192307692307 0.37980769230769246
0 0.7211538461538461 0.13701923076923087 0.6490384615384616 0.13701923076923084 0.6490384615384616 0.3870192307692309 0.7211538461538461 0.3870192307692309
0 0.7956730769230769 0.24519230769230776 0.7259615384615384 0.24519230769230776 0.7259615384615384 0.37980769230769246 0.7956730769230769 0.37980769230769246
0 0.3269230769230769 0.02644230769230773 0.25721153846153844 0.026442307692307727 0.25721153846153844 0.18028846153846156 0.3269230769230769 0.18028846153846162
0 0.3918269230769231 0.08413461538461542 0.3293269230769231 0.08413461538461542 0.3293269230769231 0.16105769230769237 0.3918269230769231 0.16105769230769237
0 0.4567307692307692 0.026442307692307748 0.4014423076923077 0.026442307692307744 0.4014423076923077 0.16105769230769237 0.4567307692307692 0.16105769230769237
0 0.5096153846153846 0.004807692307692366 0.4567307692307692 0.0048076923076923635 0.4567307692307692 0.15865384615384623 0.5096153846153846 0.15865384615384623
0 0.5552884615384616 0.016826923076923142 0.5072115384615384 0.016826923076923142 0.5072115384615384 0.17788461538461545 0.5552884615384616 0.17788461538461545
0 0.5961538461538461 0.04807692307692314 0.5552884615384616 0.04807692307692314 0.5552884615384616 0.14903846153846162 0.5961538461538461 0.14903846153846162
0 0.6610576923076923 0.028846153846153924 0.5985576923076923 0.028846153846153924 0.5985576923076923 0.14663461538461545 0.6610576923076923 0.14663461538461545
2 0.991106782591638 0.9321691337585875 0.950748386941553 -0.025323896072183275 0.02676875338837653 0.013621907669229251 0.06712714903846154 0.9711149375