0 0.3365384615384617 0.8341346153846154 0.2692307692307693 0.8341346153846154 0.26923076923076933 0.9375 0.3365384615384617 0.9375
0 0.3990384615384617 0.8221153846153846 0.3461538461538463 0.8221153846153846 0.3461538461538463 0.9399038461538461 0.3990384615384617 0.9399038461538461
0 0.45913461538461553 0.8149038461538461 0.40384615384615397 0.8149038461538461 0.40384615384615397 0.9399038461538461 0.45913461538461553 0.9399038461538461
0 0.5192307692307694 0.8197115384615384 0.4639423076923078 0.8197115384615384 0.4639423076923078 0.9471153846153846 0.5192307692307694 0.9471153846153846
0 0.326923076923077 0.37259615384615385 0.22355769230769237 0.37259615384615385 0.22355769230769237 0.7355769230769231 0.32692307692307704 0.7355769230769231
0 0.47836538461538475 0.6009615384615384 0.3774038461538463 0.6009615384615384 0.3774038461538463 0.7331730769230769 0.47836538461538475 0.7331730769230769
0 0.5673076923076924 0.6466346153846154 0.49038461538461553 0.6466346153846154 0.49038461538461553 0.7451923076923077 0.5673076923076924 0.7451923076923077
0 0.8100961538461539 0.7043269230769231 0.7067307692307693 0.7043269230769231 0.7067307692307693 0.7740384615384616 0.8100961538461539 0.7740384615384616
0 0.4206730769230769 0.2836538461538462 0.35336538461538464 0.2836538461538462 0.35336538461538464 0.4879807692307692 0.4206730769230769 0.4879807692307692
0 0.5216346153846154 0.28846153846153855 0.4375 0.28846153846153855 0.4375 0.5072115384615384 0.5216346153846154 0.5072115384615384
0 0.6201923076923077 0.10576923076923084 0.5552884615384616 0.10576923076923084 0.5552884615384616 0.25000000000000006 0.6201923076923077 0.25000000000000006
0 0.5480769230769231 0.14182692307692316 0.5024038461538461 0.14182692307692316 0.5024038461538461 0.2475961538461539 0.5480769230769231 0.2475961538461539
0 0.5072115384615384 0.08894230769230776 0.4543269230769231 0.08894230769230776 0.4543269230769231 0.25000000000000006 0.5072115384615384 0.25000000000000006
0 0.4543269230769231 0.0649038461538462 0.40625 0.0649038461538462 0.40625 0.24278846153846162 0.4543269230769231 0.24278846153846162
0 0.40865384615384615 0.08653846153846158 0.3485576923076923 0.08653846153846158 0.3485576923076923 0.24278846153846162 0.40865384615384615 0.24278846153846162
0 0.3485576923076923 0.16105769230769237 0.28365384615384615 0.16105769230769237 0.28365384615384615 0.23557692307692316 0.3485576923076923 0.23557692307692316
0 0.27884615384615385 0.08413461538461542 0.20673076923076922 0.08413461538461542 0.20673076923076922 0.2548076923076923 0.27884615384615385 0.2548076923076923
1 0.9831730769230769 0.4278846153846155 0.31009615384615385 0.42788461538461536 0.3100961538461539 0.7115384615384616 0.9831730769230769 0.7115384615384616
2 0.951059314903846 0.06861041826923084 0.060078067307692315 0.04113941105769232 0.03121639847784889 0.9772246992199694 0.9221976460740026 1.0046957064315079
0 0.6802884615384616 0.6802884615384616 0.5937500000000001 0.6802884615384616 0.5937500000000001 0.7596153846153846 0.6802884615384616 0.7596153846153846