1 0.6105769230769231 0.358173076923077 0.35096153846153844 0.3581730769230769 0.35096153846153855 1 0.6105769230769232 1
0 0.22355769230769237 0.2860576923076923 0.06971153846153849 0.2860576923076923 0.0697115384615385 0.36538461538461536 0.22355769230769237 0.36538461538461536
0 0.2283653846153847 0.37740384615384615 0.06730769230769236 0.37740384615384615 0.06730769230769236 0.43509615384615385 0.2283653846153847 0.43509615384615385
0 0.2379807692307693 0.4423076923076923 0.06730769230769236 0.4423076923076923 0.06730769230769237 0.49759615384615385 0.2379807692307693 0.49759615384615385
0 0.23076923076923084 0.5048076923076923 0.06490384615384623 0.5048076923076923 0.06490384615384623 0.5552884615384616 0.23076923076923084 0.5552884615384616
0 0.6971153846153846 0.2475961538461539 0.31971153846153844 0.2475961538461539 0.31971153846153844 0.3725961538461539 0.6971153846153846 0.37259615384615397
0 0.46875 0.4014423076923077 0.3293269230769231 0.4014423076923077 0.3293269230769231 0.5096153846153846 0.46875 0.5096153846153846
0 0.4254807692307693 0.53125 0.31490384615384615 0.53125 0.3149038461538462 0.5985576923076923 0.4254807692307694 0.5985576923076923
0 0.9399038461538461 0.24038461538461547 0.8028846153846154 0.24038461538461545 0.8028846153846154 0.3052884615384616 0.9399038461538461 0.3052884615384617
0 0.8798076923076923 0.3125000000000001 0.8197115384615384 0.3125000000000001 0.8197115384615384 0.37259615384615397 0.8798076923076923 0.37259615384615397
0 0.9423076923076923 0.3750000000000001 0.8100961538461539 0.3750000000000001 0.8100961538461539 0.4254807692307694 0.9423076923076923 0.4254807692307694
0 0.9591346153846154 0.4326923076923078 0.8149038461538461 0.4326923076923078 0.8149038461538461 0.4759615384615386 0.9591346153846154 0.4759615384615386
0 0.9375 0.4807692307692309 0.7980769230769231 0.4807692307692309 0.7980769230769231 0.5144230769230771 0.9375 0.5144230769230771
0 0.9086538461538461 0.5240384615384617 0.8100961538461539 0.5240384615384617 0.8100961538461539 0.560096153846154 0.9086538461538461 0.560096153846154
0 0.9254807692307693 0.5673076923076924 0.8076923076923077 0.5673076923076924 0.8076923076923077 0.6177884615384616 0.9254807692307693 0.6177884615384616
2 0.9747497716346154 0.0522403052884616 0.031847134615384624 0.05224030528846154 0.03184713461538467 0.9322885264423076 0.9747497716346154 0.9322885264423076