2 0.964063153846154 0.06792885576923083 0.03882189115177607 0.012476267272681725 -0.02029059624095901 0.9987839214169687 0.9049506664534188 1.0542365099135176
0 0.6009615384615385 0.8605769230769231 0.5192307692307694 0.8605769230769231 0.5192307692307694 1 0.6009615384615385 1
0 0.528846153846154 0.8413461538461539 0.4567307692307694 0.8413461538461539 0.4567307692307694 0.9663461538461539 0.528846153846154 0.9663461538461539
0 0.4615384615384617 0.8269230769230769 0.4014423076923078 0.8269230769230769 0.4014423076923078 0.9206730769230769 0.4615384615384617 0.9206730769230769
0 0.4014423076923078 0.8221153846153846 0.33413461538461553 0.8221153846153846 0.33413461538461553 0.9399038461538461 0.4014423076923078 0.9399038461538461
0 0.8311216466346154 0.099505983173077 0.7652138058800968 0.08141890940065212 0.7192983357738445 0.24873118611317327 0.785206176528363 0.26681825988559815
0 0.7411061490384616 0.1550127932692308 0.6742736355034409 0.13769271926858562 0.6547754505133737 0.2129298523321317 0.7216079640483942 0.23024992633277688
0 0.6952607692307692 0.08830474278846162 0.6427536325588015 0.0726504259171341 0.5981808011631254 0.22215498553391338 0.6506879378350932 0.23780930240524092
0 0.6375307067307693 0.06246719471153851 0.590583408050364 0.05106384587141402 0.5503236144732596 0.2168123974920755 0.5972709131536649 0.22821574633219996
0 0.5848490360576923 0.07950717307692315 0.5374714798231712 0.0686986254705201 0.5028012980769231 0.22066987500000004 0.5501788543114442 0.23147842260640314
0 0.526720403846154 0.11091370192307701 0.4916572994560316 0.1037195353335281 0.46874644039681657 0.21538303837606904 0.503809544786939 0.22257720496561792
0 0.47596153846153844 0.08653846153846159 0.4110576923076923 0.08653846153846158 0.4110576923076923 0.2163461538461539 0.47596153846153844 0.2163461538461539
1 0.543269230769231 0.8653846153846154 1.0597904992621326e-16 0.8653846153846154 1.1422186492047429e-16 1 0.543269230769231 1