2 0.9767780889423077 0.05221386778846166 2.2793301418441132e-18 -4.2640007996325656e-17 -0.05329992178369909 0.9970951769284746 0.9234781671586085 1.0493090447169364
0 0.7559549423628164 0.04609545283679031 0.5789857331730769 0.037593985576923145 0.5748791706179528 0.12307747985551752 0.7518483798076924 0.1315789471153847
0 0.798656533093343 0.13636328537845144 0.4217432043269232 0.07518796875000004 0.4092993130605035 0.15185726510231795 0.7862126418269232 0.21303258173076933
0 0.8497344591346153 0.10651629086538472 0.8007914182692308 0.10651629086538472 0.8007914182692308 0.19214703365384625 0.8497344591346153 0.19214703365384628
0 0.5676338341685279 0.18062727671192447 0.10517546634615385 0.06683375240384617 0.08548624200821231 0.1468510170626103 0.5479446098305863 0.2606445413706886
0 0.9246100982907224 0.28692680356605865 0.10517546634615386 0.19632414182692315 0.09631586028970274 0.27645278141308255 0.9157504922342713 0.367055443152218
0 0.9423908000759371 0.35134034862510666 0.04894303846153848 0.2715121129807692 0.041200511546115745 0.3581674584984099 0.9346482731605145 0.4379956941427473
0 0.6383421850961538 0.41562238942307694 0.07081120432692312 0.3801169591346154 0.06587756511276245 0.45897794122174357 0.6334085458819931 0.49448337151020516
0 0.5718295637122922 0.5698772483080329 0.5654155437866357 0.45501600680372667 0.11125754257434359 0.4803768546495401 0.1176715625 0.5952380961538462
0 0.6104350537609774 0.6779579298444068 0.6041870057586735 0.5777073024359101 0.12183692548076926 0.6077694230769232 0.12808497348307316 0.7080200504854198
0 0.8961464250127913 0.6494806507104288 0.8934693953069884 0.5764030073672259 0.6637813693326584 0.5848170946375665 0.6664583990384614 0.6578947379807693
0 0.8665099201668869 0.7172859945858933 0.8532376497123635 0.6220462308462645 0.08044844108393813 0.7297393516449867 0.09372071153846157 0.8249791153846154
0 0.7685098413461537 0.8124477860576924 0.7424829278711124 0.6969176154817901 0.07498318748649704 0.8472935553856362 0.1010101009615385 0.9628237259615386