1 0.7043269230769231 0.07211538461538466 0.024038461538461547 0.07211538461538461 0.024038461538461564 0.33894230769230776 0.7043269230769231 0.3389423076923078
0 0.7259615384615384 0.06730769230769239 0.65625 0.06730769230769239 0.65625 0.17307692307692316 0.7259615384615384 0.17307692307692316
0 0.6514423076923077 0.048076923076923156 0.5913461538461539 0.04807692307692314 0.5913461538461539 0.15865384615384623 0.6514423076923077 0.15865384615384623
0 0.59375 0.06730769230769237 0.53125 0.06730769230769237 0.53125 0.1538461538461539 0.59375 0.1538461538461539
0 0.5360576923076923 0.05048076923076929 0.47596153846153844 0.05048076923076928 0.47596153846153844 0.12980769230769237 0.5360576923076923 0.12980769230769237
0 0.7596153846153846 0.2740384615384616 0.6201923076923077 0.2740384615384616 0.6201923076923077 0.6514423076923077 0.7596153846153846 0.6514423076923077
0 0.6153846153846154 0.2836538461538462 0.5144230769230769 0.2836538461538462 0.5144230769230769 0.3677884615384616 0.6153846153846154 0.3677884615384617
0 0.7524038461538461 0.7692307692307693 0.6634615384615384 0.7692307692307693 0.6634615384615384 0.9447115384615384 0.7524038461538461 0.9447115384615384
0 0.6658653846153846 0.7860576923076923 0.5889423076923078 0.7860576923076923 0.5889423076923078 0.8629807692307693 0.6658653846153846 0.8629807692307693
0 0.591346153846154 0.7908653846153846 0.528846153846154 0.7908653846153846 0.528846153846154 0.9375 0.591346153846154 0.9375
0 0.5336538461538463 0.7908653846153846 0.4687500000000001 0.7908653846153846 0.4687500000000001 0.9591346153846154 0.5336538461538463 0.9591346153846154
0 0.47836538461538475 0.7788461538461539 0.42788461538461553 0.7788461538461539 0.42788461538461553 0.9375 0.47836538461538475 0.9375
0 0.4375000000000001 0.78125 0.3822115384615386 0.78125 0.3822115384615386 0.8918269230769231 0.4375000000000001 0.8918269230769231
0 0.38461538461538475 0.78125 0.32211538461538475 0.78125 0.32211538461538475 0.9278846153846154 0.38461538461538475 0.9278846153846154
2 0.94878778125 0.041186341346153926 0.024344620406455783 0.012472224765136541 -0.005500065625766104 0.9733137610932912 0.9189430952177781 1.0020278776743086