0 0.7067218919576898 0.06487144942883163 0.5304783942307691 0.02715121153846158 0.5153074277538484 0.09803581739809152 0.691550925480769 0.13575605528846157
0 0.8925104365449474 0.15946512799413348 0.7388117283653846 0.10651629086538471 0.7106437443203624 0.18828168921049393 0.8643424524999254 0.24123052633924272
0 0.7446236471796718 0.14343872726222948 0.3915895072115384 0.07936507932692313 0.375168021089559 0.16984447946853987 0.7282021610576923 0.2339181274038462
0 0.5310728903179897 0.1820854725427009 0.10609567788461538 0.06892230528846156 0.08513133525742544 0.1476525857001525 0.5101085476907997 0.26081575295439186
0 0.8647412272704945 0.2852424116268507 0.10030864182692309 0.18588137019230766 0.09022824632050856 0.2634347320332122 0.85466083176408 0.36279577346775527
0 0.8752685474317675 0.34934613836378137 0.038580247596153874 0.26106934134615384 0.028565995214649795 0.35598451817945337 0.8652542950502634 0.44426131519708084
0 0.6004067004784681 0.4120285139482097 0.06365740625000006 0.37385129567307696 0.05744962527994754 0.46112905463360754 0.5941989195084155 0.49930627290874036
0 0.5381944447115384 0.4845446947115385 0.09355709855769237 0.4845446947115385 0.09355709855769237 0.5952380961538462 0.5381944447115385 0.5952380961538462
0 0.8394443978860294 0.6470313105004419 0.8335824073210412 0.5618704650132302 0.09926918251193481 0.6124164309550959 0.10513117307692309 0.6975772764423076
0 0.82135458274157 0.7131489409594565 0.8058639811148753 0.6135181636645934 0.059740879142536264 0.7295254462628293 0.07523148076923078 0.8291562235576924
0 0.711558464452754 0.7985781809699447 0.6952059707536609 0.7190999228296264 0.06948855678167609 0.8478400375327587 0.08584105048076925 0.927318295673077
2 0.9095293221153846 0.020885548076923124 0.003858024038461539 0.004177108173076923 -0.014508655688069331 0.9997323344549348 0.8911626423888538 1.016440774358781