0 0.6005030698768057 0.1685364851127464 0.5964694777045447 0.07229515654500523 0.38907156648158503 0.08098745748995118 0.3931051586538461 0.17722878605769235
0 0.6696428557692309 0.2121374879807692 0.6642358931863337 0.14913712550830643 0.25536567412361627 0.1842281295751381 0.2607726367065134 0.24722849204760086
0 0.9381237371874295 0.20094126609497284 0.9188988100961539 0.0698174014423077 0.6776996762741091 0.10518118342425792 0.6969246033653846 0.23630504807692307
0 0.40895061778846153 0.23809523798076926 0.07619632451923081 0.23393020432692305 0.07533422313011548 0.30280550337680845 0.40808851639934624 0.3069705370306547
0 0.9041257139125695 0.37174110434278734 0.903742283653846 0.2965747716346154 0.07805060027780054 0.30078669956000603 0.07843403053652409 0.37595303226817806
0 0.9384645072115384 0.36967418509615396 0.0540123461538462 0.3696741850961539 0.0540123461538462 0.45112781971153854 0.9384645072115384 0.4511278197115386
0 0.5025077163461538 0.4511278197115385 0.07040894951923082 0.4511278197115385 0.07040894951923084 0.5346700072115385 0.5025077163461538 0.5346700072115385
0 0.43689174860352537 0.5327962384069034 0.09452160576923084 0.52840434375 0.09355741833820488 0.6035675738061912 0.4359275611724994 0.6079594684630946
0 0.8780258235270885 0.6767967194098004 0.10706018509615395 0.6140350889423076 0.1009479408959887 0.6891180690517383 0.8719135793269233 0.7518796995192308
0 0.838581344681722 0.7540044330261961 0.10127314903846162 0.6913116129807692 0.09506063127981662 0.764374848223804 0.8323688269230769 0.8270676682692308
0 0.666891006058611 0.8147381617590673 0.1060956778846155 0.7664995817307692 0.09892689297985081 0.8498399512217019 0.6597222211538463 0.8980785312500001
2 1 1.2246467991473532e-16 2.6856289403339144e-18 6.123233995736766e-17 6.391796889770157e-17 1 1 1