0 0.17788461538461545 0.6153846153846154 0.03846153846153853 0.6153846153846154 0.03846153846153854 0.7067307692307693 0.17788461538461545 0.7067307692307693
0 0.19471153846153852 0.5480769230769231 0.03365384615384622 0.5480769230769231 0.03365384615384623 0.6105769230769231 0.19471153846153852 0.6105769230769231
0 0.2067307692307693 0.4831730769230769 0.045673076923076976 0.4831730769230769 0.04567307692307698 0.5432692307692307 0.2067307692307693 0.5432692307692307
0 0.20192307692307698 0.41586538461538464 0.043269230769230824 0.41586538461538464 0.043269230769230824 0.4831730769230769 0.20192307692307698 0.4831730769230769
0 0.6706730769230769 0.6274038461538461 0.2692307692307693 0.6274038461538461 0.2692307692307693 0.7620192307692307 0.6706730769230769 0.7620192307692307
0 0.46394230769230776 0.49038461538461536 0.3004807692307693 0.49038461538461536 0.3004807692307693 0.5985576923076923 0.4639423076923078 0.5985576923076923
0 0.5 0.3701923076923077 0.29326923076923084 0.3701923076923077 0.29326923076923084 0.4831730769230769 0.5 0.4831730769230769
0 0.5264423076923077 0.2379807692307693 0.2860576923076923 0.2379807692307693 0.28605769230769235 0.34375 0.5264423076923077 0.34375
0 0.3701923076923077 0.11538461538461542 0.28125 0.11538461538461542 0.28125 0.22355769230769237 0.3701923076923077 0.22355769230769237
0 0.9110576923076923 0.3701923076923078 0.7884615384615384 0.3701923076923078 0.7884615384615384 0.44711538461538475 0.9110576923076923 0.44711538461538475
0 0.8846153846153846 0.44711538461538475 0.78125 0.44711538461538475 0.78125 0.4927884615384617 0.8846153846153846 0.4927884615384617
0 0.9206730769230769 0.48557692307692324 0.7740384615384616 0.48557692307692324 0.7740384615384616 0.5384615384615385 0.9206730769230769 0.5384615384615385
0 0.9326923076923077 0.5312500000000001 0.7860576923076923 0.5312500000000001 0.7860576923076923 0.5889423076923078 0.9326923076923077 0.5889423076923078
0 0.9134615384615384 0.5841346153846155 0.78125 0.5841346153846155 0.78125 0.6394230769230769 0.9134615384615384 0.6394230769230769
0 0.8509615384615384 0.6394230769230769 0.7836538461538461 0.6394230769230769 0.7836538461538461 0.6995192307692307 0.8509615384615384 0.6995192307692307
0 0.90625 0.7019230769230769 0.7524038461538461 0.7019230769230769 0.7524038461538461 0.7788461538461539 0.90625 0.7788461538461539
1 0.8052884615384616 0.028846153846153934 0.5985576923076923 0.028846153846153924 0.5985576923076924 0.6418269230769231 0.8052884615384616 0.6418269230769231
2 0.9660486142721122 0.06495986131862176 0.0176754319877721 0.02739173495603013 -0.01858734437850896 0.9428125437829465 0.929785837905831 0.9803806701455382