0 0.7163461538461539 0.08894230769230778 0.6225961538461539 0.08894230769230776 0.6225961538461539 0.22355769230769237 0.7163461538461539 0.22355769230769237
0 0.6177884615384616 0.08413461538461545 0.5552884615384616 0.08413461538461545 0.5552884615384616 0.2475961538461539 0.6177884615384616 0.2475961538461539
0 0.5528846153846154 0.06971153846153853 0.49038461538461536 0.06971153846153853 0.49038461538461536 0.2475961538461539 0.5528846153846154 0.2475961538461539
0 0.49759615384615385 0.076923076923077 0.43990384615384615 0.076923076923077 0.43990384615384615 0.2475961538461539 0.49759615384615385 0.2475961538461539
0 0.7596153846153846 0.33413461538461553 0.6466346153846154 0.33413461538461553 0.6466346153846154 0.7259615384615384 0.7596153846153846 0.7259615384615384
0 0.6009615384615384 0.3485576923076924 0.5024038461538461 0.3485576923076923 0.5024038461538461 0.5096153846153847 0.6009615384615384 0.5096153846153848
0 0.4807692307692308 0.3389423076923077 0.38461538461538464 0.3389423076923077 0.38461538461538464 0.5576923076923077 0.4807692307692308 0.5576923076923077
0 0.34615384615384615 0.31971153846153844 0.24519230769230776 0.31971153846153844 0.24519230769230776 0.5576923076923077 0.34615384615384615 0.5576923076923077
0 0.2283653846153847 0.3125 0.12980769230769235 0.3125 0.12980769230769235 0.41346153846153844 0.2283653846153847 0.41346153846153844
0 0.7788461538461539 0.8197115384615384 0.7019230769230769 0.8197115384615384 0.7019230769230769 0.9615384615384616 0.7788461538461539 0.9615384615384616
0 0.7019230769230769 0.8365384615384616 0.6466346153846154 0.8365384615384616 0.6466346153846154 0.9038461538461539 0.7019230769230769 0.9038461538461539
0 0.6490384615384616 0.8173076923076923 0.5937500000000001 0.8173076923076923 0.5937500000000001 0.9615384615384616 0.6490384615384616 0.9615384615384616
0 0.591346153846154 0.8245192307692307 0.5408653846153848 0.8245192307692307 0.5408653846153848 0.9711538461538461 0.591346153846154 0.9711538461538461
0 0.5408653846153848 0.8221153846153846 0.49759615384615397 0.8221153846153846 0.49759615384615397 0.9519230769230769 0.5408653846153848 0.9519230769230769
0 0.49759615384615397 0.8293269230769231 0.4639423076923078 0.8293269230769231 0.4639423076923078 0.9254807692307693 0.49759615384615397 0.9254807692307693
0 0.45913461538461553 0.8245192307692307 0.41586538461538475 0.8245192307692307 0.41586538461538475 0.9519230769230769 0.45913461538461553 0.9519230769230769
1 0.6346153846153846 0.6033653846153847 7.389094869855424e-17 0.6033653846153846 8.728552306422841e-17 0.8221153846153846 0.6346153846153846 0.8221153846153846
1 0.9477845216346156 0.046948038461538506 0.042264574519230776 0.031142129807692313 0.025775109790185487 0.9758229802675464 0.9312950569055702 0.9916288889213927