0 0.9686716778846154 0.49843564903846155 0.921698628299586 0.2954780873879853 0.8593753776249595 0.3099023498812502 0.9063484272099889 0.5128599115317264
0 0.8966346153846154 0.11778846153846165 0.78125 0.11778846153846165 0.78125 0.26442307692307704 0.8966346153846154 0.26442307692307704
0 0.9208827177374163 0.6557868459073812 0.8482661600291367 0.2598927085789142 0.7848788653846154 0.27151947115384617 0.857495423092895 0.6674136084823132
0 0.9540517980769232 0.9715697692307693 0.8222830145484844 0.4761515619738826 0.7216815470951351 0.5029090222232795 0.8534503306235739 0.9983272294801663
0 0.8162071850961539 0.9516816586538462 0.7041682414958663 0.11804771013490764 0.6233595267822587 0.128908259955719 0.7353984703825461 0.9625422084746577
0 0.7408265841346153 1.0000000000000002 0.6351613019122251 0.0927201553360999 0.543127746540472 0.10343873534146615 0.6487930287628624 1.0107185800053664
0 0.630325814903846 0.9785155144230769 0.5793822484002092 0.39243617361188315 0.49074443078798125 0.40014080716886163 0.541687997291618 0.9862201479800554
0 0.5154553052884615 0.9278428365384616 0.5068357202873637 0.4781614569138316 0.41312225695498356 0.47995777581770754 0.4217418419560814 0.9296391554423374
0 0.40271259790095626 0.1264744305424355 0.31085908027206616 0.12573372018617782 0.304511278846154 0.9129076610576922 0.3963647964750441 0.91364837141395
0 0.3403162484499021 0.15459414859007128 0.27318295673076926 0.14880884615384618 0.20641644866548267 0.9235748177560826 0.27354974038461555 0.9293601201923078
0 0.25020885576923074 0.2572347932692308 0.1645781129807693 0.24654925480769235 0.08146609058070889 0.9125844048738467 0.16709683336917036 0.9232699433353854
2 0.9910090072115385 0.06219341346153852 6.484785189668852e-17 0.06219341346153846 1.2227194361787014e-16 1 0.9910090072115385 1