2 0.9832560456730769 0.06625011057692319 1.3433040639389898e-17 0.06625011057692314 7.060873130369819e-17 1 0.9832560456730769 1
0 0.8149038461538461 0.7620192307692307 0.45192307692307704 0.7620192307692307 0.45192307692307704 0.8798076923076923 0.8149038461538461 0.8798076923076923
0 0.8736167572115385 0.7261251490384615 0.48812475620968765 0.6795029820340152 0.4802485441553216 0.7446268692369178 0.8657405451571726 0.7912490362413641
0 0.8335876490384616 0.6544935841346156 0.4867170413315277 0.6314302759345701 0.4822749740238353 0.6982386701653392 0.8291455817307691 0.7213019783653848
0 0.7834495504807694 0.5861608557692308 0.5139204255062246 0.5837030962642064 0.5133660183264073 0.6445019180164168 0.7828951433009519 0.6469596775214413
0 0.8520340703554281 0.5462204336727529 0.8493844952825085 0.49984972891212015 0.4836459585809265 0.5207476582201366 0.4862955336538462 0.5671183629807692
0 0.8899392352943957 0.5031598555108225 0.8877015060589143 0.45243508399930804 0.5134614366299034 0.46894472848848545 0.5156991658653847 0.5196695
0 0.7878651512866612 0.4487097178503383 0.7849283125 0.3928697500000001 0.5177410794825696 0.40692215474581556 0.5206779182692307 0.46276212259615374
0 0.8320840270865871 0.38912836921541505 0.8289479206730769 0.3226776201923077 0.5199020642595669 0.33726286876535416 0.523038170673077 0.40371361778846154
0 0.8718704192454858 0.3184270438898012 0.8653053605769231 0.2598877812499999 0.5120512394083604 0.2995045089948142 0.5186162980769231 0.3580437716346154
0 0.9519878642785407 0.2346147269077892 0.9440088822115383 0.17810501923076924 0.5246733280291515 0.2373137995345185 0.5326523100961539 0.2938235072115385
0 0.6839025106451724 0.21622898661396248 0.6698630168269231 0.15264365384615386 0.5297086071432889 0.18358942203988377 0.5437481009615385 0.24717475480769238
1 0.4711538461538462 0.03605769230769234 0.0625 0.03605769230769232 0.06250000000000006 0.7788461538461539 0.4711538461538463 0.7788461538461539