0 0.25721153846153855 0.2980769230769231 0.02403846153846157 0.2980769230769231 0.024038461538461595 0.6081730769230769 0.25721153846153855 0.6081730769230769
0 0.25240384615384615 0.18269230769230768 0.10096153846153849 0.18269230769230768 0.10096153846153849 0.23798076923076922 0.25240384615384615 0.23798076923076922
0 0.24759615384615385 0.12740384615384617 0.10336538461538461 0.12740384615384615 0.10336538461538464 0.17548076923076922 0.24759615384615385 0.17548076923076922
0 0.5600961538461539 0.08894230769230774 0.3389423076923077 0.08894230769230772 0.3389423076923077 0.15625000000000006 0.5600961538461539 0.15625000000000006
0 0.5721153846153846 0.16346153846153852 0.31009615384615385 0.16346153846153852 0.31009615384615385 0.21875000000000006 0.5721153846153846 0.21875000000000006
0 0.5264423076923077 0.22115384615384623 0.2932692307692308 0.22115384615384623 0.2932692307692308 0.26682692307692313 0.5264423076923077 0.26682692307692313
0 0.5240384615384616 0.25721153846153855 0.2980769230769231 0.25721153846153855 0.29807692307692313 0.32211538461538464 0.5240384615384616 0.32211538461538464
0 0.5264423076923077 0.31971153846153844 0.2836538461538462 0.31971153846153844 0.2836538461538462 0.36538461538461536 0.5264423076923077 0.36538461538461536
0 0.5048076923076923 0.3629807692307692 0.2740384615384616 0.3629807692307692 0.2740384615384616 0.41346153846153844 0.5048076923076923 0.41346153846153844
0 0.5096153846153846 0.4110576923076923 0.27644230769230776 0.4110576923076923 0.27644230769230776 0.4639423076923077 0.5096153846153846 0.4639423076923077
0 0.5120192307692307 0.46634615384615385 0.27644230769230776 0.46634615384615385 0.27644230769230776 0.5216346153846154 0.5120192307692307 0.5216346153846154
0 0.8413461538461539 0.13942307692307704 0.7644230769230769 0.13942307692307704 0.7644230769230769 0.22836538461538472 0.8413461538461539 0.22836538461538475
0 0.6923076923076923 0.1850961538461539 0.6298076923076923 0.1850961538461539 0.6298076923076923 0.23317307692307698 0.6923076923076923 0.23317307692307698
0 0.6778846153846154 0.2596153846153847 0.6081730769230769 0.2596153846153847 0.6081730769230769 0.295673076923077 0.6778846153846154 0.295673076923077
0 0.8100961538461539 0.2475961538461539 0.7644230769230769 0.2475961538461539 0.7644230769230769 0.3028846153846155 0.8100961538461539 0.3028846153846155
0 0.6634615384615384 0.3245192307692309 0.6009615384615384 0.3245192307692309 0.6009615384615384 0.3774038461538463 0.6634615384615384 0.3774038461538463
0 0.8149038461538461 0.3076923076923078 0.7403846153846154 0.3076923076923078 0.7403846153846154 0.3750000000000001 0.8149038461538461 0.3750000000000001
0 0.7764423076923077 0.3629807692307693 0.5384615384615384 0.3629807692307692 0.5384615384615384 0.4254807692307693 0.7764423076923077 0.4254807692307694
0 0.6899038461538461 0.4134615384615386 0.5841346153846154 0.4134615384615386 0.5841346153846154 0.47836538461538475 0.6899038461538461 0.47836538461538475
0 0.8629807692307693 0.4326923076923078 0.7211538461538461 0.4326923076923078 0.7211538461538461 0.5096153846153848 0.8629807692307693 0.5096153846153848
2 1.0000000000000002 0.008752735576923203 0.0016970111515878918 0.00613003318955906 -0.0009071547137967071 0.9973772976126362 0.9973958341346157 1.0000000000000002