1 0.6298076923076923 0.4302884615384616 0.01923076923076928 0.43028846153846156 0.019230769230769305 0.7668269230769231 0.6298076923076923 0.7668269230769231
0 0.6658653846153846 0.8341346153846154 0.6033653846153848 0.8341346153846154 0.6033653846153848 0.9350961538461539 0.6658653846153846 0.9350961538461539
0 0.605769230769231 0.8245192307692307 0.5480769230769232 0.8245192307692307 0.5480769230769232 0.9423076923076923 0.605769230769231 0.9423076923076923
0 0.5480769230769232 0.8245192307692307 0.4951923076923078 0.8245192307692307 0.4951923076923078 0.9399038461538461 0.5480769230769232 0.9399038461538461
0 0.4951923076923078 0.8293269230769231 0.45432692307692324 0.8293269230769231 0.45432692307692324 0.9399038461538461 0.4951923076923078 0.9399038461538461
0 0.71875 0.3990384615384617 0.6201923076923077 0.3990384615384617 0.6201923076923077 0.7596153846153846 0.71875 0.7596153846153846
0 0.5721153846153848 0.6201923076923077 0.4927884615384617 0.6201923076923077 0.4927884615384617 0.75 0.5721153846153848 0.75
0 0.47355769230769246 0.6610576923076923 0.4182692307692309 0.6610576923076923 0.4182692307692309 0.7644230769230769 0.47355769230769246 0.7644230769230769
0 0.6129807692307693 0.2908653846153847 0.5528846153846154 0.2908653846153847 0.5528846153846154 0.5216346153846154 0.6129807692307693 0.5216346153846155
0 0.53125 0.295673076923077 0.44711538461538464 0.295673076923077 0.44711538461538464 0.4495192307692308 0.53125 0.4495192307692308
0 0.4735576923076923 0.44711538461538464 0.41346153846153844 0.44711538461538464 0.41346153846153844 0.5120192307692307 0.4735576923076923 0.5120192307692307
0 0.4014423076923077 0.2524038461538462 0.32211538461538464 0.2524038461538462 0.32211538461538464 0.5240384615384616 0.4014423076923077 0.5240384615384616
0 0.78125 0.043269230769230865 0.6995192307692307 0.04326923076923085 0.6995192307692307 0.26201923076923084 0.78125 0.26201923076923084
0 0.7019230769230769 0.15625000000000006 0.6298076923076923 0.15625000000000006 0.6298076923076923 0.23076923076923084 0.7019230769230769 0.23076923076923084
0 0.6370192307692307 0.060096153846153924 0.5817307692307693 0.06009615384615392 0.5817307692307693 0.23557692307692316 0.6370192307692307 0.23557692307692316
0 0.5793269230769231 0.03365384615384622 0.5264423076923077 0.03365384615384622 0.5264423076923077 0.24278846153846162 0.5793269230769231 0.24278846153846162
0 0.53125 0.06490384615384621 0.4735576923076923 0.0649038461538462 0.4735576923076923 0.2548076923076924 0.53125 0.2548076923076924
0 0.4735576923076923 0.12019230769230776 0.4375 0.12019230769230776 0.4375 0.24519230769230776 0.4735576923076923 0.24519230769230776
0 0.4326923076923077 0.08653846153846159 0.37259615384615385 0.08653846153846158 0.37259615384615385 0.2475961538461539 0.4326923076923077 0.2475961538461539
2 0.9637133147559604 0.9554799897573519 0.9410869975961537 0.008982473557692307 0.05574742853697367 0.030146790992027755 0.07837374569678042 0.9766443071916874