2 0.9983724350961538 6.113268034987267e-17 0 0 6.107315927718536e-17 0.9974003822115385 0.9983724350961538 0.9974003822115385
0 0.9639423076923077 0.5336538461538463 0.8725961538461539 0.5336538461538463 0.8725961538461539 0.7139423076923077 0.9639423076923077 0.7139423076923077
0 0.8966346153846154 0.78125 0.7620192307692307 0.78125 0.7620192307692307 0.9326923076923077 0.8966346153846154 0.9326923076923077
0 0.9269269615384617 0.38198543028846166 0.85361662105219 0.364352860611121 0.7551683245192309 0.7736680240384615 0.8284786650055024 0.7913005937158022
0 0.9471807884615386 0.04931903125000021 0.8370052247587357 0.019203834969759397 0.6976054558162854 0.5291938074857921 0.8077810195190883 0.559309003766033
0 0.8135902572115387 0.05535909615384628 0.7381505893900544 0.04598319886464229 0.6285569807692309 0.9277873798076921 0.7039966485907152 0.9371632770968961
0 0.7495543317307694 1.1956247957501685e-16 0.651085197114064 -0.01307606085444323 0.5237660429355004 0.9456994504903117 0.6222351775522057 0.958775511344755
0 0.6351034206730769 0.01941816826923086 0.5424229690146665 0.009494064339678459 0.47483673345728733 0.6406767768359338 0.5675171851156977 0.6506008807654862
0 0.5233837764423077 0.07125031730769239 0.4273496166595209 0.07013644187959062 0.4216611127492891 0.5605779038760981 0.5176952725320759 0.5616917793041999
0 0.4139848820547471 0.9271065178279503 0.40410525 0.08949557211538463 0.3033993718782154 0.09068339926435653 0.31327900393296243 0.9282943449769222
0 0.32942748281663076 0.8930347180901244 0.2773448173076924 0.07084705528846154 0.1893037972714893 0.0764241409163171 0.24138646278042766 0.8986118037179799
0 0.23609312980769237 0.7681463461538461 0.16440892788461542 0.08534729567307694 0.07034660264904077 0.0952225037753632 0.14203080457211772 0.7780215542561325