0 0.9302884615384616 0.6201923076923077 0.7524038461538461 0.6201923076923077 0.7524038461538461 0.6947115384615384 0.9302884615384616 0.6947115384615384
0 0.9326923076923077 0.5552884615384617 0.7259615384615384 0.5552884615384617 0.7259615384615384 0.6225961538461539 0.9326923076923077 0.6225961538461539
0 0.9543269230769231 0.49038461538461553 0.8461538461538461 0.49038461538461553 0.8461538461538461 0.5552884615384617 0.9543269230769231 0.5552884615384617
0 0.9543269230769231 0.3509615384615386 0.7668269230769231 0.3509615384615386 0.7668269230769231 0.41586538461538475 0.9543269230769231 0.41586538461538475
0 0.8798076923076923 0.2980769230769232 0.75 0.29807692307692313 0.75 0.35817307692307704 0.8798076923076923 0.35817307692307704
0 0.9735576923076923 0.21634615384615394 0.7668269230769231 0.2163461538461539 0.7668269230769231 0.3028846153846155 0.9735576923076923 0.30288461538461553
0 0.7235576923076923 0.2475961538461539 0.49278846153846156 0.2475961538461539 0.49278846153846156 0.3341346153846155 0.7235576923076923 0.33413461538461553
0 0.7211538461538461 0.326923076923077 0.49038461538461536 0.3269230769230769 0.49038461538461536 0.4038461538461539 0.7211538461538461 0.40384615384615397
0 0.6514423076923077 0.4038461538461539 0.5024038461538461 0.40384615384615385 0.5024038461538461 0.4663461538461539 0.6514423076923077 0.46634615384615397
0 0.4423076923076923 0.4326923076923077 0.25000000000000006 0.4326923076923077 0.25000000000000006 0.5096153846153846 0.4423076923076923 0.5096153846153846
0 0.71875 0.4711538461538462 0.47115384615384615 0.47115384615384615 0.47115384615384615 0.5408653846153847 0.71875 0.5408653846153848
0 0.7163461538461539 0.545673076923077 0.49038461538461536 0.5456730769230769 0.4903846153846155 0.6009615384615385 0.7163461538461539 0.6009615384615385
0 0.7043778722328375 0.6564226890431246 0.6997848258138504 0.5976385512074155 0.4720594680040897 0.6154316698565985 0.4766525144230769 0.6742158076923077
0 0.6940928773840565 0.7187374703718612 0.6823650457155347 0.6493077323887436 0.4433572548699398 0.6896801033630363 0.45508508653846147 0.7591098413461537
0 0.6791139305187238 0.8135617342850717 0.6664183076923076 0.7464003677884615 0.4456959084235837 0.7881238835033897 0.45839153125 0.8552852499999999
2 0.993961110576923 6.775895156012671e-17 1.2733591862871878e-17 6.896386932877842e-18 7.285318653359177e-17 0.9818274903846155 0.993961110576923 0.9818274903846155
0 0.22115384615384626 0.8365384615384616 0.1298076923076924 0.8365384615384616 0.1298076923076924 0.9206730769230769 0.22115384615384628 0.9206730769230769
0 0.3750000000000001 0.6850961538461539 0.32211538461538475 0.6850961538461539 0.32211538461538475 0.75 0.3750000000000001 0.75
0 0.2548076923076924 0.7067307692307693 0.1971153846153847 0.7067307692307693 0.1971153846153847 0.7788461538461539 0.2548076923076924 0.7788461538461539
0 0.3774038461538463 0.6033653846153846 0.3317307692307694 0.6033653846153846 0.3317307692307694 0.6610576923076923 0.3774038461538463 0.6610576923076923
0 0.26682692307692313 0.6057692307692307 0.19471153846153852 0.6057692307692307 0.19471153846153852 0.6850961538461539 0.26682692307692313 0.6850961538461539
0 0.3942307692307693 0.5048076923076923 0.3293269230769231 0.5048076923076923 0.32932692307692313 0.5745192307692307 0.3942307692307694 0.5745192307692307
0 0.2692307692307693 0.53125 0.21875000000000006 0.53125 0.21875000000000006 0.5913461538461539 0.2692307692307693 0.5913461538461539
0 0.2836538461538462 0.35096153846153844 0.1658653846153847 0.35096153846153844 0.1658653846153847 0.42788461538461536 0.2836538461538462 0.42788461538461536
0 0.40384615384615385 0.36538461538461536 0.3485576923076923 0.36538461538461536 0.3485576923076923 0.43509615384615385 0.40384615384615385 0.43509615384615385
0 0.3245192307692308 0.2692307692307693 0.23798076923076922 0.2692307692307692 0.23798076923076927 0.3485576923076923 0.3245192307692308 0.3485576923076923