2 0.9590507831432729 0.9854313834987708 0.9558769181353763 0.017589950468234746 0.051668627403846146 0.020555141826923078 0.05484249241174261 0.9883965748574591
1 1 0.3629807692307693 0.40384615384615385 0.3629807692307692 0.4038461538461539 0.6658653846153846 1 0.6658653846153846
0 0.45192307692307704 0.8581730769230769 0.38461538461538475 0.8581730769230769 0.38461538461538475 0.9543269230769231 0.45192307692307704 0.9543269230769231
0 0.5024038461538463 0.84375 0.44711538461538475 0.84375 0.44711538461538475 0.9567307692307693 0.5024038461538463 0.9567307692307693
0 0.5528846153846155 0.8389423076923077 0.5096153846153848 0.8389423076923077 0.5096153846153848 0.9615384615384616 0.5528846153846155 0.9615384615384616
0 0.6033653846153848 0.8461538461538461 0.5480769230769232 0.8461538461538461 0.5480769230769232 0.9567307692307693 0.6033653846153848 0.9567307692307693
0 0.4158653846153847 0.41586538461538464 0.29326923076923084 0.41586538461538464 0.29326923076923084 0.7932692307692307 0.41586538461538475 0.7932692307692307
0 0.5480769230769232 0.6370192307692307 0.4567307692307694 0.6370192307692307 0.4567307692307694 0.7620192307692307 0.5480769230769232 0.7620192307692307
0 0.6370192307692307 0.5889423076923078 0.560096153846154 0.5889423076923078 0.560096153846154 0.7740384615384616 0.6370192307692307 0.7740384615384616
0 0.7596153846153846 0.6586538461538461 0.6514423076923077 0.6586538461538461 0.6514423076923077 0.78125 0.7596153846153846 0.78125
0 0.8557692307692307 0.7115384615384616 0.7596153846153846 0.7115384615384616 0.7596153846153846 0.7860576923076923 0.8557692307692307 0.7860576923076923
0 0.47596153846153844 0.29807692307692313 0.39903846153846156 0.29807692307692313 0.39903846153846156 0.5216346153846154 0.47596153846153844 0.5216346153846154
0 0.5649038461538461 0.3028846153846155 0.4879807692307692 0.3028846153846155 0.4879807692307692 0.46394230769230776 0.5649038461538461 0.4639423076923078
0 0.7067307692307693 0.2524038461538462 0.6105769230769231 0.2524038461538462 0.6105769230769231 0.4326923076923078 0.7067307692307693 0.4326923076923078
0 0.6274038461538461 0.09375000000000007 0.5673076923076923 0.09375000000000007 0.5673076923076923 0.25000000000000006 0.6274038461538461 0.25000000000000006
0 0.5673076923076923 0.1177884615384616 0.5216346153846154 0.1177884615384616 0.5216346153846154 0.2475961538461539 0.5673076923076923 0.2475961538461539
0 0.5288461538461539 0.06490384615384621 0.47115384615384615 0.0649038461538462 0.47115384615384615 0.25721153846153855 0.5288461538461539 0.25721153846153855
0 0.4831730769230769 0.040865384615384664 0.4182692307692308 0.040865384615384664 0.4182692307692308 0.24278846153846162 0.4831730769230769 0.24278846153846162
0 0.4230769230769231 0.06250000000000006 0.3557692307692308 0.06250000000000006 0.3557692307692308 0.2692307692307693 0.4230769230769231 0.2692307692307693
0 0.3605769230769231 0.17067307692307698 0.3004807692307692 0.17067307692307698 0.3004807692307692 0.25000000000000006 0.3605769230769231 0.25000000000000006
0 0.3076923076923077 0.06971153846153849 0.21875 0.06971153846153849 0.21875 0.27884615384615385 0.3076923076923077 0.2788461538461539