2 0.9942473629807692 0.011569115384615506 4.223107270765567e-19 -3.62932957962123e-17 -0.011499905671095576 0.9882994946371563 0.9827474573096736 0.9998686100217717
0 0.6538461538461539 0.04807692307692314 0.4639423076923077 0.04807692307692313 0.4639423076923077 0.13221153846153852 0.6538461538461539 0.13221153846153852
0 0.9230769230769231 0.05769230769230779 0.7163461538461539 0.05769230769230778 0.7163461538461539 0.16586538461538472 0.9230769230769231 0.16586538461538475
0 0.6971153846153846 0.13221153846153852 0.30528846153846156 0.1322115384615385 0.30528846153846156 0.21394230769230776 0.6971153846153846 0.21394230769230776
0 0.4543269230769231 0.1899038461538462 0.13461538461538464 0.18990384615384615 0.13461538461538464 0.26682692307692313 0.4543269230769231 0.26682692307692313
0 0.903824419015566 0.30641408755803184 0.9014588465350288 0.24320603389615386 0.13560900000000004 0.2718680985576923 0.137974572480537 0.33507615221957027
0 0.9318444039915007 0.375809784796056 0.9306099663461539 0.31465842548076933 0.12390400466234555 0.33094307097317505 0.12513844230769233 0.3920944302884617
0 0.5649038461538461 0.38221153846153855 0.12259615384615388 0.38221153846153844 0.1225961538461539 0.46394230769230776 0.5649038461538461 0.4639423076923078
0 0.46875 0.46153846153846156 0.1346153846153847 0.46153846153846156 0.1346153846153847 0.5360576923076923 0.46875 0.5360576923076923
0 0.8798076923076923 0.5336538461538463 0.14663461538461545 0.5336538461538461 0.14663461538461545 0.625 0.8798076923076923 0.625
0 0.8365384615384616 0.6105769230769231 0.13221153846153852 0.6105769230769231 0.13221153846153852 0.6899038461538461 0.8365384615384616 0.6899038461538461
0 0.7091346153846154 0.6899038461538461 0.12019230769230776 0.6899038461538461 0.12019230769230778 0.7740384615384616 0.7091346153846154 0.7740384615384616