1 1 0.14423076923076933 0.3581730769230769 0.14423076923076927 0.3581730769230769 0.4903846153846155 1 0.49038461538461553
0 0.44230769230769246 0.8581730769230769 0.3701923076923078 0.8581730769230769 0.3701923076923078 0.9471153846153846 0.44230769230769246 0.9471153846153846
0 0.49038461538461553 0.8293269230769231 0.4447115384615386 0.8293269230769231 0.4447115384615386 0.9423076923076923 0.49038461538461553 0.9423076923076923
0 0.5408653846153848 0.8221153846153846 0.49759615384615397 0.8221153846153846 0.49759615384615397 0.9423076923076923 0.5408653846153848 0.9423076923076923
0 0.5841346153846155 0.8221153846153846 0.5384615384615385 0.8221153846153846 0.5384615384615385 0.9495192307692307 0.5841346153846155 0.9495192307692307
0 0.4086538461538462 0.39903846153846156 0.3052884615384616 0.39903846153846156 0.3052884615384616 0.7644230769230769 0.4086538461538463 0.7644230769230769
0 0.5384615384615385 0.6177884615384616 0.4326923076923078 0.6177884615384616 0.4326923076923078 0.7524038461538461 0.5384615384615385 0.7524038461538461
0 0.6346153846153846 0.5673076923076924 0.5480769230769232 0.5673076923076923 0.5480769230769232 0.7620192307692307 0.6346153846153846 0.7620192307692307
0 0.75 0.5673076923076924 0.6586538461538461 0.5673076923076924 0.6586538461538461 0.7620192307692307 0.75 0.7620192307692307
0 0.8389423076923077 0.6923076923076923 0.7548076923076923 0.6923076923076923 0.7548076923076923 0.7644230769230769 0.8389423076923077 0.7644230769230769
0 0.5649038461538461 0.38221153846153855 0.4879807692307692 0.38221153846153844 0.4879807692307692 0.5336538461538463 0.5649038461538461 0.5336538461538463
0 0.6153846153846154 0.4375000000000001 0.5625 0.4375000000000001 0.5625 0.5072115384615385 0.6153846153846154 0.5072115384615385
0 0.6875 0.4254807692307694 0.6298076923076923 0.4254807692307694 0.6298076923076923 0.5096153846153848 0.6875 0.5096153846153848
0 0.31009615384615385 0.05288461538461542 0.21634615384615385 0.05288461538461542 0.21634615384615385 0.2716346153846154 0.31009615384615385 0.2716346153846155
0 0.37259615384615385 0.16826923076923084 0.31009615384615385 0.16826923076923084 0.31009615384615385 0.23317307692307698 0.37259615384615385 0.23317307692307698
0 0.4326923076923077 0.057692307692307744 0.37259615384615385 0.057692307692307744 0.37259615384615385 0.23557692307692316 0.4326923076923077 0.23557692307692316
0 0.49038461538461536 0.03605769230769236 0.4254807692307692 0.03605769230769236 0.4254807692307692 0.24519230769230776 0.49038461538461536 0.24519230769230776
0 0.5336538461538461 0.06490384615384621 0.4879807692307692 0.0649038461538462 0.4879807692307692 0.24519230769230776 0.5336538461538461 0.24519230769230776
0 0.5721153846153846 0.11538461538461545 0.5264423076923077 0.11538461538461545 0.5264423076923077 0.24278846153846162 0.5721153846153846 0.24278846153846162
0 0.6418269230769231 0.0817307692307693 0.5745192307692307 0.0817307692307693 0.5745192307692307 0.2379807692307693 0.6418269230769231 0.2379807692307693
2 1.0071175444262939 0.9547373604625645 0.9790092842638836 -0.005765672997691758 0.0668906514423077 0.02092666105769231 0.09499891160471806 0.9814296945179486