1 0.6634615384615384 0.6057692307692308 0.04807692307692314 0.6057692307692307 0.04807692307692317 0.9206730769230769 0.6634615384615384 0.9206730769230769
0 0.7548076923076923 0.8389423076923077 0.6634615384615384 0.8389423076923077 0.6634615384615384 0.9735576923076923 0.7548076923076923 0.9735576923076923
0 0.6658653846153846 0.8221153846153846 0.605769230769231 0.8221153846153846 0.605769230769231 0.9759615384615384 0.6658653846153846 0.9759615384615384
0 0.6081730769230771 0.8894230769230769 0.5360576923076924 0.8894230769230769 0.5360576923076924 0.9639423076923077 0.6081730769230771 0.9639423076923077
0 0.5456730769230771 0.8221153846153846 0.48557692307692324 0.8221153846153846 0.48557692307692324 0.9663461538461539 0.5456730769230771 0.9663461538461539
0 0.8245192307692307 0.0673076923076924 0.7211538461538461 0.06730769230769239 0.7211538461538461 0.24038461538461545 0.8245192307692307 0.24038461538461545
0 0.7283653846153846 0.1298076923076924 0.6586538461538461 0.12980769230769237 0.6586538461538461 0.21875000000000006 0.7283653846153846 0.21875000000000006
0 0.6726004615384615 0.06415667067307701 0.6095360360576924 0.05523523317307702 0.589613315960283 0.19606622559523978 0.6526777414410521 0.2049876630952398
0 0.5949368966346154 0.04178888701923085 0.55017505968738 0.041633698326680395 0.549622014014303 0.2011513786151419 0.5943838509615383 0.20130656730769234
0 0.5466580544858907 0.05779923584283479 0.5016629400647508 0.057598296394665106 0.5009971500019371 0.20668450285952272 0.545992264423077 0.2068854423076924
0 0.4954160157696225 0.09144156656157396 0.4558916346153846 0.09037262259615389 0.4530522943265314 0.1953577026691954 0.4925766754807693 0.19642664663461543
0 0.4525511484842139 0.06771212111340404 0.3820728677884615 0.06717910096153851 0.3811015943042476 0.19560517455967294 0.45157987499999996 0.19613819471153848
2 0.990390233173077 1.0000000000000002 0.9452161430939315 -0.03257519604858862 0.06753078125 0.005822625 0.11270487132914532 1.0383978210485887