2 1 0.035960269230769296 0.03926868028846154 0.03596026923076924 0.0392686802884616 1 1 1
0 0.32932692307692313 0.12980769230769235 0.17307692307692307 0.12980769230769235 0.1730769230769231 0.8052884615384616 0.32932692307692324 0.8052884615384616
0 0.4038461538461539 0.12980769230769235 0.27403846153846156 0.12980769230769235 0.27403846153846156 0.7379807692307693 0.40384615384615397 0.7379807692307693
0 0.5192307692307693 0.13461538461538466 0.375 0.13461538461538464 0.37500000000000006 0.7932692307692307 0.5192307692307694 0.7932692307692307
0 0.6105769230769231 0.13942307692307698 0.4855769230769231 0.13942307692307698 0.48557692307692313 0.7019230769230769 0.6105769230769232 0.7019230769230769
0 0.6802884615384616 0.16105769230769237 0.5649038461538461 0.16105769230769237 0.5649038461538463 0.65625 0.6802884615384616 0.65625
0 0.31009615384615397 0.8221153846153846 0.23317307692307698 0.8221153846153846 0.23317307692307704 0.9399038461538461 0.31009615384615397 0.9399038461538461
0 0.37259615384615397 0.8677884615384616 0.3125000000000001 0.8677884615384616 0.3125000000000001 0.9350961538461539 0.37259615384615397 0.9350961538461539
0 0.6971153846153846 0.8389423076923077 0.625 0.8389423076923077 0.625 0.9879807692307693 0.6971153846153846 0.9879807692307693
0 0.7572115384615384 0.08894230769230778 0.6610576923076923 0.08894230769230776 0.6610576923076923 0.25000000000000006 0.7572115384615384 0.25000000000000006
0 0.7620192307692307 0.8557692307692307 0.6875 0.8557692307692307 0.6875 0.9807692307692307 0.7620192307692307 0.9807692307692307