1 0.6850961538461539 0.12259615384615388 0.11057692307692307 0.12259615384615384 0.1105769230769231 0.4086538461538462 0.6850961538461539 0.4086538461538463
0 0.7235576923076923 0.7572115384615384 0.6466346153846154 0.7572115384615384 0.6466346153846154 0.9254807692307693 0.7235576923076923 0.9254807692307693
0 0.7764423076923077 0.28846153846153855 0.6658653846153846 0.28846153846153855 0.6658653846153846 0.6610576923076923 0.7764423076923077 0.6610576923076923
0 0.6394230769230769 0.4591346153846155 0.5504807692307693 0.45913461538461536 0.5504807692307693 0.6105769230769231 0.6394230769230769 0.6105769230769232
0 0.6442307692307693 0.71875 0.5817307692307694 0.71875 0.5817307692307694 0.9014423076923077 0.6442307692307693 0.9014423076923077
0 0.5408653846153847 0.40865384615384615 0.4519230769230769 0.40865384615384615 0.451923076923077 0.6033653846153846 0.5408653846153848 0.6033653846153846
0 0.4399038461538462 0.3870192307692308 0.3389423076923077 0.3870192307692308 0.33894230769230776 0.6009615384615384 0.4399038461538463 0.6009615384615384
0 0.32451923076923084 0.5048076923076923 0.2283653846153847 0.5048076923076923 0.2283653846153847 0.59375 0.3245192307692309 0.59375
0 0.5996897135800204 0.7008013769847055 0.5406244557987093 0.693623850996121 0.516239016826923 0.8942963725961538 0.5753042746082341 0.9014738985847383
0 0.538923084661 0.6974920166914577 0.4948926274038462 0.6915579879807693 0.46791035834227007 0.8917662617420447 0.5119408155994238 0.8977002904527329
2 1.0739012724479489 0.14734865396644534 0.20085865821828966 0.028660061367166194 0.08326667706739456 0.8936362851820054 0.9563092912970538 1.0123248777812845
0 0.5392229818975134 0.09667161622384722 0.5108157491470993 0.09536077197268028 0.5068302648457397 0.18172998026806386 0.5352374975961538 0.1830408245192308
0 0.580891818548527 0.11847693855974423 0.5434315512128083 0.11541908294957441 0.5377442692307692 0.18509114423076928 0.575204536566488 0.18814899984093908
0 0.7702994711538461 0.12378684134615395 0.7272411258213632 0.11813462127152893 0.714296606590594 0.21674535684845198 0.7573549519230769 0.222397576923077
0 0.71968625 0.16026055048076931 0.681291700657519 0.15073231552540414 0.6698436237344421 0.1968629741792503 0.708238173076923 0.2063912091346155
0 0.6802276201923078 0.11366580288461546 0.6447477486887878 0.10954963339767049 0.6348842727272493 0.19456917907074742 0.6703641442307693 0.1986853485576924
0 0.6452226088840735 0.09608984101930565 0.6130623263967383 0.09135754191006885 0.5991141718395878 0.18614795569845557 0.6312744543269229 0.19088025480769238