2 0.9896485969427192 0.9810969082669918 0.9770603221153847 0.03406429567307693 -0.012588274827334378 0.04721903644454681 0 0.9942516490384616
0 0.16826923076923084 0.3317307692307692 0.01682692307692312 0.3317307692307692 0.016826923076923125 0.4014423076923077 0.16826923076923084 0.4014423076923077
0 0.18269230769230776 0.40384615384615385 0.06250000000000006 0.40384615384615385 0.06250000000000006 0.46875 0.18269230769230776 0.46875
0 0.19471153846153852 0.4735576923076923 0.10336538461538468 0.4735576923076923 0.10336538461538468 0.5264423076923077 0.19471153846153852 0.5264423076923077
0 0.1971153846153847 0.5336538461538461 0.0817307692307693 0.5336538461538461 0.0817307692307693 0.5913461538461539 0.1971153846153847 0.5913461538461539
0 0.9517414900490624 0.2315905757562281 0.9394343966346154 0.16393442548076925 0.7729823825470916 0.19421312857069495 0.7852894759615386 0.2618692788461538
0 0.8845966870724914 0.3191262825656968 0.8799611610576924 0.2490951658653846 0.8066126111557443 0.2539502806663277 0.8112481371705434 0.3239813973666399
0 0.9531591745353185 0.3548951098255111 0.9442893557692307 0.300191610576923 0.7958394913300659 0.3242617964244889 0.8047093100961538 0.378965295673077
0 0.9731413239048224 0.4082241357634096 0.96735040625 0.3598041298076923 0.8025596087874853 0.379512717601975 0.8083505264423076 0.4279327235576923
0 0.9556225791986832 0.4540213315185325 0.9470821459556718 0.4061443525140334 0.794955136468527 0.43328120609165477 0.8034955697115385 0.4811581850961538
0 0.9182134603537325 0.5019379762264744 0.9139458677884615 0.46625505769230774 0.8028691958962674 0.4795395646389102 0.8071367884615384 0.515222483173077
0 0.9326923076923077 0.5192307692307694 0.8052884615384616 0.5192307692307694 0.8052884615384616 0.5721153846153848 0.9326923076923077 0.5721153846153848
1 0.1346153846153847 0.38461538461538464 0.012019230769230817 0.38461538461538464 0.012019230769230853 0.9927884615384616 0.13461538461538475 0.9927884615384616