2 0.9908858966346158 0.03940927403846168 0.01861935117367664 -0.023142476079912596 -0.043051764575026956 0.9354360217277881 0.9292147808859121 0.9979877718461623
0 0.8633534219635661 0.7547724866767305 0.5856025937500001 0.7027124302884616 0.564544819119482 0.8150598757145681 0.8422956473330478 0.8671199321028369
0 0.8985562474456577 0.6785508537581252 0.6114503822115386 0.6406025048076922 0.6022445987081887 0.7102507111457211 0.8893504639423077 0.748199060096154
0 0.8740576491108079 0.6351164154317748 0.6272009950343164 0.5921707713611233 0.6197333341346154 0.6350957716346153 0.866589988211107 0.6780414157052668
0 0.8404414615384617 0.5572745384615387 0.6440080471108064 0.524170926050594 0.6337927658608064 0.5847873491275171 0.8302261802884617 0.6178909615384617
0 0.8832822740384617 0.4859496274038463 0.6323636793788019 0.4858538417629098 0.6323456395872266 0.5331106028574785 0.8832642342468863 0.533206388498415
0 0.9117367259615387 0.43544982211538474 0.6408725027144188 0.43262109034957685 0.6403162697505541 0.48588298372623745 0.911180492997674 0.4887117154920453
0 0.8413461538461539 0.37980769230769246 0.6466346153846154 0.37980769230769246 0.6466346153846154 0.4302884615384617 0.8413461538461539 0.4302884615384617
0 0.8774038461538461 0.3197115384615386 0.6514423076923077 0.3197115384615386 0.6514423076923077 0.3677884615384617 0.8774038461538461 0.3677884615384617
0 0.8966346153846154 0.2596153846153847 0.6490384615384616 0.2596153846153847 0.6490384615384616 0.3197115384615386 0.8966346153846154 0.3197115384615386
0 0.9639423076923077 0.21153846153846165 0.6658653846153846 0.21153846153846162 0.6658653846153846 0.2620192307692309 0.9639423076923077 0.2620192307692309
0 0.7548076923076923 0.16105769230769237 0.6634615384615384 0.16105769230769237 0.6634615384615384 0.2163461538461539 0.7548076923076923 0.2163461538461539