2 0.9081270841346154 0.01997247836538467 1.5844174861634292e-17 0.019972478365384613 7.585355323394156e-17 1 0.9081270841346154 1
0 0.7980769230769231 0.7091346153846154 0.71875 0.7091346153846154 0.71875 0.8341346153846154 0.7980769230769231 0.8341346153846154
0 0.8221153846153846 0.13221153846153857 0.7596153846153846 0.13221153846153857 0.7596153846153846 0.18990384615384623 0.8221153846153846 0.18990384615384623
0 0.7091346153846154 0.5144230769230771 0.6442307692307693 0.5144230769230771 0.6442307692307693 0.7115384615384616 0.7091346153846154 0.7115384615384616
0 0.6442307692307693 0.512019230769231 0.5961538461538461 0.512019230769231 0.5961538461538463 0.6370192307692307 0.6442307692307693 0.6370192307692307
0 0.7572115384615384 0.35817307692307704 0.7115384615384616 0.35817307692307704 0.7115384615384616 0.42067307692307704 0.7572115384615384 0.42067307692307704
0 0.5889423076923077 0.26201923076923084 0.5408653846153846 0.26201923076923084 0.5408653846153846 0.3341346153846155 0.5889423076923077 0.33413461538461553
0 0.5336538461538463 0.1129807692307693 0.43028846153846156 0.1129807692307693 0.4302884615384616 0.7163461538461539 0.5336538461538463 0.7163461538461539
0 0.4855769230769231 0.10576923076923084 0.4423076923076923 0.10576923076923084 0.4423076923076923 0.15625000000000006 0.4855769230769231 0.15625000000000006
0 0.4591346153846155 0.3293269230769231 0.36778846153846156 0.3293269230769231 0.3677884615384616 0.6947115384615384 0.45913461538461553 0.6947115384615384
0 0.326923076923077 0.4206730769230769 0.23557692307692316 0.4206730769230769 0.23557692307692316 0.7644230769230769 0.32692307692307704 0.7644230769230769
0 0.25721153846153855 0.4735576923076923 0.17788461538461545 0.4735576923076923 0.17788461538461545 0.7475961538461539 0.25721153846153855 0.7475961538461539
0 0.3962111322115385 0.19844092307692313 0.3453791683419944 0.1837030030949133 0.2991823527044518 0.3430385719025899 0.3500143165739959 0.35777649188459976
0 0.3410683125000001 0.1261032836538462 0.2870219415896619 0.11643037252300073 0.2682372788461539 0.2213876947115385 0.3222836497564922 0.23106060584238397
0 0.3053512500000001 0.29246463701923087 0.25738243409637157 0.27373651307835345 0.1999003891482391 0.4209667236742307 0.2478692050518676 0.43969484761510813
0 0.2909427692307692 0.10008363942307698 0.2358786619162317 0.07999807713137211 0.08480706245824214 0.4941573943524329 0.1398711697727797 0.5142429566441377
0 0.22410282932692313 0.10385268269230777 0.1742434274030287 0.0875461910061262 0.06769273146061662 0.4133399961055612 0.11755213338451106 0.42964648779174275