2 0.9422065617903511 0.9917135318857098 0.940744471153846 0.029854497596153846 0.033581614743365205 0.031233446351490616 0.03504370537987034 0.9930924806410466
0 0.7067307692307693 0.0721153846153847 0.6322115384615384 0.0721153846153847 0.6322115384615384 0.22596153846153852 0.7067307692307693 0.22596153846153852
0 0.6225961538461539 0.06730769230769237 0.5625 0.06730769230769237 0.5625 0.24038461538461545 0.6225961538461539 0.24038461538461545
0 0.5600961538461539 0.07211538461538468 0.4951923076923077 0.07211538461538468 0.4951923076923077 0.24519230769230776 0.5600961538461539 0.24519230769230776
0 0.5024038461538461 0.07211538461538468 0.43509615384615385 0.07211538461538466 0.43509615384615385 0.24519230769230776 0.5024038461538461 0.24519230769230776
0 0.7788461538461539 0.3317307692307694 0.6514423076923077 0.3317307692307694 0.6514423076923077 0.7091346153846154 0.7788461538461539 0.7091346153846154
0 0.6129807692307693 0.33894230769230776 0.5048076923076923 0.3389423076923077 0.5048076923076923 0.5000000000000001 0.6129807692307693 0.5000000000000001
0 0.49278846153846156 0.34134615384615385 0.3942307692307692 0.34134615384615385 0.3942307692307692 0.5504807692307693 0.49278846153846156 0.5504807692307693
0 0.3605769230769231 0.3173076923076923 0.264423076923077 0.3173076923076923 0.264423076923077 0.5552884615384616 0.3605769230769231 0.5552884615384616
0 0.25000000000000006 0.31490384615384615 0.14903846153846156 0.31490384615384615 0.14903846153846156 0.4014423076923077 0.25000000000000006 0.4014423076923077
0 0.7884615384615384 0.8149038461538461 0.7211538461538461 0.8149038461538461 0.7211538461538461 0.9615384615384616 0.7884615384615384 0.9615384615384616
0 0.71875 0.8317307692307693 0.6682692307692307 0.8317307692307693 0.6682692307692307 0.8942307692307693 0.71875 0.8942307692307693
0 0.6658653846153846 0.8293269230769231 0.6105769230769232 0.8293269230769231 0.6105769230769232 0.9591346153846154 0.6658653846153846 0.9591346153846154
0 0.6129807692307694 0.8365384615384616 0.5673076923076924 0.8365384615384616 0.5673076923076924 0.96875 0.6129807692307694 0.96875
0 0.5625000000000001 0.8389423076923077 0.5240384615384617 0.8389423076923077 0.5240384615384617 0.9543269230769231 0.5625000000000001 0.9543269230769231
0 0.5216346153846155 0.8293269230769231 0.48557692307692324 0.8293269230769231 0.48557692307692324 0.9206730769230769 0.5216346153846155 0.9206730769230769
0 0.48317307692307704 0.8341346153846154 0.4326923076923078 0.8341346153846154 0.4326923076923078 0.9399038461538461 0.48317307692307704 0.9399038461538461
1 0.6370192307692307 0.6850961538461539 0.009615384615384701 0.6850961538461539 0.009615384615384713 0.9014423076923077 0.6370192307692307 0.9014423076923077