0 0.5576923076923077 0.2716346153846155 0.49038461538461536 0.2716346153846155 0.49038461538461536 0.46634615384615385 0.5576923076923077 0.46634615384615385
0 0.3293269230769231 0.36538461538461536 0.23317307692307698 0.36538461538461536 0.23317307692307698 0.4110576923076923 0.3293269230769231 0.4110576923076923
0 0.295673076923077 0.2524038461538462 0.2091346153846154 0.25240384615384615 0.20913461538461542 0.2932692307692308 0.295673076923077 0.29326923076923084
0 0.6418269230769231 0.25000000000000006 0.5721153846153846 0.25000000000000006 0.5721153846153846 0.2860576923076924 0.6418269230769231 0.2860576923076924
0 0.625 0.36538461538461553 0.5649038461538461 0.36538461538461553 0.5649038461538461 0.4014423076923078 0.625 0.4014423076923078
0 0.6442307692307693 0.19951923076923084 0.5769230769230769 0.19951923076923084 0.5769230769230769 0.22596153846153852 0.6442307692307693 0.22596153846153852
0 0.7211538461538461 0.3629807692307694 0.65625 0.3629807692307694 0.65625 0.40384615384615397 0.7211538461538461 0.40384615384615397
0 0.7331730769230769 0.27644230769230776 0.6514423076923077 0.27644230769230776 0.6514423076923077 0.32211538461538475 0.7331730769230769 0.32211538461538475
0 0.7235576923076923 0.17788461538461545 0.6754807692307693 0.17788461538461545 0.6754807692307693 0.2163461538461539 0.7235576923076923 0.2163461538461539
0 0.7451923076923077 0.11778846153846162 0.6778846153846154 0.1177884615384616 0.6778846153846154 0.14903846153846162 0.7451923076923077 0.14903846153846165
0 0.9158653846153846 0.14423076923076933 0.8389423076923077 0.14423076923076933 0.8389423076923077 0.17788461538461553 0.9158653846153846 0.17788461538461553
0 0.8966346153846154 0.2235576923076924 0.8269230769230769 0.22355769230769237 0.8269230769230769 0.25721153846153855 0.8966346153846154 0.2572115384615386
0 0.8942307692307693 0.28365384615384626 0.8125 0.2836538461538462 0.8125 0.3149038461538463 0.8942307692307693 0.3149038461538463
0 0.8918269230769231 0.36538461538461553 0.8269230769230769 0.36538461538461553 0.8269230769230769 0.39663461538461553 0.8918269230769231 0.39663461538461553
0 0.7980769230769231 0.37980769230769246 0.7379807692307693 0.37980769230769246 0.7379807692307693 0.41105769230769246 0.7980769230769231 0.41105769230769246
0 0.4735576923076923 0.2548076923076924 0.39903846153846156 0.2548076923076924 0.39903846153846156 0.2908653846153847 0.4735576923076923 0.2908653846153847
0 0.4807692307692308 0.375 0.4182692307692308 0.375 0.4182692307692308 0.4110576923076923 0.4807692307692308 0.4110576923076923
0 0.39663461538461536 0.37259615384615385 0.3389423076923077 0.37259615384615385 0.3389423076923077 0.40625 0.39663461538461536 0.40625
0 0.38221153846153844 0.25000000000000006 0.3125 0.25000000000000006 0.3125 0.2908653846153847 0.38221153846153844 0.2908653846153847
0 0.7307692307692307 0.24519230769230776 0.6634615384615384 0.24519230769230776 0.6634615384615384 0.2716346153846155 0.7307692307692307 0.2716346153846155
0 0.7259615384615384 0.27644230769230776 0.71875 0.27644230769230776 0.71875 0.2908653846153847 0.7259615384615384 0.2908653846153847
0 0.23557692307692316 0.6201923076923077 0.16105769230769237 0.6201923076923077 0.16105769230769237 0.71875 0.23557692307692316 0.71875
0 0.22596153846153852 0.5168269230769231 0.13942307692307698 0.5168269230769231 0.13942307692307698 0.6153846153846154 0.22596153846153852 0.6153846153846154
0 0.3245192307692309 0.5793269230769231 0.23557692307692316 0.5793269230769231 0.23557692307692316 0.71875 0.3245192307692309 0.71875
0 0.29807692307692313 0.5048076923076923 0.23317307692307698 0.5048076923076923 0.23317307692307698 0.5649038461538461 0.29807692307692313 0.5649038461538461
0 0.3966346153846155 0.5072115384615384 0.3076923076923077 0.5072115384615384 0.30769230769230776 0.7211538461538461 0.39663461538461553 0.7211538461538461
0 0.5985576923076924 0.5168269230769231 0.5096153846153846 0.5168269230769231 0.5096153846153847 0.6514423076923077 0.5985576923076924 0.6514423076923077
0 0.5096153846153846 0.49038461538461536 0.4495192307692308 0.49038461538461536 0.4495192307692308 0.5576923076923077 0.5096153846153846 0.5576923076923077
0 0.6610576923076923 0.4951923076923078 0.59375 0.4951923076923078 0.5937500000000001 0.7163461538461539 0.6610576923076923 0.7163461538461539
0 0.7644230769230769 0.48317307692307704 0.6634615384615384 0.48317307692307704 0.6634615384615384 0.71875 0.7644230769230769 0.71875
0 0.29807692307692324 0.9471153846153846 0.22355769230769246 0.9471153846153846 0.22355769230769246 0.9927884615384616 0.29807692307692324 0.9927884615384616
0 0.29567307692307704 0.8028846153846154 0.18990384615384623 0.8028846153846154 0.18990384615384626 0.9399038461538461 0.29567307692307704 0.9399038461538461
0 0.35336538461538475 0.7620192307692307 0.2908653846153847 0.7620192307692307 0.2908653846153847 0.9639423076923077 0.35336538461538475 0.9639423076923077
0 0.560096153846154 0.9086538461538461 0.4879807692307694 0.9086538461538461 0.4879807692307694 0.9855769230769231 0.560096153846154 0.9855769230769231
0 0.6322115384615384 0.7668269230769231 0.5625000000000001 0.7668269230769231 0.5625000000000001 0.9831730769230769 0.6322115384615384 0.9831730769230769
0 0.6802884615384616 0.8870192307692307 0.6346153846153846 0.8870192307692307 0.6346153846153846 0.9134615384615384 0.6802884615384616 0.9134615384615384
0 0.6875 0.75 0.6274038461538461 0.75 0.6274038461538461 0.8725961538461539 0.6875 0.8725961538461539
0 0.6923076923076923 0.9230769230769231 0.6394230769230769 0.9230769230769231 0.6394230769230769 0.9807692307692307 0.6923076923076923 0.9807692307692307
0 0.7572115384615384 0.7475961538461539 0.6875 0.7475961538461539 0.6875 0.9639423076923077 0.7572115384615384 0.9639423076923077
0 0.8173076923076923 0.8653846153846154 0.7331730769230769 0.8653846153846154 0.7331730769230769 0.9783653846153846 0.8173076923076923 0.9783653846153846
0 0.8317307692307693 0.7548076923076923 0.7692307692307693 0.7548076923076923 0.7692307692307693 0.8028846153846154 0.8317307692307693 0.8028846153846154
0 0.9038461538461539 0.7596153846153846 0.8221153846153846 0.7596153846153846 0.8221153846153846 0.8774038461538461 0.9038461538461539 0.8774038461538461
0 0.8846153846153846 0.9182692307692307 0.8100961538461539 0.9182692307692307 0.8100961538461539 0.9759615384615384 0.8846153846153846 0.9759615384615384
0 0.8197115384615384 0.8341346153846154 0.7620192307692307 0.8341346153846154 0.7620192307692307 0.8557692307692307 0.8197115384615384 0.8557692307692307
0 0.1850961538461539 0.4110576923076923 0.11778846153846158 0.4110576923076923 0.11778846153846159 0.4519230769230769 0.1850961538461539 0.4519230769230769
0 0.18028846153846154 0.1971153846153846 0.08173076923076926 0.1971153846153846 0.08173076923076926 0.2764423076923077 0.18028846153846154 0.2764423076923077
0 0.8966346153846154 0.8942307692307693 0.8245192307692307 0.8942307692307693 0.8245192307692307 0.9110576923076923 0.8966346153846154 0.9110576923076923
0 0.4134615384615386 0.7620192307692307 0.35336538461538475 0.7620192307692307 0.35336538461538475 0.9519230769230769 0.4134615384615386 0.9519230769230769
0 0.48557692307692324 0.8557692307692307 0.4326923076923078 0.8557692307692307 0.4326923076923078 0.9639423076923077 0.48557692307692324 0.9639423076923077
2 1.028241259936124 0.9705891238160125 0.9996645245180549 -0.011529544178251345 0.008332870382996328 0.017315261765239582 0.03690960580106541 0.9994339297595034