2 0.9884332283653846 0.010307153846153966 1.1234133733223362e-17 0.010307153846153907 7.183534254229043e-17 1 0.9884332283653846 1
0 0.1909195814412864 0.24216827593178508 0.18085474039563362 0.17310863837606194 0.03199614693511646 0.19480348263658456 0.042060987980769224 0.26386312019230773
0 0.2057984086538462 0.26386312019230773 0.022532673076923113 0.26386312019230773 0.022532673076923117 0.33807462259615384 0.20579840865384622 0.33807462259615384
0 0.21631365624999999 0.3277674711538463 0.018944515670905097 0.31735022057797174 0.015021781123476212 0.39167182210870666 0.21239092170257112 0.4020890726845812
0 0.12317860817307692 0.45145330769230774 0.1212104121919605 0.3998207811996167 0.010515247596153847 0.4040404038461539 0.012483443577270261 0.45567293033884493
0 0.2027940504807693 0.5524634086538462 0.02518577627875003 0.5483323758065539 0.023934947087986345 0.6021101166537753 0.2015432212900056 0.6062411495010677
0 0.21772327003446262 0.8125525067728486 0.04957187980769237 0.7854050697115382 0.03659763034552462 0.8657676497696623 0.20474902057229488 0.8929150868309728
0 0.22658569205967366 0.7560218995811707 0.016945415578437036 0.7192497257812451 0.007510891826923156 0.7730364879807692 0.21715116830815978 0.8098086617806947
0 0.22232236778846162 0.6782106778846155 0.0033123700946884496 0.6636007937218391 -0.0012587768280494921 0.7321247372283484 0.2177512208657237 0.7467346213911248
0 0.4862470586086055 0.19049289245853157 0.47919483173076916 0.12368583894230767 0.2723529101413944 0.14552030225300688 0.27940513701923075 0.21232735576923079
0 0.5093765518665578 0.27460692821683996 0.500225326923077 0.2061430625 0.2567343087103653 0.23868929774469855 0.26588553365384615 0.3071531634615385
0 0.49783957854544336 0.35004258125541754 0.4927144375000001 0.2844774278846154 0.2472643694708952 0.3036639340329103 0.25238951051633846 0.36922908740371246
0 0.5 0.42788461538461536 0.2475961538461539 0.42788461538461536 0.2475961538461539 0.49759615384615385 0.5 0.49759615384615385
0 0.47596153846153855 0.5048076923076923 0.25721153846153855 0.5048076923076923 0.25721153846153855 0.5721153846153846 0.4759615384615386 0.5721153846153846
0 0.7211538461538461 0.47596153846153855 0.5096153846153846 0.47596153846153844 0.5096153846153846 0.5432692307692308 0.7211538461538461 0.543269230769231
0 0.48317307692307704 0.6466346153846154 0.26682692307692313 0.6466346153846154 0.26682692307692313 0.7235576923076923 0.48317307692307704 0.7235576923076923
0 0.48317307692307704 0.5745192307692307 0.2548076923076924 0.5745192307692307 0.2548076923076924 0.6346153846153846 0.48317307692307704 0.6346153846153846
0 0.6274038461538461 0.23557692307692316 0.5793269230769231 0.23557692307692316 0.5793269230769231 0.3004807692307693 0.6274038461538461 0.3004807692307693
0 0.7475961538461539 0.20192307692307698 0.6923076923076923 0.20192307692307698 0.6923076923076923 0.27644230769230776 0.7475961538461539 0.27644230769230776
0 0.6225961538461539 0.3125000000000001 0.5721153846153846 0.3125000000000001 0.5721153846153846 0.39182692307692324 0.6225961538461539 0.39182692307692324
0 0.7427884615384616 0.3028846153846155 0.6923076923076923 0.3028846153846155 0.6923076923076923 0.37259615384615397 0.7427884615384616 0.37259615384615397
0 0.6201923076923077 0.4014423076923078 0.5721153846153846 0.4014423076923078 0.5721153846153846 0.46634615384615397 0.6201923076923077 0.46634615384615397
0 0.7427884615384616 0.3942307692307694 0.6923076923076923 0.3942307692307694 0.6923076923076923 0.45432692307692324 0.7427884615384616 0.45432692307692324
0 0.6177884615384616 0.5528846153846155 0.5745192307692307 0.5528846153846155 0.5745192307692308 0.6129807692307694 0.6177884615384616 0.6129807692307694
0 0.8052884615384616 0.560096153846154 0.6947115384615384 0.560096153846154 0.6947115384615384 0.6418269230769231 0.8052884615384616 0.6418269230769231
0 0.7980769230769231 0.07932692307692318 0.7211538461538461 0.07932692307692318 0.7211538461538461 0.14903846153846165 0.7980769230769231 0.14903846153846165