1 1 0.19951923076923087 0.40384615384615385 0.19951923076923084 0.40384615384615385 0.5384615384615385 1 0.5384615384615385
0 0.4230769230769231 0.0336538461538462 0.3557692307692308 0.033653846153846194 0.3557692307692308 0.13461538461538466 0.4230769230769231 0.1346153846153847
0 0.4807692307692308 0.026442307692307748 0.41346153846153844 0.026442307692307744 0.41346153846153844 0.14423076923076927 0.4807692307692308 0.1442307692307693
0 0.5336538461538461 0.026442307692307758 0.47115384615384615 0.02644230769230775 0.47115384615384615 0.1442307692307693 0.5336538461538461 0.1442307692307693
0 0.5721153846153846 0.02644230769230776 0.5264423076923077 0.02644230769230776 0.5264423076923077 0.13942307692307698 0.5721153846153846 0.13942307692307698
0 0.4350961538461539 0.20913461538461545 0.31490384615384615 0.20913461538461545 0.3149038461538462 0.5697115384615384 0.43509615384615397 0.5697115384615384
0 0.5480769230769231 0.2163461538461539 0.45913461538461536 0.2163461538461539 0.45913461538461536 0.3485576923076923 0.5480769230769231 0.3485576923076923
0 0.6201923076923077 0.20432692307692316 0.5576923076923077 0.20432692307692316 0.5576923076923077 0.30769230769230776 0.6201923076923077 0.3076923076923078
0 0.5096153846153847 0.44471153846153844 0.4326923076923077 0.44471153846153844 0.43269230769230776 0.6778846153846154 0.5096153846153848 0.6778846153846154
0 0.6153846153846154 0.5192307692307693 0.5216346153846154 0.5192307692307693 0.5216346153846154 0.6730769230769231 0.6153846153846154 0.6730769230769231
0 0.6370192307692307 0.4567307692307694 0.5745192307692307 0.4567307692307694 0.5745192307692307 0.5216346153846155 0.6370192307692307 0.5216346153846155
0 0.7427884615384616 0.4447115384615386 0.6442307692307693 0.4447115384615386 0.6442307692307693 0.7163461538461539 0.7427884615384616 0.7163461538461539
0 0.3774038461538463 0.7091346153846154 0.2836538461538462 0.7091346153846154 0.28365384615384626 0.9278846153846154 0.3774038461538463 0.9278846153846154
0 0.4399038461538463 0.7379807692307693 0.3629807692307694 0.7379807692307693 0.3629807692307694 0.8149038461538461 0.4399038461538463 0.8149038461538461
0 0.4951923076923078 0.7331730769230769 0.42788461538461553 0.7331730769230769 0.42788461538461553 0.9086538461538461 0.4951923076923078 0.9086538461538461
0 0.5504807692307694 0.7259615384615384 0.48557692307692324 0.7259615384615384 0.48557692307692324 0.9350961538461539 0.5504807692307694 0.9350961538461539
0 0.6033653846153848 0.7139423076923077 0.5312500000000001 0.7139423076923077 0.5312500000000001 0.9038461538461539 0.6033653846153848 0.9038461538461539
0 0.6346153846153846 0.7211538461538461 0.591346153846154 0.7211538461538461 0.591346153846154 0.8485576923076923 0.6346153846153846 0.8485576923076923
0 0.7019230769230769 0.7211538461538461 0.6322115384615384 0.7211538461538461 0.6322115384615384 0.8822115384615384 0.7019230769230769 0.8822115384615384
2 1.0044886534067554 0.9263773621102819 0.96601591489914 -0.02054253912101676 0.09973701870392294 0.014653807903316735 0.13820975721153844 0.9615737091346155