2 1.0020349361349696 0.9554868767636686 0.9808461562712505 -0.009190076759631537 0.00654878846153846 0.012210012019230769 0.027737568325257665 0.976886965542531
0 0.9137897511749848 0.1997623300483346 0.8959645594857943 0.11162677954190042 0.6460582385992708 0.16216969949356574 0.6638834302884615 0.2503052499999999
0 0.9404822270995946 0.28838726825166044 0.9332023581730768 0.21672771634615381 0.6770685277080978 0.2427482629983395 0.6843483966346154 0.3144078149038461
0 0.9262882168667959 0.3290563656688079 0.9188810659843989 0.28408433656998167 0.6834900318099106 0.32285458868963524 0.6908971826923076 0.36782661778846154
0 0.8865422403846155 0.39682539663461536 0.8824492475961538 0.34493284375 0.6999536654910187 0.35932706912455986 0.7040466582794802 0.41121962200917533
0 0.9254807692307693 0.42067307692307704 0.6947115384615384 0.42067307692307704 0.6947115384615384 0.46634615384615397 0.9254807692307693 0.46634615384615397
0 0.9471153846153846 0.46634615384615397 0.7067307692307693 0.46634615384615397 0.7067307692307693 0.512019230769231 0.9471153846153846 0.512019230769231
0 0.8822115384615384 0.5168269230769232 0.7067307692307693 0.5168269230769232 0.7067307692307693 0.5625000000000001 0.8822115384615384 0.5625000000000001
0 0.9134615384615384 0.5793269230769232 0.7091346153846154 0.5793269230769232 0.7091346153846154 0.6225961538461539 0.9134615384615384 0.6225961538461539
0 0.9254807692307693 0.625 0.7043269230769231 0.625 0.7043269230769231 0.6730769230769231 0.9254807692307693 0.6730769230769231
0 0.96875 0.6778846153846154 0.7115384615384616 0.6778846153846154 0.7115384615384616 0.7211538461538461 0.96875 0.7211538461538461
0 0.8028846153846154 0.7331730769230769 0.7163461538461539 0.7331730769230769 0.7163461538461539 0.7764423076923077 0.8028846153846154 0.7764423076923077