1 0.6466346153846154 0.35096153846153855 0.3629807692307692 0.35096153846153844 0.3629807692307693 0.9951923076923077 0.6466346153846154 0.9951923076923077
0 0.23557692307692316 0.28125 0.07932692307692311 0.28125 0.07932692307692311 0.36538461538461536 0.23557692307692316 0.36538461538461536
0 0.24278846153846162 0.375 0.08173076923076926 0.375 0.08173076923076929 0.43509615384615385 0.24278846153846162 0.43509615384615385
0 0.2548076923076924 0.4375 0.0817307692307693 0.4375 0.0817307692307693 0.49759615384615385 0.2548076923076924 0.49759615384615385
0 0.25000000000000006 0.5 0.08413461538461545 0.5 0.08413461538461545 0.5528846153846154 0.25000000000000006 0.5528846153846154
0 0.7115384615384616 0.2379807692307693 0.3269230769230769 0.2379807692307693 0.3269230769230769 0.3677884615384616 0.7115384615384616 0.3677884615384617
0 0.4855769230769231 0.39663461538461536 0.34375 0.39663461538461536 0.34375 0.5048076923076923 0.4855769230769231 0.5048076923076923
0 0.4471153846153847 0.5264423076923077 0.33413461538461536 0.5264423076923077 0.3341346153846155 0.59375 0.44711538461538475 0.59375
0 0.9519230769230769 0.23076923076923087 0.8100961538461539 0.23076923076923084 0.8100961538461539 0.29567307692307704 0.9519230769230769 0.29567307692307704
0 0.8942307692307693 0.30048076923076933 0.8293269230769231 0.3004807692307693 0.8293269230769231 0.3629807692307694 0.8942307692307693 0.3629807692307694
0 0.9567307692307693 0.3629807692307694 0.8221153846153846 0.3629807692307694 0.8221153846153846 0.4182692307692309 0.9567307692307693 0.4182692307692309
0 0.9759615384615384 0.42067307692307704 0.8293269230769231 0.42067307692307704 0.8293269230769231 0.46634615384615397 0.9759615384615384 0.46634615384615397
0 0.9543269230769231 0.4687500000000001 0.8149038461538461 0.4687500000000001 0.8149038461538461 0.5048076923076924 0.9543269230769231 0.5048076923076924
0 0.9278846153846154 0.512019230769231 0.8293269230769231 0.512019230769231 0.8293269230769231 0.5504807692307694 0.9278846153846154 0.5504807692307694
0 0.9471153846153846 0.5552884615384617 0.8269230769230769 0.5552884615384617 0.8269230769230769 0.6081730769230771 0.9471153846153846 0.6081730769230771
2 1.005199611212436 0.9007291315940532 0.9760229704928508 0.020629349199489132 0.033671406249999994 0.05186973076923077 0.0628480469695852 0.9319695131637948