0 0.7644230769230769 0.15625000000000006 0.6514423076923077 0.15625000000000006 0.6514423076923077 0.20913461538461545 0.7644230769230769 0.20913461538461545
0 0.6514423076923077 0.23557692307692316 0.4639423076923077 0.23557692307692316 0.4639423076923077 0.2740384615384616 0.6514423076923077 0.2740384615384616
0 0.5817307692307693 0.2788461538461539 0.46634615384615385 0.2788461538461539 0.46634615384615385 0.31971153846153855 0.5817307692307693 0.3197115384615386
0 0.3629807692307692 0.1971153846153847 0.30528846153846156 0.1971153846153847 0.30528846153846156 0.2283653846153847 0.3629807692307692 0.2283653846153847
0 0.6770833341346155 0.39130434855769247 0.06265946272052139 0.38797376114950693 0.06238235416575219 0.43909450657861976 0.6768062255798463 0.4424250939868053
0 0.1129807692307693 0.4206730769230769 0.0649038461538462 0.4206730769230769 0.0649038461538462 0.4543269230769231 0.1129807692307693 0.4543269230769231
0 0.6466346153846154 0.43750000000000006 0.29807692307692313 0.4375 0.29807692307692313 0.4879807692307693 0.6466346153846154 0.4879807692307694
0 0.319884921429484 0.5264600859792681 0.17187500000000006 0.5010869567307694 0.1664122032201584 0.5329532714549357 0.31442212464964236 0.5583264007034343
0 0.7211538461538461 0.5264423076923077 0.39663461538461536 0.5264423076923077 0.3966346153846155 0.5793269230769231 0.7211538461538461 0.5793269230769232
0 0.7043269230769231 0.5817307692307693 0.45192307692307704 0.5817307692307693 0.45192307692307704 0.625 0.7043269230769231 0.625
0 0.1971153846153847 0.5408653846153846 0.09615384615384623 0.5408653846153846 0.09615384615384623 0.5793269230769231 0.1971153846153847 0.5793269230769231
0 0.4062500000000001 0.5600961538461539 0.26682692307692313 0.5600961538461539 0.26682692307692313 0.6177884615384616 0.4062500000000001 0.6177884615384616
0 0.4906455072988694 0.6634415648435177 0.07291666586538464 0.5815217379807692 0.06404199270113055 0.6267758245795592 0.48177083413461536 0.7086956514423076
0 0.41849493019776784 0.6887449532696712 0.08072916586538467 0.6260869567307694 0.07022459475508433 0.6827131606639196 0.40799035908746745 0.7453711572028214
2 1 0.018478262019230893 0.00781250000000005 0.01847826201923083 0.007812500000000108 0.9543478269230768 1 0.9543478269230768