2 0.977934875 0.9636363629807694 0.9744999297118037 0.032889762095448194 0.01268972715390006 0.0364393484385763 0.016124672442096404 0.9671859493238973
0 0.7836538461538461 0.1634615384615385 0.11778846153846158 0.16346153846153846 0.11778846153846158 0.25961538461538464 0.7836538461538461 0.2596153846153847
0 0.7115384615384616 0.264423076923077 0.11057692307692311 0.2644230769230769 0.11057692307692311 0.3413461538461539 0.7115384615384616 0.34134615384615397
0 0.7596153846153846 0.3677884615384616 0.10576923076923081 0.36778846153846156 0.10576923076923082 0.451923076923077 0.7596153846153846 0.45192307692307704
0 0.6610576923076923 0.4783653846153847 0.10336538461538468 0.47836538461538464 0.10336538461538468 0.5528846153846154 0.6610576923076923 0.5528846153846155
0 0.608173076923077 0.5552884615384616 0.1177884615384616 0.5552884615384616 0.1177884615384616 0.6274038461538461 0.6081730769230771 0.6274038461538461
0 0.9230769230769231 0.1610576923076924 0.8100961538461539 0.16105769230769237 0.8100961538461539 0.23076923076923087 0.9230769230769231 0.2307692307692309
0 0.9110576923076923 0.23798076923076936 0.8509615384615384 0.23798076923076936 0.8509615384615384 0.2932692307692309 0.9110576923076923 0.2932692307692309
0 0.9399038461538461 0.5552884615384617 0.7980769230769231 0.5552884615384617 0.7980769230769231 0.6153846153846154 0.9399038461538461 0.6153846153846154
0 0.19471153846153852 0.65625 0.0408653846153847 0.65625 0.0408653846153847 0.7403846153846154 0.19471153846153852 0.7403846153846154
0 0.9302884615384616 0.6177884615384616 0.8100961538461539 0.6177884615384616 0.8100961538461539 0.6802884615384616 0.9302884615384616 0.6802884615384616