2 0.9801906995192307 0.05895911298076935 1.2340371611819407e-17 0.058959112980769286 6.996250711956375e-17 1 0.9801906995192307 1
0 0.2984214705803686 0.8426917143984499 0.2942927980769231 0.7522629927884616 0.04486609913116986 0.7636509803130888 0.048994771634615394 0.854079701923077
0 0.285498843608145 0.7346645438849027 0.2798202644230769 0.686804704326923 0.01854478139185501 0.7178050907304818 0.024223360576923075 0.7656649302884616
0 0.28343776155624056 0.6787042766331122 0.27808307281880057 0.6373702309756288 0.036238130974098455 0.668700442323286 0.041592819711538456 0.7100344879807692
0 0.26933389019693055 0.638954456633684 0.26390518486215714 0.5883277495861191 0.07318962879984195 0.6087781919908968 0.0786183341346154 0.6594048990384617
0 0.27644230769230776 0.5360576923076923 0.04326923076923084 0.5360576923076923 0.04326923076923084 0.5865384615384616 0.27644230769230776 0.5865384615384616
0 0.2716346153846155 0.4879807692307692 0.016826923076923135 0.4879807692307692 0.01682692307692314 0.5336538461538461 0.2716346153846155 0.5336538461538461
0 0.2716346153846155 0.4423076923076923 0.0865384615384616 0.4423076923076923 0.0865384615384616 0.49278846153846156 0.2716346153846155 0.49278846153846156
0 0.27644230769230776 0.38221153846153844 0.06730769230769236 0.38221153846153844 0.06730769230769236 0.4375 0.27644230769230776 0.4375
0 0.2788461538461539 0.3317307692307692 0.05048076923076927 0.3317307692307692 0.050480769230769273 0.3870192307692308 0.2788461538461539 0.3870192307692308
0 0.2836538461538462 0.27884615384615385 0.002403846153846188 0.27884615384615385 0.0024038461538461917 0.3389423076923077 0.2836538461538462 0.3389423076923077
0 0.2764423076923077 0.2283653846153846 0.18269230769230768 0.2283653846153846 0.18269230769230768 0.27884615384615385 0.2764423076923077 0.27884615384615385