2 0.9658120432692306 0.0804777716346155 0.05349125952724448 0.02953903293281266 0.0006350384615385704 0.9762022259615386 0.9129558222035248 1.0271409646633414
0 0.32692307692307704 0.8173076923076923 0.22115384615384623 0.8173076923076923 0.22115384615384626 0.9543269230769231 0.32692307692307704 0.9543269230769231
0 0.38461538461538475 0.8197115384615384 0.3197115384615386 0.8197115384615384 0.3197115384615386 0.9615384615384616 0.38461538461538475 0.9615384615384616
0 0.45913461538461553 0.8173076923076923 0.3870192307692309 0.8173076923076923 0.3870192307692309 0.9615384615384616 0.45913461538461553 0.9615384615384616
0 0.5096153846153848 0.8245192307692307 0.4447115384615386 0.8245192307692307 0.4447115384615386 0.9711538461538461 0.5096153846153848 0.9711538461538461
0 0.33894230769230776 0.35336538461538464 0.19951923076923084 0.35336538461538464 0.19951923076923084 0.7427884615384616 0.3389423076923078 0.7427884615384616
0 0.4759615384615386 0.5913461538461539 0.36057692307692324 0.5913461538461539 0.36057692307692324 0.7331730769230769 0.4759615384615386 0.7331730769230769
0 0.5937500000000001 0.5528846153846154 0.47836538461538464 0.5528846153846154 0.4783653846153847 0.7548076923076923 0.5937500000000001 0.7548076923076923
0 0.7331730769230769 0.5528846153846155 0.6201923076923077 0.5528846153846155 0.6201923076923077 0.7644230769230769 0.7331730769230769 0.7644230769230769
0 0.84375 0.6923076923076923 0.7283653846153846 0.6923076923076923 0.7283653846153846 0.78125 0.84375 0.78125
0 0.4375 0.2788461538461539 0.34134615384615385 0.2788461538461539 0.34134615384615385 0.47596153846153844 0.4375 0.47596153846153844
0 0.5360576923076923 0.2740384615384616 0.4375 0.2740384615384616 0.4375 0.5024038461538461 0.5360576923076923 0.5024038461538461
0 0.5865384615384616 0.4158653846153847 0.5216346153846154 0.41586538461538464 0.5216346153846154 0.48557692307692313 0.5865384615384616 0.48557692307692324
0 0.6899038461538461 0.24038461538461545 0.6009615384615384 0.24038461538461545 0.6009615384615384 0.5000000000000001 0.6899038461538461 0.5000000000000001
0 0.7572115384615384 0.34855769230769246 0.6730769230769231 0.34855769230769246 0.6730769230769231 0.49759615384615397 0.7572115384615384 0.49759615384615397
0 0.6322115384615384 0.1129807692307693 0.5745192307692307 0.1129807692307693 0.5745192307692307 0.24519230769230776 0.6322115384615384 0.24519230769230776
0 0.5697115384615384 0.1346153846153847 0.5192307692307693 0.1346153846153847 0.5192307692307693 0.24038461538461545 0.5697115384615384 0.24038461538461545
0 0.5240384615384616 0.09134615384615391 0.46634615384615385 0.09134615384615391 0.46634615384615385 0.24278846153846162 0.5240384615384616 0.24278846153846162
0 0.4807692307692308 0.06971153846153852 0.4206730769230769 0.06971153846153852 0.4206730769230769 0.23557692307692316 0.4807692307692308 0.23557692307692316
0 0.4254807692307692 0.08173076923076929 0.3557692307692308 0.08173076923076926 0.3557692307692308 0.23317307692307698 0.4254807692307692 0.23317307692307698
0 0.2877178197115385 0.24779403365384617 0.26977057557130335 0.07062453024405678 0.20181715144230772 0.07750820192307693 0.21976439558254282 0.25467770533286627
0 0.3579475865384616 0.22573176682692309 0.3563119795619888 0.14933043141604788 0.28498117548076923 0.15085748798076923 0.28661678245724204 0.22725882339164444