2 0.9635109038461539 0.011845362980769351 1.8630529382073704e-17 0.01184536298076929 7.406094807341651e-17 0.9170927980769231 0.9635109038461539 0.9170927980769231
0 0.9038461538461539 0.6009615384615385 0.7355769230769231 0.6009615384615385 0.7355769230769231 0.6802884615384616 0.9038461538461539 0.6802884615384616
0 0.9014423076923077 0.5312500000000001 0.7067307692307693 0.5312500000000001 0.7067307692307693 0.5961538461538463 0.9014423076923077 0.5961538461538463
0 0.9014423076923077 0.4687500000000001 0.7235576923076923 0.4687500000000001 0.7235576923076923 0.5264423076923078 0.9014423076923077 0.5264423076923078
0 0.90625 0.4014423076923078 0.7307692307692307 0.4014423076923078 0.7307692307692307 0.47355769230769246 0.90625 0.47355769230769246
0 0.6346153846153846 0.6298076923076923 0.2548076923076924 0.6298076923076923 0.2548076923076924 0.7596153846153846 0.6346153846153846 0.7596153846153846
0 0.6274038461538461 0.48557692307692313 0.4735576923076923 0.4855769230769231 0.4735576923076924 0.5937500000000001 0.6274038461538461 0.5937500000000001
0 0.6490384615384616 0.3725961538461539 0.4326923076923077 0.37259615384615385 0.4326923076923077 0.4783653846153847 0.6490384615384616 0.47836538461538475
0 0.6634615384615384 0.24278846153846162 0.43509615384615385 0.24278846153846162 0.43509615384615385 0.3413461538461539 0.6634615384615384 0.34134615384615397
0 0.6802884615384616 0.12500000000000006 0.5793269230769231 0.12500000000000006 0.5793269230769231 0.22115384615384623 0.6802884615384616 0.22115384615384623
0 0.1538461538461539 0.7139423076923077 0.0024038461538462416 0.7139423076923077 0.0024038461538462455 0.7884615384615384 0.1538461538461539 0.7884615384615384
0 0.13701923076923087 0.6610576923076923 0.07451923076923085 0.6610576923076923 0.07451923076923085 0.7163461538461539 0.13701923076923087 0.7163461538461539
0 0.14182692307692316 0.6081730769230769 0.0072115384615385365 0.6081730769230769 0.007211538461538539 0.6610576923076923 0.14182692307692316 0.6610576923076923
0 0.13701923076923084 0.5552884615384616 0.004807692307692376 0.5552884615384616 0.004807692307692379 0.6105769230769231 0.13701923076923084 0.6105769230769231
0 0.15144230769230776 0.5192307692307693 0.02644230769230775 0.5192307692307693 0.026442307692307758 0.5576923076923077 0.15144230769230776 0.5576923076923077
0 0.1538461538461539 0.47115384615384615 0.045673076923076976 0.47115384615384615 0.04567307692307698 0.5192307692307693 0.1538461538461539 0.5192307692307693
0 0.15865384615384623 0.4206730769230769 0.03846153846153851 0.4206730769230769 0.03846153846153851 0.4735576923076923 0.15865384615384623 0.4735576923076923
1 0.38221153846153855 0.03365384615384619 0.1466346153846154 0.03365384615384617 0.14663461538461542 0.6394230769230769 0.3822115384615386 0.6394230769230769