2 0.9924554879224344 0.9175574515278796 0.9557415705360361 0.015092026384869386 0.0387796955943711 0.052395685433913 0.07549361298076923 0.9548611105769231
0 0.2716346153846155 0.2980769230769231 0.10576923076923081 0.2980769230769231 0.10576923076923081 0.36538461538461536 0.2716346153846155 0.36538461538461536
0 0.3028846153846155 0.3798076923076923 0.11057692307692311 0.3798076923076923 0.11057692307692313 0.43509615384615385 0.3028846153846155 0.43509615384615385
0 0.7596153846153846 0.24278846153846162 0.38221153846153844 0.24278846153846162 0.38221153846153844 0.3413461538461539 0.7596153846153846 0.34134615384615397
0 0.5721153846153846 0.39182692307692313 0.4182692307692308 0.3918269230769231 0.4182692307692308 0.4735576923076924 0.5721153846153846 0.47355769230769246
0 0.625 0.4879807692307693 0.41586538461538464 0.4879807692307692 0.4158653846153847 0.5745192307692308 0.625 0.574519230769231
0 0.543269230769231 0.6129807692307693 0.4014423076923078 0.6129807692307693 0.4014423076923078 0.6778846153846154 0.543269230769231 0.6778846153846154
0 0.4927884615384617 0.7139423076923077 0.40384615384615397 0.7139423076923077 0.40384615384615397 0.7956730769230769 0.4927884615384617 0.7956730769230769
0 0.3318413720708438 0.48174434900795504 0.32691316607009185 0.43150380687626366 0.10452961778846157 0.4533179014423077 0.10945782378921348 0.5035584435739991
0 0.32119244994446006 0.5375612539632603 0.3162503241692483 0.48954576728082394 0.10394289105171135 0.5113980926444868 0.10888501682692307 0.559413579326923
1 0.8341346153846154 0.3485576923076924 0.5576923076923077 0.3485576923076923 0.5576923076923077 0.9134615384615384 0.8341346153846154 0.9134615384615384
0 0.9479133082537614 0.5098142957111018 0.9430473329289117 0.4731923223451041 0.8514058011174582 0.4853687670186177 0.8562717764423079 0.5219907403846153
0 0.9342610101926618 0.47300047654651645 0.9311687424415236 0.4408064149821535 0.8549216697488619 0.44813001295486793 0.8580139375000001 0.48032407451923087
0 0.95438811493519 0.4385064516488859 0.9512195117676587 0.4085648125266228 0.8513610146209302 0.4191324353969677 0.8545296177884615 0.4490740745192308
0 0.9627302479700469 0.4023230788683773 0.959059233173077 0.37268518509615384 0.8526007616453378 0.3858713658431612 0.8562717764423079 0.41550925961538454
0 0.9533937176129037 0.3702157747637329 0.9486062716346153 0.329861110576923 0.8487857059842173 0.3417032501462487 0.8535731519625056 0.38205791433305847
0 0.9130031731070323 0.3277570306479476 0.9065230050526856 0.28525692853383317 0.8471783680033459 0.2943054531743472 0.8536585360576925 0.33680555528846157
0 0.9503484326923076 0.27662037019230773 0.9439057632028286 0.23589012633326392 0.8341496646451365 0.25325123691018697 0.8405923341346155 0.29398148076923075