2 1 6.123233995736766e-17 0 0 6.123233995736766e-17 1 1 1
0 0.3125000000000001 0.9014423076923077 0.2307692307692309 0.9014423076923077 0.2307692307692309 0.9663461538461539 0.3125000000000001 0.9663461538461539
0 0.4038461538461539 0.4495192307692308 0.34375 0.4495192307692308 0.34375000000000006 0.5721153846153846 0.40384615384615397 0.5721153846153846
0 0.34375000000000006 0.3798076923076923 0.2716346153846155 0.3798076923076923 0.2716346153846155 0.5697115384615384 0.3437500000000001 0.5697115384615384
0 0.24038461538461542 0.2548076923076923 0.16346153846153846 0.2548076923076923 0.1634615384615385 0.3870192307692308 0.24038461538461545 0.3870192307692308
0 0.7355769230769231 0.2596153846153847 0.6490384615384616 0.2596153846153847 0.6490384615384616 0.6418269230769231 0.7355769230769231 0.6418269230769231
0 0.7956730769230769 0.31730769230769246 0.7091346153846154 0.31730769230769246 0.7091346153846154 0.6009615384615385 0.7956730769230769 0.6009615384615385
0 0.7668269230769231 0.8365384615384616 0.7115384615384616 0.8365384615384616 0.7115384615384616 0.9519230769230769 0.7668269230769231 0.9519230769230769
0 0.6274038461538461 0.3725961538461539 0.5432692307692307 0.37259615384615385 0.5432692307692308 0.7524038461538461 0.6274038461538461 0.7524038461538461
0 0.5721153846153847 0.3533653846153847 0.47115384615384615 0.35336538461538464 0.4711538461538462 0.9663461538461539 0.5721153846153848 0.9663461538461539
0 0.7995652115384616 0.6374589182692308 0.7466220431456894 0.6237438759614153 0.7086720384868689 0.770239485822821 0.7616152068796413 0.7839545281306367
0 0.8907893461538465 0.540497403846154 0.8155167845357851 0.5298849864976021 0.7540969280793953 0.9655284198306214 0.8293694896974567 0.9761408371791733
0 0.9326474807692308 0.6260332572115387 0.8749052096980698 0.618940679026999 0.8331529278846155 0.9588553774038464 0.8908951989557765 0.9659479555883859