2 1.0185051720383436 0.9552467564283652 1 0.027359781250000006 0.00046804190396405133 0.0472937940524042 0.018973213942307696 0.9751807692307695
0 0.20192307692307698 0.2932692307692308 0.048076923076923114 0.2932692307692308 0.04807692307692312 0.375 0.20192307692307698 0.375
0 0.21394230769230776 0.38221153846153844 0.04807692307692313 0.38221153846153844 0.04807692307692313 0.4495192307692308 0.21394230769230776 0.4495192307692308
0 0.2283653846153847 0.45913461538461536 0.05048076923076928 0.45913461538461536 0.05048076923076929 0.5096153846153846 0.2283653846153847 0.5096153846153846
0 0.22115384615384623 0.5168269230769231 0.0504807692307693 0.5168269230769231 0.0504807692307693 0.5793269230769231 0.22115384615384623 0.5793269230769231
0 0.9951923076923077 0.17067307692307707 0.8846153846153846 0.17067307692307707 0.8846153846153846 0.25961538461538475 0.9951923076923077 0.25961538461538475
0 0.9759615384615384 0.2620192307692309 0.9014423076923077 0.2620192307692309 0.9014423076923077 0.33413461538461553 0.9759615384615384 0.33413461538461553
0 0.9975961538461539 0.3389423076923078 0.8990384615384616 0.3389423076923078 0.8990384615384616 0.3942307692307694 0.9975961538461539 0.3942307692307694
0 0.9927884615384616 0.3990384615384617 0.8942307692307693 0.3990384615384617 0.8942307692307693 0.4495192307692309 0.9927884615384616 0.4495192307692309
0 0.9975961538461539 0.45432692307692324 0.8822115384615384 0.45432692307692324 0.8822115384615384 0.5000000000000001 0.9975961538461539 0.5000000000000001
0 1 0.49759615384615397 0.8894230769230769 0.49759615384615397 0.8894230769230769 0.5480769230769232 1 0.5480769230769232
0 0.9927884615384616 0.5552884615384617 0.8966346153846154 0.5552884615384617 0.8966346153846154 0.6105769230769232 0.9927884615384616 0.6105769230769232
1 0.6153846153846154 0.3533653846153847 0.3293269230769231 0.35336538461538464 0.32932692307692313 0.9783653846153846 0.6153846153846154 0.9783653846153846