2 1.0029802653248225 0.9240941465226379 0.9739999526653674 0.018439760558953522 0.04608294951923076 0.04813246153846154 0.07506326217868588 0.9537868475021459
0 0.29807692307692313 0.29086538461538464 0.12500000000000003 0.29086538461538464 0.12500000000000003 0.3701923076923077 0.29807692307692313 0.3701923076923077
0 0.3293269230769231 0.3798076923076923 0.1274038461538462 0.3798076923076923 0.1274038461538462 0.43028846153846156 0.3293269230769231 0.43028846153846156
0 0.3317307692307692 0.43990384615384615 0.12980769230769237 0.43990384615384615 0.12980769230769237 0.49759615384615385 0.3317307692307692 0.49759615384615385
0 0.31971153846153844 0.4951923076923077 0.1177884615384616 0.4951923076923077 0.1177884615384616 0.5552884615384616 0.31971153846153844 0.5552884615384616
0 0.7764423076923077 0.25000000000000006 0.40384615384615385 0.25000000000000006 0.40384615384615385 0.3461538461538462 0.7764423076923077 0.3461538461538463
0 0.5865384615384616 0.38701923076923084 0.43990384615384615 0.3870192307692308 0.43990384615384615 0.47596153846153855 0.5865384615384616 0.4759615384615386
0 0.6346153846153846 0.483173076923077 0.4326923076923077 0.4831730769230769 0.43269230769230776 0.5721153846153847 0.6346153846153846 0.5721153846153848
0 0.6466346153846154 0.591346153846154 0.42307692307692324 0.5913461538461539 0.42307692307692324 0.6850961538461539 0.6466346153846154 0.6850961538461539
0 0.5168269230769232 0.7115384615384616 0.42067307692307704 0.7115384615384616 0.42067307692307704 0.8004807692307693 0.5168269230769232 0.8004807692307693
0 0.8413461538461539 0.35336538461538475 0.6802884615384616 0.35336538461538475 0.6802884615384616 0.4134615384615386 0.8413461538461539 0.4134615384615386
0 0.8461538461538461 0.4254807692307694 0.6778846153846154 0.4254807692307694 0.6778846153846154 0.4879807692307694 0.8461538461538461 0.4879807692307694
0 0.7524038461538461 0.4879807692307694 0.6875 0.4879807692307694 0.6875 0.5240384615384617 0.7524038461538461 0.5240384615384617
0 0.8822115384615384 0.5312500000000001 0.6850961538461539 0.5312500000000001 0.6850961538461539 0.591346153846154 0.8822115384615384 0.591346153846154
0 0.8125 0.591346153846154 0.6899038461538461 0.591346153846154 0.6899038461538461 0.6514423076923077 0.8125 0.6514423076923077
0 0.9567307692307693 0.24278846153846168 0.8533653846153846 0.24278846153846168 0.8533653846153846 0.29086538461538475 0.9567307692307693 0.29086538461538475
0 0.9134615384615384 0.29567307692307704 0.8629807692307693 0.29567307692307704 0.8629807692307693 0.34134615384615397 0.9134615384615384 0.34134615384615397
0 0.9711538461538461 0.3437500000000001 0.8629807692307693 0.3437500000000001 0.8629807692307693 0.37980769230769246 0.9711538461538461 0.37980769230769246
0 0.9759615384615384 0.3822115384615386 0.8677884615384616 0.3822115384615386 0.8677884615384616 0.41586538461538475 0.9759615384615384 0.41586538461538475
0 0.9639423076923077 0.4182692307692309 0.8653846153846154 0.4182692307692309 0.8653846153846154 0.4495192307692309 0.9639423076923077 0.4495192307692309
0 0.9519230769230769 0.4495192307692309 0.8677884615384616 0.4495192307692309 0.8677884615384616 0.4807692307692309 0.9519230769230769 0.4807692307692309
0 0.9663461538461539 0.48557692307692324 0.8725961538461539 0.48557692307692324 0.8725961538461539 0.5216346153846155 0.9663461538461539 0.5216346153846155