2 0.9607195552884615 6.580813748842994e-17 0.048194115384615446 9.932069532491159e-18 0.0481941153846155 0.9944783942307692 0.9607195552884615 0.9944783942307692
0 0.7692307692307693 0.2067307692307693 0.6682692307692307 0.2067307692307693 0.6682692307692307 0.6225961538461539 0.7692307692307693 0.6225961538461539
0 0.6153846153846154 0.21394230769230776 0.5192307692307693 0.21394230769230776 0.5192307692307693 0.35096153846153855 0.6153846153846154 0.3509615384615386
0 0.49278846153846156 0.20192307692307698 0.4182692307692308 0.20192307692307698 0.4182692307692308 0.3173076923076923 0.49278846153846156 0.3173076923076923
0 0.7091346153846154 8.301692244220039e-17 0.6466346153846154 7.91899011948649e-17 0.6466346153846154 0.1033653846153847 0.7091346153846154 0.10336538461538472
0 0.6370192307692307 0.024038461538461613 0.5769230769230769 0.024038461538461606 0.5769230769230769 0.1177884615384616 0.6370192307692307 0.1177884615384616
0 0.5745192307692307 0.04567307692307699 0.5192307692307693 0.04567307692307699 0.5192307692307693 0.13701923076923084 0.5745192307692307 0.13701923076923084
0 0.6586538461538461 0.5000000000000001 0.5649038461538461 0.5000000000000001 0.5649038461538463 0.7259615384615384 0.6586538461538461 0.7259615384615384
0 0.44711538461538475 0.7764423076923077 0.3870192307692309 0.7764423076923077 0.3870192307692309 0.9302884615384616 0.44711538461538475 0.9302884615384616
0 0.5048076923076924 0.7716346153846154 0.45432692307692324 0.7716346153846154 0.45432692307692324 0.90625 0.5048076923076924 0.90625
0 0.5480769230769232 0.7764423076923077 0.5048076923076924 0.7764423076923077 0.5048076923076924 0.9567307692307693 0.5480769230769232 0.9567307692307693
0 0.6033653846153848 0.7764423076923077 0.5480769230769232 0.7764423076923077 0.5480769230769232 0.9831730769230769 0.6033653846153848 0.9831730769230769
0 0.6634615384615384 0.7764423076923077 0.6033653846153848 0.7764423076923077 0.6033653846153848 0.9519230769230769 0.6634615384615384 0.9519230769230769
0 0.7307692307692307 0.7740384615384616 0.6682692307692307 0.7740384615384616 0.6682692307692307 0.8605769230769231 0.7307692307692307 0.8605769230769231
0 0.8269230769230769 0.7572115384615384 0.7331730769230769 0.7572115384615384 0.7331730769230769 0.9543269230769231 0.8269230769230769 0.9543269230769231
1 0.6850961538461539 0.24278846153846156 0.024038461538461564 0.24278846153846154 0.024038461538461585 0.5240384615384616 0.6850961538461539 0.5240384615384617