2 1.0057369950038808 0.9164708576541576 0.9740134735576924 -4.270088556250602e-18 0.02212788793583362 0.03294939772235288 0.05385140938202207 0.9494202553765104
0 0.6490384615384616 0.05769230769230776 0.46875 0.057692307692307744 0.46875 0.13221153846153852 0.6490384615384616 0.13221153846153852
0 0.7764423076923077 0.0673076923076924 0.71875 0.06730769230769239 0.71875 0.1658653846153847 0.7764423076923077 0.1658653846153847
0 0.9110576923076923 0.06971153846153857 0.8413461538461539 0.06971153846153856 0.8413461538461539 0.14663461538461547 0.9110576923076923 0.14663461538461547
0 0.4567307692307692 0.19711538461538464 0.1322115384615385 0.1971153846153846 0.1322115384615385 0.25480769230769235 0.4567307692307692 0.2548076923076924
0 0.6899038461538461 0.1346153846153847 0.5072115384615384 0.1346153846153847 0.5072115384615384 0.1971153846153847 0.6899038461538461 0.1971153846153847
0 0.6971153846153846 0.6923076923076923 0.1538461538461539 0.6923076923076923 0.1538461538461539 0.7644230769230769 0.6971153846153846 0.7644230769230769
0 0.4807692307692308 0.46153846153846156 0.15625000000000006 0.46153846153846156 0.15625000000000006 0.5336538461538461 0.4807692307692308 0.5336538461538461
0 0.5312500000000001 0.5408653846153846 0.16105769230769237 0.5408653846153846 0.16105769230769237 0.6009615384615384 0.5312500000000001 0.6009615384615384
0 0.8846153846153846 0.5312500000000001 0.5889423076923077 0.5312500000000001 0.5889423076923077 0.5961538461538463 0.8846153846153846 0.5961538461538463
0 0.8485576923076923 0.6105769230769231 0.1346153846153847 0.6105769230769231 0.1346153846153847 0.6850961538461539 0.8485576923076923 0.6850961538461539
0 0.5552884615384616 0.3918269230769231 0.1274038461538462 0.3918269230769231 0.1274038461538462 0.4519230769230769 0.5552884615384616 0.4519230769230769
0 0.9114533197115383 0.30078124999999994 0.9087378504728783 0.22460324658393602 0.14165411729980149 0.2519469965839361 0.14436958653846152 0.32812500000000006
0 0.9355149182692308 0.376953125 0.935123155289461 0.2949053632426223 0.11440262398119626 0.2988241529087493 0.11479438696096617 0.3808719146661269