2 0.9797431490384617 0.01186474278846166 0.003538704165787702 0.009213208147719172 0.0008907498388645921 0.9840995038207961 0.9770951947115385 0.9867510384615386
0 0.8791331458363919 0.24493824075197423 0.856987912614504 0.14176692951213854 0.5276730864896505 0.21245279693324123 0.5498183197115384 0.31562410817307696
0 0.9131342535845633 0.32414365052590505 0.9053520277154656 0.27038680003973714 0.5695509302884616 0.318999766826923 0.5773331561575591 0.37275661731309095
0 0.735455086985215 0.3964812867627716 0.7291977833133026 0.35370443032412113 0.5718994799819337 0.37671367721519566 0.5781567836538462 0.41949053365384614
0 0.7972148341346154 0.44870296875000015 0.7952168827903605 0.3984437064321401 0.5894587842326683 0.4066231872013708 0.591456735576923 0.45688244951923085
0 0.8245192307692307 0.46634615384615397 0.5793269230769231 0.46634615384615397 0.5793269230769231 0.5168269230769232 0.8245192307692307 0.5168269230769232
0 0.8221153846153846 0.5144230769230771 0.5889423076923077 0.5144230769230771 0.5889423076923077 0.5649038461538463 0.8221153846153846 0.5649038461538463
0 0.8221153846153846 0.5649038461538463 0.5865384615384617 0.5649038461538463 0.5865384615384617 0.6201923076923077 0.8221153846153846 0.6201923076923077
0 0.8512860294955509 0.6415797334188968 0.591456735576923 0.6193035769230769 0.5874559512736798 0.665968761773411 0.8472852451923077 0.688244918269231
0 0.8805839398112086 0.7031764419923073 0.5898920360576922 0.6637064735576923 0.5831932476887914 0.7130423007961544 0.8738851514423077 0.7525122692307693
0 0.887333053033713 0.7589877532434539 0.598497887019231 0.713951858173077 0.591308785908595 0.7600587515642387 0.880143951923077 0.8050946466346157
1 1 0.2980769230769232 0.8028846153846154 0.29807692307692313 0.8028846153846154 0.9735576923076923 1 0.9735576923076923