2 1.0286879278619414 0.9357364223580851 0.9654458505049184 -0.039289598361316784 0.010367682692307692 0.02265862259615384 0.0736097600493306 0.9976846433155557
0 0.31066157692307694 0.38222115384615385 0.24497843201362662 0.08584974976872368 0.1520518691812512 0.1064445467311911 0.21773501409070148 0.4028159508086212
0 0.36323109855769226 0.36984612259615385 0.32516950240384607 0.054174379807692304 0.25136119580345573 0.06307369380332563 0.2894227919573019 0.3787454365917871
0 0.415860173076923 0.3472356754807692 0.3859421298076923 0.07557505528846153 0.3312229091500657 0.08160129497728565 0.3611409524192964 0.3532619151695934
0 0.4580375956781212 0.33350785881555206 0.44654934855769235 0.1254074423076923 0.40023896025029326 0.12796402145369476 0.4117272073707221 0.3360644379615545
0 0.5192307692307693 0.05288461538461545 0.4735576923076923 0.05288461538461543 0.4735576923076923 0.33653846153846156 0.5192307692307693 0.33653846153846156
0 0.5745192307692307 0.040865384615384685 0.5216346153846154 0.040865384615384685 0.5216346153846154 0.326923076923077 0.5745192307692307 0.32692307692307704
0 0.6346153846153846 0.1177884615384616 0.5793269230769231 0.1177884615384616 0.5793269230769231 0.3365384615384617 0.6346153846153846 0.3365384615384617
0 0.6947115384615384 0.07932692307692314 0.6346153846153846 0.07932692307692314 0.6346153846153846 0.3197115384615386 0.6947115384615384 0.3197115384615386
0 0.8533653846153846 0.20673076923076933 0.7956730769230769 0.2067307692307693 0.7956730769230769 0.2980769230769232 0.8533653846153846 0.29807692307692324
0 0.8052884615384616 9.464517930910433e-17 0.7403846153846154 9.067096493687133e-17 0.7403846153846154 0.31009615384615397 0.8052884615384616 0.31009615384615397
0 0.7451923076923077 0.04807692307692316 0.6947115384615384 0.04807692307692316 0.6947115384615384 0.3197115384615386 0.7451923076923077 0.3197115384615386