2 0.9927884615384616 0.028846153846153907 0.007211538461538465 0.028846153846153848 0.0072115384615385235 0.9711538461538461 0.9927884615384616 0.9711538461538461
0 0.9254807692307693 0.18509615384615394 0.6418269230769231 0.1850961538461539 0.6418269230769231 0.26923076923076933 0.9254807692307693 0.2692307692307694
0 0.9410801971153848 0.31802822596153857 0.931521644406954 0.24965279371633686 0.647151757387723 0.2894063201586445 0.6567103100961538 0.35778175240384624
0 0.923690670673077 0.3716954879807692 0.9165302788461539 0.3160405480769231 0.6544003078046282 0.34976537655540313 0.6615606996315513 0.40542031645924925
0 0.8776595745192307 0.4551778966346154 0.8770026488989573 0.3875635280107321 0.6709536631344032 0.3895654524616288 0.6716105887546766 0.45717982108551214
0 0.9182692307692307 0.4687500000000001 0.6682692307692307 0.4687500000000001 0.6682692307692307 0.5240384615384617 0.9182692307692307 0.5240384615384617
0 0.9399038461538461 0.5168269230769232 0.6754807692307693 0.5168269230769232 0.6754807692307693 0.5673076923076924 0.9399038461538461 0.5673076923076924
0 0.8605769230769231 0.5721153846153848 0.6754807692307693 0.5721153846153848 0.6754807692307693 0.6298076923076923 0.8605769230769231 0.6298076923076923
0 0.8966346153846154 0.6322115384615384 0.6706730769230769 0.6322115384615384 0.6706730769230769 0.6826923076923077 0.8966346153846154 0.6826923076923077
0 0.9182692307692307 0.6802884615384616 0.6634615384615384 0.6802884615384616 0.6634615384615384 0.7403846153846154 0.9182692307692307 0.7403846153846154
0 0.9567307692307693 0.7427884615384616 0.6802884615384616 0.7427884615384616 0.6802884615384616 0.7980769230769231 0.9567307692307693 0.7980769230769231
0 0.7692307692307693 0.7932692307692307 0.6802884615384616 0.7932692307692307 0.6802884615384616 0.8365384615384616 0.7692307692307693 0.8365384615384616