1 1 0.17788461538461547 0.34615384615384615 0.17788461538461545 0.34615384615384615 0.4735576923076924 1 0.47355769230769246
0 0.38221153846153844 0.07451923076923081 0.28365384615384615 0.07451923076923081 0.28365384615384615 0.22355769230769237 0.38221153846153844 0.22355769230769237
0 0.4423076923076923 0.06730769230769236 0.38461538461538464 0.06730769230769236 0.38461538461538464 0.2475961538461539 0.4423076923076923 0.2475961538461539
0 0.5120192307692307 0.07932692307692314 0.44471153846153844 0.07932692307692314 0.44471153846153844 0.2524038461538462 0.5120192307692307 0.2524038461538462
0 0.27459460576923095 0.8027261370192308 0.2234546976326403 0.7905231541232675 0.18975456250000014 0.9317527067307694 0.2408944706365908 0.9439556896267327
0 0.32794616105769236 0.8185152139423078 0.2746414014662753 0.8046694757552235 0.25681367307692315 0.873304514423077 0.31011843266834027 0.8871502526101612
0 0.3799362683052398 0.818770059002139 0.31417654700238834 0.8122925953431662 0.3022094471153847 0.9337835360576924 0.3679691684182362 0.9402609997166651
0 0.4272366033653848 0.8225597572115386 0.38299273636578934 0.8192670736940388 0.37290393750000017 0.9548305048076925 0.41714780449959565 0.9581231883251923
0 0.4733647091346155 0.8173181177884616 0.4324654782941595 0.8137148187254267 0.42138321153846164 0.9395040408653846 0.46228244237891764 0.9431073399284196
0 0.5171416442307692 0.8221613004807693 0.48059800333498937 0.8161690711567704 0.46656524038461544 0.9017479471153848 0.5031088812803953 0.9077401764393837
0 0.5689115689516299 0.8230307381219364 0.526274762019231 0.81793378125 0.5133727050868321 0.9258614181280638 0.556009512019231 0.9309583750000001
2 0.9431115865384615 0.042088502403846165 0.06570226682692308 0.020766634615384624 0.04283880690934905 0.9616135159278508 0.9202481266208875 0.9829353837163123