0 0.35096153846153844 3.827021247335479e-17 0.27403846153846156 3.3560032476634196e-17 0.27403846153846156 0.17788461538461542 0.35096153846153844 0.17788461538461545
0 0.41586538461538464 4.6660220592513334e-17 0.34615384615384615 4.2391619970485307e-17 0.34615384615384615 0.20432692307692316 0.41586538461538464 0.20432692307692316
0 0.4735576923076923 5.4019876837389255e-17 0.40865384615384615 5.004566246515626e-17 0.40865384615384615 0.08653846153846159 0.4735576923076923 0.0865384615384616
0 0.6177884615384616 7.153585870019395e-17 0.5504807692307693 6.741445120306344e-17 0.5504807692307693 0.16826923076923084 0.6177884615384616 0.16826923076923084
0 0.6778846153846154 0.05528846153846161 0.6153846153846154 0.055288461538461606 0.6153846153846154 0.1850961538461539 0.6778846153846154 0.1850961538461539
0 0.7548076923076923 8.699113681443338e-17 0.6658653846153846 8.15449911932252e-17 0.6658653846153846 0.16826923076923084 0.7548076923076923 0.16826923076923084
0 0.7475961538461539 0.21153846153846162 0.6586538461538461 0.21153846153846162 0.6586538461538461 0.44230769230769246 0.7475961538461539 0.44230769230769246
0 0.6658653846153846 0.21394230769230776 0.5889423076923077 0.21394230769230776 0.5889423076923077 0.4447115384615386 0.6658653846153846 0.4447115384615386
0 0.5913461538461539 0.2836538461538462 0.5288461538461539 0.2836538461538462 0.5288461538461539 0.4302884615384616 0.5913461538461539 0.4302884615384617
0 0.5841346153846154 0.4927884615384616 0.5072115384615384 0.49278846153846156 0.5072115384615385 0.6826923076923077 0.5841346153846155 0.6826923076923077
0 0.5240384615384616 0.21394230769230776 0.4495192307692308 0.21394230769230776 0.4495192307692308 0.46153846153846156 0.5240384615384616 0.46153846153846156
0 0.4495192307692308 0.2163461538461539 0.3894230769230769 0.2163461538461539 0.3894230769230769 0.43990384615384615 0.4495192307692308 0.43990384615384615
0 0.3884790917535954 0.45092075107371726 0.38114158894230776 0.23058181009615383 0.3215406245925585 0.232566580657052 0.32887812740384614 0.45290552163461545
0 0.3200335745192309 0.2448003774038462 0.24795385587704985 0.2439959969061583 0.24539831490384623 0.4729954254807692 0.3174780335460273 0.47379980597845717
0 0.23845013461538464 0.26173427884615386 0.16927450433543326 0.253382067259802 0.14343226251076815 0.46741560168190444 0.21260789279071954 0.47576781326825635
2 1 7.261481521624899e-17 0.058664581730769286 1.4974644870876574e-17 0.05866458173076935 0.9620230216346154 1 0.9620230216346154
0 0.19471153846153852 0.7043269230769231 0.10817307692307702 0.7043269230769231 0.10817307692307702 0.7956730769230769 0.19471153846153852 0.7956730769230769
0 0.32932692307692313 0.5552884615384616 0.264423076923077 0.5552884615384616 0.264423076923077 0.6057692307692307 0.32932692307692324 0.6057692307692307
0 0.3197115384615386 0.6730769230769231 0.2475961538461539 0.6730769230769231 0.2475961538461539 0.7307692307692307 0.3197115384615386 0.7307692307692307
0 0.4110576923076924 0.5528846153846154 0.3557692307692308 0.5528846153846154 0.35576923076923084 0.5985576923076923 0.41105769230769246 0.5985576923076923
0 0.42067307692307704 0.6634615384615384 0.3389423076923078 0.6634615384615384 0.3389423076923078 0.7355769230769231 0.42067307692307704 0.7355769230769231
0 0.5120192307692308 0.5384615384615384 0.43990384615384615 0.5384615384615384 0.4399038461538462 0.6009615384615384 0.512019230769231 0.6009615384615384
0 0.4951923076923078 0.6610576923076923 0.4326923076923078 0.6610576923076923 0.4326923076923078 0.7115384615384616 0.4951923076923078 0.7115384615384616
0 0.6778846153846154 0.6538461538461539 0.6009615384615385 0.6538461538461539 0.6009615384615385 0.7668269230769231 0.6778846153846154 0.7668269230769231
0 0.6490384615384616 0.5312500000000001 0.5793269230769231 0.5312500000000001 0.5793269230769231 0.5841346153846155 0.6490384615384616 0.5841346153846155
0 0.7572115384615384 0.6129807692307694 0.6754807692307693 0.6129807692307694 0.6754807692307693 0.6971153846153846 0.7572115384615384 0.6971153846153846