2 1.070233029687345 0.898659038484127 0.9863289899006212 -0.08415540926446802 -0.003787462863646709 0.000372011386020244 0.08011657692307692 0.9831864591346153
0 1.0063791236232333 0.8753773696934923 0.9992136578860185 0.8035227935066955 0.8438571784935542 0.8190152170824341 0.8510226442307692 0.8908697932692309
0 1.0017526055716834 0.7997835659757461 1 0.7310314302884616 0.8199084384468681 0.7356222618464342 0.8216610440185514 0.8043743975337188
0 1 0.6621282211538462 0.8236677379807692 0.6621282211538462 0.8236677379807692 0.7292902860576922 1 0.7292902860576922
0 1.0006045422401353 0.6124617602404785 0.9142688125 0.6115282451923078 0.9136642702598649 0.6674390690864448 1.0000000000000002 0.6683725841346155
0 1.0023880049221545 0.46503224277671174 0.8281581394230769 0.4581473629807693 0.8256984077961558 0.5203937235889611 0.9999282732952334 0.5272786033849035
0 0.9347116656137138 0.42504912381043614 0.8062444519230768 0.3830589399038462 0.7896689842240732 0.43377089095524346 0.9181361979147102 0.4757610748618333
0 1.0143477122137905 0.3607701360915347 0.8110649423076922 0.30520753846153864 0.792983775572666 0.37135976700756035 0.9962665454787643 0.42692236463755645
0 0.7666822668269231 0.9084227451923078 0.764183547465094 0.832748018907079 0.5545331899038461 0.8396705072115385 0.5570319092656753 0.9153452334967673
0 0.7757004807741114 0.8148731720344092 0.7722393389423078 0.7428329230769232 0.5344313170493136 0.7542583040885579 0.5378924588811173 0.826298553046044
0 0.7847857019230768 0.7373985961538463 0.7823737613394806 0.6683991408742869 0.5357051538461538 0.6770216730769232 0.5381170944297502 0.7460211283564825
0 0.7834678413461537 0.614386810096154 0.7789399729018486 0.5266207944314361 0.5282823935749256 0.5395522752006667 0.5328102620192309 0.6273182908653847
0 0.7846673485576924 0.6751355360576922 0.784623953148591 0.6234663957490832 0.5554421045908986 0.6236588789221602 0.5554855 0.6753280192307691
0 0.7167208149258782 0.4926525305870749 0.5619514399038461 0.46511182451923083 0.5522896699196491 0.5194076765709956 0.7070590449416811 0.5469483826388397
0 0.7662273293269231 0.4789946682692308 0.7627834132179548 0.39470215254716706 0.5349776115783327 0.40400955146939144 0.5384215276873009 0.4883020671914552
0 0.7557423937896582 0.3871079705859256 0.750030781198359 0.3084527477320634 0.5233825096153847 0.32491099519230765 0.5290941222066838 0.4035662180461699
0 0.5024038461538463 0.47596153846153844 0.3052884615384616 0.47596153846153844 0.3052884615384616 0.5625 0.5024038461538463 0.5625
0 0.32692307692307704 0.8629807692307693 0.24519230769230782 0.8629807692307693 0.24519230769230782 0.9519230769230769 0.32692307692307704 0.9519230769230769
0 0.46634615384615397 0.7211538461538461 0.40384615384615397 0.7211538461538461 0.40384615384615397 0.8076923076923077 0.46634615384615397 0.8076923076923077
0 0.3461538461538463 0.7403846153846154 0.29807692307692313 0.7403846153846154 0.29807692307692313 0.8173076923076923 0.3461538461538463 0.8173076923076923
0 0.4711538461538463 0.6442307692307693 0.40384615384615397 0.6442307692307693 0.40384615384615397 0.7163461538461539 0.4711538461538463 0.7163461538461539
0 0.33413461538461553 0.6466346153846154 0.2788461538461539 0.6466346153846154 0.2788461538461539 0.71875 0.33413461538461553 0.71875
0 0.4615384615384616 0.5576923076923077 0.40384615384615385 0.5576923076923077 0.4038461538461539 0.6274038461538461 0.4615384615384617 0.6274038461538461
0 0.3461538461538462 0.5576923076923077 0.27644230769230776 0.5576923076923077 0.27644230769230776 0.625 0.3461538461538463 0.625
0 0.3293269230769231 0.38461538461538464 0.22355769230769237 0.38461538461538464 0.22355769230769237 0.45913461538461536 0.3293269230769231 0.45913461538461536
0 0.4495192307692308 0.4182692307692308 0.3894230769230769 0.4182692307692308 0.3894230769230769 0.47596153846153844 0.4495192307692308 0.47596153846153844