2 0.9897652067307694 1.2276504599220482e-16 0.02329006948536899 -0.005526950766854383 0.01766768750000012 0.9776358509615384 0.9841428247454005 0.9831628017283929
0 0.3244640360576924 0.5908121418269232 0.23660712148841287 0.569317309236651 0.16399084231554717 0.8661254936612509 0.25184775688482675 0.8876203262515232
0 0.39357942307692334 0.6083867211538463 0.3379107151092025 0.5977379332599333 0.2787097379807694 0.9072231009615386 0.3343784459484903 0.9178718888554515
0 0.4430632259615386 0.6124885793269231 0.3958912496302728 0.6044467716847451 0.3488091682692309 0.8806228413461542 0.3959811446004967 0.8886646489883321
0 0.4821617163461539 0.6252814951923078 0.4361224295523263 0.620961830333359 0.4157296346153847 0.8383096490384615 0.46176892140921233 0.8426293138974101
0 0.543269230769231 0.6153846153846154 0.4927884615384617 0.6153846153846154 0.4927884615384617 0.8798076923076923 0.543269230769231 0.8798076923076923
0 0.591346153846154 0.625 0.5456730769230771 0.625 0.5456730769230771 0.9134615384615384 0.591346153846154 0.9134615384615384
0 0.6442307692307693 0.6225961538461539 0.5937500000000001 0.6225961538461539 0.5937500000000001 0.8341346153846154 0.6442307692307693 0.8341346153846154
0 0.7067307692307693 0.6177884615384616 0.65625 0.6177884615384616 0.65625 0.8701923076923077 0.7067307692307693 0.8701923076923077
0 0.7620192307692307 0.6153846153846154 0.7091346153846154 0.6153846153846154 0.7091346153846154 0.8798076923076923 0.7620192307692307 0.8798076923076923
0 0.8269230769230769 0.6346153846153846 0.7692307692307693 0.6346153846153846 0.7692307692307693 0.9350961538461539 0.8269230769230769 0.9350961538461539