1 0.8197115384615384 0.3533653846153847 0.49759615384615385 0.35336538461538464 0.4975961538461539 1 0.8197115384615384 1
0 0.12980769230769235 0.34134615384615385 0.0432692307692308 0.34134615384615385 0.04326923076923081 0.4110576923076923 0.12980769230769235 0.4110576923076923
0 0.1538461538461539 0.41586538461538464 0.043269230769230824 0.41586538461538464 0.043269230769230824 0.4567307692307692 0.1538461538461539 0.4567307692307692
0 0.16105769230769237 0.46875 0.040865384615384664 0.46875 0.04086538461538468 0.5096153846153846 0.16105769230769237 0.5096153846153846
0 0.15865384615384623 0.5096153846153846 0.033653846153846215 0.5096153846153846 0.033653846153846215 0.5504807692307693 0.15865384615384623 0.5504807692307693
0 0.5889423076923077 0.29086538461538464 0.22596153846153852 0.29086538461538464 0.22596153846153852 0.38221153846153855 0.5889423076923077 0.3822115384615386
0 0.36538461538461536 0.4110576923076923 0.23317307692307698 0.4110576923076923 0.23317307692307698 0.5120192307692307 0.36538461538461536 0.5120192307692307
0 0.4110576923076924 0.5264423076923077 0.22115384615384623 0.5264423076923077 0.22115384615384623 0.6081730769230769 0.41105769230769246 0.6081730769230769
0 0.4086538461538463 0.6370192307692307 0.2163461538461539 0.6370192307692307 0.2163461538461539 0.7235576923076923 0.4086538461538463 0.7235576923076923
0 0.2788461538461539 0.7307692307692307 0.21153846153846162 0.7307692307692307 0.21153846153846162 0.8125 0.2788461538461539 0.8125
0 0.5985576923076923 0.4735576923076924 0.4495192307692308 0.4735576923076923 0.4495192307692308 0.545673076923077 0.5985576923076923 0.5456730769230771
0 0.5408653846153847 0.5456730769230769 0.4735576923076923 0.5456730769230769 0.4735576923076924 0.5961538461538461 0.5408653846153848 0.5961538461538461
0 0.5528846153846155 0.6129807692307693 0.4711538461538463 0.6129807692307693 0.4711538461538463 0.6682692307692307 0.5528846153846155 0.6682692307692307
0 0.9350961538461539 0.2139423076923078 0.7211538461538461 0.21394230769230776 0.7211538461538461 0.30048076923076933 0.9350961538461539 0.3004807692307694
0 0.8197115384615384 0.3028846153846155 0.7548076923076923 0.3028846153846155 0.7548076923076923 0.3629807692307694 0.8197115384615384 0.3629807692307694
0 0.9278846153846154 0.3701923076923078 0.7524038461538461 0.3701923076923078 0.7524038461538461 0.42307692307692324 0.9278846153846154 0.42307692307692324
0 0.9471153846153846 0.42307692307692324 0.7403846153846154 0.42307692307692324 0.7403846153846154 0.4807692307692309 0.9471153846153846 0.4807692307692309
0 0.9158653846153846 0.48557692307692324 0.7379807692307693 0.48557692307692324 0.7379807692307693 0.5240384615384617 0.9158653846153846 0.5240384615384617
0 0.8653846153846154 0.5240384615384617 0.7403846153846154 0.5240384615384617 0.7403846153846154 0.5649038461538463 0.8653846153846154 0.5649038461538463
0 0.8942307692307693 0.5697115384615385 0.7427884615384616 0.5697115384615385 0.7427884615384616 0.6322115384615384 0.8942307692307693 0.6322115384615384
2 0.9767657980769234 0.06607929567307705 0.017565929543657086 0.052393175317746184 0.004554778101349327 0.9642874469523615 0.9637546466346157 0.9779735673076924