2 0.986263735576923 0.06896627884615388 3.602887219336446e-18 0.03041986298076923 -0.03765083773829307 0.99376898485636 0.94861289783863 1.0323154007217445
0 0.7980769230769231 0.1658653846153847 0.7115384615384616 0.1658653846153847 0.7115384615384616 0.5480769230769232 0.7980769230769231 0.5480769230769232
0 0.6947115384615384 0.12500000000000006 0.6274038461538461 0.12500000000000006 0.6274038461538461 0.5192307692307694 0.6947115384615384 0.5192307692307694
0 0.6274038461538461 0.1442307692307693 0.5817307692307693 0.1442307692307693 0.5817307692307693 0.5072115384615385 0.6274038461538461 0.5072115384615385
0 0.5769230769230769 0.20432692307692316 0.5168269230769231 0.20432692307692316 0.5168269230769231 0.4975961538461539 0.5769230769230769 0.49759615384615397
0 0.5049166733576016 0.13466836506273044 0.42639446394230773 0.13421153605769237 0.42430202941066547 0.49387035953305064 0.5028242388259594 0.4943271885380887
0 0.4616495096153847 0.48559101923076925 0.42593848647415034 0.11017261817527811 0.37350101201923075 0.11516064182692308 0.4092120351604651 0.49057904288241416
0 0.4047664807692308 0.47742640144230764 0.3768123512565219 0.22002461028507073 0.3282210434472803 0.22530168200079037 0.3561751729599892 0.4827034731580273
0 0.3478185192307693 0.4804224951923078 0.29922676460987147 0.153960757558682 0.2515204230769231 0.16106154326923078 0.30011217769782095 0.4875232809028565
0 0.29287346394230773 0.4765803629807692 0.2366653955870313 0.13303739062264314 0.18685303365384615 0.14118733653846158 0.24306110200912256 0.48473030889658764
0 0.24777249278846153 0.4678439687499999 0.15788888913867347 0.04628108925061448 0.10095720432692307 0.05841978846153846 0.19084080797671116 0.4799826679609239
0 0.18497002884615382 0.4648480504807692 0.15395811409787794 0.32407196223130563 0.10916989182692306 0.3339384711538462 0.14018180657519896 0.47471455940330975
1 0.7283653846153846 0.4879807692307693 5.976040870839248e-17 0.4879807692307692 7.948428744465993e-17 0.8100961538461539 0.7283653846153846 0.8100961538461539