0 0.6298076923076923 0.6466346153846154 0.2548076923076924 0.6466346153846154 0.2548076923076924 0.7644230769230769 0.6298076923076923 0.7644230769230769
0 0.4110576923076924 0.4879807692307692 0.2692307692307693 0.4879807692307692 0.2692307692307693 0.6081730769230769 0.41105769230769246 0.6081730769230769
0 0.47115384615384615 0.37259615384615385 0.2692307692307693 0.37259615384615385 0.2692307692307693 0.47596153846153844 0.47115384615384615 0.47596153846153844
0 0.4855769230769231 0.25000000000000006 0.2644230769230769 0.25 0.264423076923077 0.3605769230769231 0.4855769230769231 0.3605769230769231
0 0.34615384615384615 0.1418269230769231 0.25961538461538464 0.1418269230769231 0.25961538461538464 0.2355769230769231 0.34615384615384615 0.23557692307692316
0 0.7259615384615384 0.5745192307692308 0.5000000000000001 0.5745192307692307 0.5000000000000001 0.65625 0.7259615384615384 0.65625
0 0.7331730769230769 0.4783653846153847 0.5 0.47836538461538464 0.5000000000000001 0.5625000000000001 0.7331730769230769 0.5625000000000001
0 0.5985576923076923 0.42307692307692313 0.5192307692307693 0.4230769230769231 0.5192307692307693 0.483173076923077 0.5985576923076923 0.48317307692307704
0 0.78125 0.3365384615384616 0.5192307692307693 0.33653846153846156 0.5192307692307693 0.41826923076923084 0.78125 0.4182692307692309
0 0.6754807692307693 0.2716346153846155 0.5192307692307693 0.2716346153846155 0.5192307692307693 0.3341346153846155 0.6754807692307693 0.33413461538461553
0 0.9206730769230769 0.7403846153846154 0.7379807692307693 0.7403846153846154 0.7379807692307693 0.8365384615384616 0.9206730769230769 0.8365384615384616
0 0.8413461538461539 0.6706730769230769 0.7668269230769231 0.6706730769230769 0.7668269230769231 0.7355769230769231 0.8413461538461539 0.7355769230769231
0 0.9206730769230769 0.6081730769230771 0.7596153846153846 0.6081730769230771 0.7596153846153846 0.6754807692307693 0.9206730769230769 0.6754807692307693
0 0.9447115384615384 0.5625000000000001 0.7740384615384616 0.5625000000000001 0.7740384615384616 0.6129807692307694 0.9447115384615384 0.6129807692307694
0 0.9182692307692307 0.5168269230769232 0.7668269230769231 0.5168269230769232 0.7668269230769231 0.5649038461538463 0.9182692307692307 0.5649038461538463
0 0.8846153846153846 0.47355769230769246 0.7740384615384616 0.47355769230769246 0.7740384615384616 0.5192307692307694 0.8846153846153846 0.5192307692307694
0 0.9110576923076923 0.4086538461538463 0.7788461538461539 0.4086538461538463 0.7788461538461539 0.46634615384615397 0.9110576923076923 0.46634615384615397
2 0.974385730769231 0.09331919711538475 0.030643538419733954 0.04812637649996486 -0.011166939945650746 0.9212365736153495 0.9325752524038463 0.9664293942307695
0 0.15144230769230776 0.6105769230769231 0.03365384615384623 0.6105769230769231 0.033653846153846236 0.6826923076923077 0.15144230769230776 0.6826923076923077
0 0.1754807692307693 0.5480769230769231 0.03846153846153853 0.5480769230769231 0.03846153846153853 0.6105769230769231 0.1754807692307693 0.6105769230769231
0 0.18750000000000006 0.4855769230769231 0.033653846153846215 0.4855769230769231 0.033653846153846215 0.5432692307692307 0.18750000000000006 0.5432692307692307
0 0.1850961538461539 0.43028846153846156 0.03846153846153851 0.43028846153846156 0.03846153846153852 0.49038461538461536 0.1850961538461539 0.49038461538461536