2 0.9920284735576923 8.019648240982846e-17 5.1522818186906563e-17 1.9452257669555336e-17 1.114095824782773e-16 0.9780250817307692 0.9920284735576923 0.9780250817307692
0 0.39903846153846156 0.012019230769230812 0.32211538461538464 0.012019230769230808 0.32211538461538464 0.16346153846153852 0.39903846153846156 0.16346153846153852
0 0.4639423076923077 0.057692307692307744 0.39663461538461536 0.057692307692307744 0.39663461538461536 0.17788461538461545 0.4639423076923077 0.17788461538461545
0 0.5192307692307693 0.09615384615384623 0.46153846153846156 0.09615384615384623 0.46153846153846156 0.18990384615384623 0.5192307692307693 0.18990384615384623
0 0.5865384615384616 0.07451923076923084 0.5216346153846154 0.07451923076923084 0.5216346153846154 0.18990384615384623 0.5865384615384616 0.18990384615384623
0 0.22071400240384628 0.7822423509615385 0.15462259322935173 0.7667888995705405 0.11470075480769237 0.9375268461538462 0.18079216398218692 0.9529802975448441
0 0.2825871746540429 0.8133433341203062 0.21381782278867167 0.803245148118555 0.20297835576923087 0.8770626754807693 0.27174770763460215 0.8871608614825206
0 0.33679226682692315 0.8002996490384615 0.2832460579546368 0.788832874361167 0.25070350240384626 0.9407963100961538 0.30424971127613265 0.9522630847734483
0 0.3855688677884616 0.803371079326923 0.3379591046268982 0.7951933233318524 0.3091074423076924 0.9631637067307692 0.35671720546925584 0.9713414627258399
0 0.4390487668269231 0.7978967884615386 0.39226243926886145 0.7871213074045138 0.3565737639966956 0.9420788487486481 0.40336009155475716 0.9528543298056729
0 0.47292223557692314 0.8011416322115387 0.43783642298180525 0.7951150699084801 0.4183571850961538 0.9085205000000001 0.4534429976912718 0.9145470623030586
0 0.528846153846154 0.7980769230769231 0.4711538461538463 0.7980769230769231 0.4711538461538463 0.9254807692307693 0.528846153846154 0.9254807692307693
1 0.9903846153846154 8.390008119158549e-17 0.3798076923076923 4.6513027467615824e-17 0.3798076923076923 0.13221153846153855 0.9903846153846154 0.1322115384615386