1 0.20192307692307704 0.4014423076923077 4.916250371577115e-17 0.4014423076923077 8.581359181525323e-17 1 0.20192307692307707 1
2 0.984622342219303 0.9853183963611214 0.9834558822115387 0.013565891826923079 0.021361392737699877 0.014720758668454561 0.022527852745464254 0.9864732632026528
0 0.2073898217522164 0.3992671877806337 0.19699215760150016 0.30718739891095787 0.06006802094543762 0.32264889382263195 0.07046568509615384 0.4147286826923077
0 0.22456199458663467 0.45510124591843315 0.22263071875 0.4011627908653847 0.10529911599028843 0.40536386946618236 0.10723039182692308 0.4593023245192308
0 0.9663945688989535 0.21462968103037477 0.9497549014423078 0.15116279086538456 0.7778864767741234 0.1962230329119328 0.7945261442307691 0.259689923076923
0 0.904540202126359 0.29496031152301466 0.8847644526772768 0.2364421378349743 0.7941539885316871 0.2670632205427289 0.8139297379807693 0.32558139423076926
0 0.9629501480613806 0.3579096671320761 0.9558823533653845 0.3003875961538462 0.80890442645785 0.3184469218102316 0.815972221153846 0.3759689927884615
0 0.9766539051604978 0.40573573876562824 0.9691584975961539 0.3604651153846153 0.8094980563779638 0.3868999198882178 0.8169934639423077 0.43217054326923077
0 0.9578141789835678 0.46034991685386417 0.9517973846153848 0.41279069711538463 0.8068917032279709 0.43112295093459757 0.8129084975961539 0.4786821706730771
0 0.9235023667119815 0.5093800791355657 0.9197934326573086 0.4691181479056681 0.8112420467145578 0.4791179149239486 0.8149509807692308 0.5193798461538462
0 0.9405637259615385 0.5852713173076923 0.9354575168269231 0.5058139543269231 0.8114776587147875 0.5137813353253804 0.8165838678494028 0.5932386983061496