0 0.1995192307692308 0.27403846153846156 0.12980769230769235 0.27403846153846156 0.12980769230769235 0.38461538461538464 0.19951923076923084 0.38461538461538464
0 0.24038461538461545 0.38221153846153844 0.19951923076923084 0.38221153846153844 0.19951923076923084 0.47836538461538464 0.24038461538461545 0.47836538461538464
0 0.2908653846153847 0.43990384615384615 0.23557692307692316 0.43990384615384615 0.23557692307692316 0.6153846153846154 0.2908653846153847 0.6153846153846154
0 0.24519230769230776 0.49038461538461536 0.1971153846153847 0.49038461538461536 0.1971153846153847 0.5673076923076923 0.24519230769230776 0.5673076923076923
0 0.4125090576923078 0.3704598221153847 0.3622254605676635 0.3651583483479873 0.29911750918597413 0.9637267732553106 0.3494011063106184 0.969028247022708
0 0.45432692307692313 0.39903846153846156 0.38221153846153844 0.39903846153846156 0.38221153846153855 0.7403846153846154 0.45432692307692324 0.7403846153846154
0 0.6033653846153847 0.326923076923077 0.5360576923076923 0.3269230769230769 0.5360576923076924 0.5865384615384616 0.6033653846153848 0.5865384615384617
0 0.5128956102510295 0.7121204590396123 0.48015846153846165 0.7024389014423077 0.4312168536912785 0.8679296996142338 0.46395400240384627 0.8776112572115384
0 0.5591197884615385 0.30499567548076933 0.5149320156734183 0.3004493023189498 0.4802286852952212 0.6377429698561594 0.5244164580833414 0.642289343017979
0 0.5264423076923078 0.8317307692307693 0.47355769230769246 0.8317307692307693 0.47355769230769246 0.9375 0.5264423076923078 0.9375
0 0.5697115384615385 0.6298076923076923 0.5072115384615385 0.6298076923076923 0.5072115384615385 0.7668269230769231 0.5697115384615385 0.7668269230769231
0 0.6668766735420237 0.5590086771826849 0.6238214423076924 0.5469558269230771 0.5074198928966294 0.9627658235612362 0.5504751241309607 0.974818673820844
0 0.6846600360576924 0.6207322812500001 0.6358547600268541 0.6100542799568992 0.5593175360576924 0.9598782067307693 0.6081228120885307 0.9705562080238703
2 0.9001074110576922 0.005236670673076905 0.02148227644230769 0.00012498076923077184 0.015672972436594747 0.9986598312891799 0.8942981070519793 1.003771521193026