2 1 0.00008716105769236937 0.007490637019230769 0.00008716105769230859 0.00749063701923083 1 1 1
0 0.8125 0.8605769230769231 0.7451923076923077 0.8605769230769231 0.7451923076923077 0.9375 0.8125 0.9375
0 0.9615384615384616 0.8798076923076923 0.8870192307692307 0.8798076923076923 0.8870192307692307 0.9519230769230769 0.9615384615384616 0.9519230769230769
0 0.6712002973797632 0.8721041060924754 0.4500857884615386 0.8285733870192309 0.4377071911518483 0.8914505350080622 0.6588217000700729 0.9349812540813065
0 0.7262180051094885 0.814939566869699 0.2897005384615386 0.7433517427884616 0.2796807929674348 0.8044486398610704 0.7161982596153849 0.8760364639423078
0 0.4495423039811723 0.720871765523482 0.09745126201923081 0.6456593509615385 0.08164486792804712 0.719653648281198 0.4337359098899886 0.7948660628431417
0 0.9720034761378735 0.772597313912947 0.037762954326923115 0.5696760745192306 0.024610862804434294 0.6302277293562839 0.9588513846153847 0.8331489687500001
0 0.9934527101893754 0.7109034271633088 0.035194209134615434 0.5145240697115384 0.024682315648932522 0.565818215010449 0.9829408167036925 0.7621975724622195
0 0.5601692143545912 0.5420509896511205 0.13584350240384624 0.45385090624999996 0.12216401401079356 0.5196621665988795 0.5464897259615384 0.60786225
0 0.47799863879295157 0.45866049736376857 0.05533916105769235 0.36149211298076916 0.039945734944635644 0.42844987380816 0.46260521267989485 0.5256182581911594
0 0.5465216274627582 0.38657206101385105 0.06781934375000002 0.2850041490384615 0.05342196147954956 0.35286081398614894 0.5321242451923077 0.45442872596153855
0 0.958962161335736 0.4685175018040434 0.6151170360576923 0.3935501105769231 0.5983883867411871 0.47027766406134136 0.9422335120192307 0.5452450552884616
0 0.9150281814746215 0.38913190239065504 0.29103478846153846 0.2553348918269231 0.27674478577053746 0.32197963394600354 0.9007381787836205 0.4557766445097355