2 1.0123413007401498 0.9682600418105664 0.9834880817307694 0.00249791586538461 0.00631074733677354 0.03169217693943381 0.035163966346153853 0.9974543028846156
0 0.4135084800520191 0.811594385902374 0.3895823966346154 0.7011802860576922 0.10293314254413467 0.7632954866937799 0.12685922596153845 0.8737095865384616
0 0.3776256580052598 0.6956078127146381 0.3633939751982063 0.6279661937640795 0.06988837728910038 0.6897192776840568 0.08412006009615383 0.7573608966346155
0 0.3598405218004208 0.6342339373789763 0.35157748076923073 0.5919425432692308 0.10065862723804073 0.6409679496402545 0.1089216682692308 0.6832593437500001
0 0.3473844118694591 0.5835354755974599 0.33509521811351156 0.5240302047148592 0.13553661393636018 0.5652436017135531 0.1478258076923077 0.6247488725961539
0 0.34890423557692307 0.52849159375 0.34640071810351036 0.4813109465083541 0.09846634791120275 0.4944669344891232 0.10096986538461539 0.5416475817307691
0 0.34280668286226557 0.4844526836833621 0.34011523777212554 0.43128275056426024 0.07266279326923077 0.4448211081730769 0.0753542383593708 0.49799104129217875
0 0.3389423076923077 0.38221153846153844 0.14423076923076927 0.38221153846153844 0.14423076923076927 0.43509615384615385 0.3389423076923077 0.43509615384615385
0 0.33413461538461536 0.32211538461538464 0.11057692307692311 0.32211538461538464 0.11057692307692311 0.37259615384615385 0.33413461538461536 0.37259615384615385
0 0.3389423076923077 0.2620192307692308 0.09375000000000003 0.2620192307692308 0.09375000000000003 0.3269230769230769 0.3389423076923077 0.3269230769230769
0 0.3245192307692308 0.21634615384615388 0.028846153846153872 0.21634615384615385 0.028846153846153876 0.2692307692307693 0.3245192307692308 0.2692307692307693
0 0.3293269230769231 0.1634615384615385 0.23798076923076922 0.16346153846153846 0.23798076923076922 0.21875000000000003 0.3293269230769231 0.21875000000000006