1 0.6370192307692307 0.10817307692307696 0.00480769230769232 0.10817307692307693 0.0048076923076923374 0.37500000000000006 0.6370192307692307 0.3750000000000001
0 0.7163461538461539 0.08173076923076932 0.6346153846153846 0.0817307692307693 0.6346153846153846 0.2163461538461539 0.7163461538461539 0.2163461538461539
0 0.6274038461538461 0.08413461538461545 0.5649038461538461 0.08413461538461545 0.5649038461538461 0.2283653846153847 0.6274038461538461 0.2283653846153847
0 0.5600961538461539 0.0817307692307693 0.5024038461538461 0.0817307692307693 0.5024038461538461 0.2379807692307693 0.5600961538461539 0.2379807692307693
0 0.5120192307692307 0.07451923076923082 0.44471153846153844 0.07451923076923082 0.44471153846153844 0.2283653846153847 0.5120192307692307 0.2283653846153847
0 0.7860576923076923 0.32692307692307704 0.6514423076923077 0.32692307692307704 0.6514423076923077 0.7091346153846154 0.7860576923076923 0.7091346153846154
0 0.6129807692307693 0.3317307692307693 0.5144230769230769 0.3317307692307692 0.5144230769230769 0.4903846153846155 0.6129807692307693 0.49038461538461553
0 0.4951923076923077 0.31971153846153844 0.39663461538461536 0.31971153846153844 0.39663461538461536 0.5192307692307693 0.4951923076923077 0.5192307692307693
0 0.8149038461538461 0.8076923076923077 0.7331730769230769 0.8076923076923077 0.7331730769230769 0.9567307692307693 0.8149038461538461 0.9567307692307693
0 0.7355769230769231 0.8293269230769231 0.6682692307692307 0.8293269230769231 0.6682692307692307 0.8870192307692307 0.7355769230769231 0.8870192307692307
0 0.47836538461538475 0.8173076923076923 0.4326923076923078 0.8173076923076923 0.4326923076923078 0.9326923076923077 0.47836538461538475 0.9326923076923077
0 0.5336538461538463 0.8173076923076923 0.4807692307692309 0.8173076923076923 0.4807692307692309 0.9110576923076923 0.5336538461538463 0.9110576923076923
0 0.5721153846153848 0.8221153846153846 0.528846153846154 0.8221153846153846 0.528846153846154 0.9471153846153846 0.5721153846153848 0.9471153846153846
0 0.625 0.8197115384615384 0.5721153846153848 0.8197115384615384 0.5721153846153848 0.9639423076923077 0.625 0.9639423076923077
0 0.6754807692307693 0.8221153846153846 0.6225961538461539 0.8221153846153846 0.6225961538461539 0.9519230769230769 0.6754807692307693 0.9519230769230769
2 0.9479794110576923 0.9873454903846154 0.9457011079216815 0.021113359974314613 0.05950170432692307 0.023202951923076923 0.06178000746293385 0.9894350823333777