2 1.0043230140948305 0.9939048075177943 1.0000000000000002 5.337610695313253e-19 -0.002197163133291957 0.0043590819052826794 0.0021258509615384616 0.9982638894230771
0 0.09375000000000003 0.18028846153846154 0.03846153846153848 0.18028846153846154 0.038461538461538484 0.2620192307692308 0.09375000000000003 0.2620192307692308
0 0.7596153846153846 0.139423076923077 0.6346153846153846 0.13942307692307698 0.6346153846153846 0.20432692307692316 0.7596153846153846 0.20432692307692316
0 0.6442307692307693 0.25000000000000006 0.4423076923076923 0.25000000000000006 0.4423076923076923 0.3100961538461539 0.6442307692307693 0.31009615384615397
0 0.5697115384615384 0.3173076923076924 0.3942307692307692 0.3173076923076923 0.3942307692307692 0.3629807692307693 0.5697115384615384 0.3629807692307694
0 0.3317307692307692 0.23317307692307696 0.27884615384615385 0.23317307692307693 0.27884615384615385 0.2692307692307693 0.3317307692307692 0.2692307692307693
0 0.6899038461538461 0.44951923076923084 0.04807692307692313 0.4495192307692308 0.048076923076923135 0.5216346153846154 0.6899038461538461 0.5216346153846155
0 0.09134615384615391 0.5264423076923077 0.04567307692307699 0.5264423076923077 0.04567307692307699 0.5625 0.09134615384615391 0.5625
0 0.6514423076923077 0.5216346153846154 0.2788461538461539 0.5216346153846154 0.2788461538461539 0.5793269230769231 0.6514423076923077 0.5793269230769232
0 0.3076923076923078 0.6201923076923077 0.1538461538461539 0.6201923076923077 0.1538461538461539 0.6754807692307693 0.3076923076923078 0.6754807692307693
0 0.7548076923076923 0.6418269230769231 0.3942307692307694 0.6418269230769231 0.3942307692307694 0.6947115384615384 0.7548076923076923 0.6947115384615384
0 0.7331730769230769 0.6971153846153846 0.4375000000000001 0.6971153846153846 0.4375000000000001 0.75 0.7331730769230769 0.75
0 0.19230769230769237 0.6682692307692307 0.0817307692307693 0.6682692307692307 0.08173076923076932 0.71875 0.19230769230769237 0.71875
0 0.4062500000000001 0.6875 0.2548076923076924 0.6875 0.2548076923076924 0.7548076923076923 0.4062500000000001 0.7548076923076923
0 0.49984750351812784 0.8153935446568769 0.06279434855769238 0.7261618581730769 0.051565369078026106 0.7811609409200462 0.48861852403846157 0.8703926274038462
0 0.42974882211538473 0.8483573725961538 0.0667189951923078 0.7822516033653847 0.05491610367597249 0.8470689667245375 0.41794593059904944 0.9131747359553066