0 0.451923076923077 0.47115384615384615 0.3605769230769231 0.47115384615384615 0.36057692307692313 0.9591346153846154 0.45192307692307704 0.9591346153846154
0 0.5504807692307693 0.36778846153846156 0.4543269230769231 0.36778846153846156 0.45432692307692313 0.9759615384615384 0.5504807692307694 0.9759615384615384
0 0.38221153846153844 0.11057692307692311 0.31490384615384615 0.11057692307692311 0.31490384615384615 0.3052884615384616 0.38221153846153844 0.3052884615384616
0 0.31009615384615385 0.1274038461538462 0.23798076923076922 0.1274038461538462 0.23798076923076927 0.28605769230769235 0.31009615384615385 0.2860576923076924
0 0.8485576923076923 0.19711538461538472 0.7596153846153846 0.1971153846153847 0.7596153846153846 0.32211538461538475 0.8485576923076923 0.32211538461538475
0 0.7572115384615384 0.18269230769230776 0.7067307692307693 0.18269230769230776 0.7067307692307693 0.27644230769230776 0.7572115384615384 0.27644230769230776
0 0.6971153846153846 0.12500000000000006 0.6418269230769231 0.12500000000000006 0.6418269230769231 0.2067307692307693 0.6971153846153846 0.2067307692307693
0 0.6706730769230769 0.2475961538461539 0.6201923076923077 0.2475961538461539 0.6201923076923077 0.3149038461538463 0.6706730769230769 0.3149038461538463
0 0.8386876778846156 0.3880483942307694 0.7520920428214241 0.36234287758552675 0.5750583785988647 0.9587262451127269 0.6616540136620562 0.9844317617579695
0 0.7083831682692309 0.480440935096154 0.6359102836538464 0.46334456730769247 0.5198297298594726 0.9554194153293513 0.592302614474857 0.9725157831178127
2 0.9513347403846155 0.10472605769230776 0.0005825192307692348 0.03790447596153847 -0.06636589581064395 0.9904613094679765 0.8843863253432023 1.057282891198746