0 0.6610576923076923 0.7283653846153846 0.33413461538461553 0.7283653846153846 0.33413461538461553 0.9711538461538461 0.6610576923076923 0.9711538461538461
0 0.7740384615384616 0.7331730769230769 0.7091346153846154 0.7331730769230769 0.7091346153846154 0.8846153846153846 0.7740384615384616 0.8846153846153846
0 0.8293269230769231 0.7379807692307693 0.7716346153846154 0.7379807692307693 0.7716346153846154 0.8822115384615384 0.8293269230769231 0.8822115384615384
0 0.8846153846153846 0.42307692307692324 0.8052884615384616 0.42307692307692324 0.8052884615384616 0.6466346153846154 0.8846153846153846 0.6466346153846154
0 0.8125 0.41105769230769246 0.7403846153846154 0.41105769230769246 0.7403846153846154 0.6778846153846154 0.8125 0.6778846153846154
0 0.75 0.4615384615384617 0.6923076923076923 0.4615384615384617 0.6923076923076923 0.6923076923076923 0.75 0.6923076923076923
0 0.7139423076923077 0.4639423076923078 0.6370192307692307 0.4639423076923078 0.6370192307692307 0.6923076923076923 0.7139423076923077 0.6923076923076923
0 0.6538461538461539 0.4615384615384617 0.59375 0.4615384615384617 0.5937500000000001 0.7043269230769231 0.6538461538461539 0.7043269230769231
0 0.608173076923077 0.483173076923077 0.5432692307692307 0.4831730769230769 0.5432692307692308 0.7163461538461539 0.6081730769230771 0.7163461538461539
0 0.560096153846154 0.4783653846153847 0.49278846153846156 0.47836538461538464 0.4927884615384616 0.7163461538461539 0.560096153846154 0.7163461538461539
0 0.5072115384615385 0.47836538461538464 0.43509615384615385 0.47836538461538464 0.4350961538461539 0.7163461538461539 0.5072115384615385 0.7163461538461539
0 0.8509615384615384 0.14423076923076933 0.7596153846153846 0.14423076923076933 0.7596153846153846 0.22115384615384626 0.8509615384615384 0.22115384615384628
0 0.7980769230769231 0.29326923076923084 0.7475961538461539 0.29326923076923084 0.7475961538461539 0.3557692307692309 0.7980769230769231 0.3557692307692309
0 0.7211538461538461 0.31009615384615397 0.6826923076923077 0.31009615384615397 0.6826923076923077 0.37980769230769246 0.7211538461538461 0.37980769230769246
0 0.7427884615384616 0.17788461538461545 0.6826923076923077 0.17788461538461545 0.6826923076923077 0.22115384615384623 0.7427884615384616 0.22115384615384623
0 0.65625 0.3245192307692309 0.6009615384615384 0.3245192307692309 0.6009615384615384 0.3870192307692309 0.65625 0.3870192307692309
0 0.6826923076923077 0.17067307692307698 0.6105769230769231 0.17067307692307698 0.6105769230769231 0.25000000000000006 0.6826923076923077 0.25000000000000006
0 0.625 0.21394230769230776 0.5480769230769231 0.21394230769230776 0.5480769230769231 0.44951923076923084 0.625 0.4495192307692309
0 0.5697115384615384 0.3004807692307693 0.4951923076923077 0.3004807692307693 0.4951923076923077 0.40625000000000006 0.5697115384615384 0.4062500000000001
0 0.5600961538461539 0.12740384615384623 0.47596153846153844 0.12740384615384623 0.47596153846153844 0.2692307692307693 0.5600961538461539 0.2692307692307693
2 0.9882470216346154 6.8444918476756e-17 1.5927267588535862e-19 7.93224088616914e-18 6.101974936865755e-17 0.9939270120192307 0.9882470216346154 0.9939270120192307