0 0.9759615384615384 0.25240384615384626 0.7379807692307693 0.2524038461538462 0.7379807692307693 0.574519230769231 0.9759615384615384 0.574519230769231
0 0.8990384615384616 0.13942307692307704 0.7451923076923077 0.13942307692307704 0.7451923076923077 0.20432692307692318 0.8990384615384616 0.2043269230769232
0 0.8966346153846154 0.08653846153846165 0.7524038461538461 0.08653846153846165 0.7524038461538461 0.13942307692307704 0.8966346153846154 0.13942307692307704
0 0.6610576923076923 0.05769230769230776 0.43990384615384615 0.057692307692307744 0.43990384615384615 0.1346153846153847 0.6610576923076923 0.1346153846153847
0 0.6899038461538461 0.13221153846153852 0.4254807692307692 0.13221153846153852 0.4254807692307692 0.19951923076923084 0.6899038461538461 0.19951923076923084
0 0.7043269230769231 0.18750000000000006 0.4735576923076923 0.18750000000000006 0.4735576923076923 0.24519230769230776 0.7043269230769231 0.24519230769230776
0 0.7019230769230769 0.22596153846153852 0.47596153846153844 0.22596153846153852 0.47596153846153844 0.29807692307692313 0.7019230769230769 0.29807692307692313
0 0.7139423076923077 0.2860576923076924 0.47115384615384615 0.2860576923076924 0.47115384615384615 0.34375000000000006 0.7139423076923077 0.3437500000000001
0 0.7235576923076923 0.32932692307692313 0.49278846153846156 0.3293269230769231 0.49278846153846156 0.389423076923077 0.7235576923076923 0.38942307692307704
0 0.7235576923076923 0.3774038461538462 0.4855769230769231 0.37740384615384615 0.4855769230769231 0.4423076923076924 0.7235576923076923 0.44230769230769246
0 0.7211538461538461 0.4302884615384616 0.4855769230769231 0.43028846153846156 0.4855769230769231 0.5000000000000001 0.7211538461538461 0.5000000000000001
0 0.23557692307692307 0.12980769230769235 0.15625 0.12980769230769235 0.15625 0.21875 0.23557692307692307 0.21875
0 0.3701923076923077 0.1658653846153847 0.30528846153846156 0.1658653846153847 0.30528846153846156 0.21875000000000006 0.3701923076923077 0.21875000000000006
0 0.3918269230769231 0.24278846153846162 0.32211538461538464 0.24278846153846162 0.32211538461538464 0.2788461538461539 0.3918269230769231 0.2788461538461539
0 0.23317307692307696 0.23557692307692307 0.18990384615384615 0.23557692307692307 0.1899038461538462 0.2956730769230769 0.23317307692307698 0.2956730769230769
0 0.39663461538461536 0.3052884615384616 0.33413461538461536 0.3052884615384616 0.33413461538461536 0.3605769230769231 0.39663461538461536 0.3605769230769231
0 0.2596153846153847 0.2956730769230769 0.18269230769230776 0.2956730769230769 0.18269230769230776 0.36538461538461536 0.2596153846153847 0.36538461538461536
0 0.45913461538461536 0.34134615384615385 0.22115384615384623 0.34134615384615385 0.22115384615384623 0.41586538461538464 0.45913461538461536 0.41586538461538464
0 0.41346153846153844 0.3918269230769231 0.3076923076923077 0.3918269230769231 0.3076923076923077 0.4639423076923077 0.41346153846153844 0.4639423076923077
0 0.2740384615384616 0.4182692307692308 0.13461538461538464 0.4182692307692308 0.13461538461538466 0.5024038461538461 0.2740384615384616 0.5024038461538461
2 0.9962063173076923 0.008756247596153907 1.0723310591171514e-18 0.008756247596153847 6.168342815512171e-17 0.9986105817307693 0.9962063173076923 0.9986105817307693