2 1 1.2246467991473532e-16 3.964878589409122e-17 6.123233995736766e-17 1.0088112585145887e-16 1 1 1
0 0.25542344148141866 0.15799732535813374 0.2526041658653846 0.11381215384615385 0.07210044850770993 0.125329359993289 0.07491972412374398 0.1695145315052689
0 0.24255032434659765 0.5545332113961238 0.04673143417930288 0.49235867134931655 0.032552084134615446 0.5370165745192309 0.22837097430191022 0.599191114566038
0 0.269493112966407 0.21852343147209508 0.26816456891247936 0.17234009143401446 0.10544229008068776 0.17702108063499636 0.10677083413461538 0.22320442067307697
0 0.2620192307692308 0.22596153846153846 0.10336538461538465 0.22596153846153846 0.10336538461538465 0.2692307692307692 0.2620192307692308 0.2692307692307692
0 0.18028846153846156 0.2692307692307692 0.08894230769230772 0.2692307692307692 0.08894230769230772 0.30288461538461536 0.18028846153846162 0.30288461538461536
0 0.13461538461538464 0.3004807692307692 0.045673076923076955 0.3004807692307692 0.04567307692307697 0.35096153846153844 0.13461538461538464 0.35096153846153844
0 0.7716346153846154 0.36057692307692313 0.5552884615384616 0.3605769230769231 0.5552884615384616 0.4278846153846155 0.7716346153846154 0.42788461538461553
0 0.5432692307692307 0.08894230769230774 0.3317307692307692 0.08894230769230772 0.3317307692307692 0.14423076923076927 0.5432692307692307 0.1442307692307693
0 0.5552884615384616 0.1538461538461539 0.3269230769230769 0.1538461538461539 0.3269230769230769 0.21153846153846162 0.5552884615384616 0.21153846153846162
0 0.5432692307692307 0.21153846153846162 0.31009615384615385 0.21153846153846162 0.31009615384615385 0.26201923076923084 0.5432692307692307 0.26201923076923084
0 0.5216346153846154 0.2596153846153847 0.30288461538461536 0.2596153846153847 0.3028846153846154 0.3076923076923077 0.5216346153846154 0.3076923076923077
0 0.5384615384615384 0.31490384615384615 0.295673076923077 0.31490384615384615 0.295673076923077 0.35336538461538464 0.5384615384615384 0.35336538461538464
0 0.49038461538461536 0.3557692307692308 0.295673076923077 0.3557692307692308 0.295673076923077 0.40625 0.49038461538461536 0.40625
0 0.5065104158653847 0.4165745865384615 0.29236182512399195 0.40208074058072385 0.2889939925038147 0.45184093615385434 0.5031425832452074 0.46633478211159207
0 0.5065104158653847 0.470718233173077 0.2901219147908245 0.4394037934837822 0.2810073330600552 0.5023872189645515 0.4973958341346154 0.5337016586538462
0 0.26041666586538464 0.3723756899038462 0.05486310593489831 0.3533665734684303 0.05092466251086199 0.39595461637647367 0.2564782224413483 0.4149637328118895
0 0.2627200071922359 0.4152485707397456 0.05468750000000007 0.3856353581730768 0.04977999280776425 0.4201105446448698 0.2578125000000001 0.44972375721153857
0 0.2643229158653847 0.4629834254807692 0.048022305712013554 0.42244328239797524 0.04017779146757315 0.46429743209754587 0.25647840162094426 0.5048375751803399
0 0.2604166658653847 0.5160220985576923 0.04557291586538467 0.4563535913461539 0.035430200982983114 0.4928736754298827 0.2502739509829831 0.5525421826414211
0 0.9399038461538461 0.04086538461538473 0.8293269230769231 0.04086538461538472 0.8293269230769231 0.11298076923076933 0.9399038461538461 0.11298076923076933
0 0.6971153846153846 0.16105769230769237 0.6274038461538461 0.16105769230769237 0.6274038461538461 0.2283653846153847 0.6971153846153846 0.2283653846153847
0 0.84375 0.15384615384615394 0.7788461538461539 0.1538461538461539 0.7788461538461539 0.21153846153846165 0.84375 0.21153846153846168
0 0.6923076923076923 0.24278846153846162 0.6225961538461539 0.24278846153846162 0.6225961538461539 0.29326923076923084 0.6923076923076923 0.29326923076923084
0 0.8485576923076923 0.23557692307692318 0.7668269230769231 0.23557692307692316 0.7668269230769231 0.2980769230769232 0.8485576923076923 0.29807692307692324
0 0.8197115384615384 0.3149038461538463 0.75 0.3149038461538463 0.75 0.36538461538461553 0.8197115384615384 0.36538461538461553
0 0.6706730769230769 0.3125000000000001 0.6033653846153846 0.3125000000000001 0.6033653846153846 0.36057692307692324 0.6706730769230769 0.36057692307692324
0 0.8653846153846154 0.44230769230769246 0.7355769230769231 0.44230769230769246 0.7355769230769231 0.5072115384615385 0.8653846153846154 0.5072115384615385
0 0.6682692307692307 0.42067307692307704 0.5817307692307693 0.42067307692307704 0.5817307692307693 0.46634615384615397 0.6682692307692307 0.46634615384615397