0 0.7956730769230769 0.17067307692307696 0.09615384615384619 0.17067307692307693 0.09615384615384619 0.264423076923077 0.7956730769230769 0.264423076923077
0 0.7019230769230769 0.2716346153846154 0.10817307692307696 0.27163461538461536 0.10817307692307696 0.35576923076923084 0.7019230769230769 0.3557692307692309
0 0.7716346153846154 0.38701923076923084 0.10576923076923081 0.3870192307692308 0.10576923076923082 0.4735576923076924 0.7716346153846154 0.47355769230769246
0 0.6658653846153846 0.4903846153846155 0.09855769230769237 0.49038461538461536 0.09855769230769237 0.5673076923076924 0.6658653846153846 0.5673076923076924
0 0.6177884615384616 0.5745192307692308 0.10576923076923084 0.5745192307692307 0.10576923076923084 0.6466346153846154 0.6177884615384616 0.6466346153846154
0 0.17307692307692316 0.6754807692307693 0.03365384615384624 0.6754807692307693 0.03365384615384624 0.7307692307692307 0.17307692307692316 0.7307692307692307
0 0.14663461538461547 0.7403846153846154 0.04807692307692316 0.7403846153846154 0.04807692307692317 0.7860576923076923 0.14663461538461547 0.7860576923076923
0 0.9302884615384616 0.1826923076923078 0.8076923076923077 0.18269230769230776 0.8076923076923077 0.2500000000000001 0.9302884615384616 0.2500000000000001
0 0.9471153846153846 0.5793269230769232 0.8004807692307693 0.5793269230769232 0.8004807692307693 0.6370192307692307 0.9471153846153846 0.6370192307692307
0 0.9350961538461539 0.6394230769230769 0.8076923076923077 0.6394230769230769 0.8076923076923077 0.7019230769230769 0.9350961538461539 0.7019230769230769
0 0.9206730769230769 0.25961538461538475 0.8461538461538461 0.25961538461538475 0.8461538461538461 0.3076923076923078 0.9206730769230769 0.3076923076923078
2 0.9782929895538407 0.04288295038543507 0.023732471153846156 0.02870028605769231 0.009813021971094462 0.965545177869683 0.964373540371089 0.9797278421974258