0 0.17788461538461542 0.20432692307692307 0.10096153846153849 0.20432692307692307 0.10096153846153849 0.33653846153846156 0.17788461538461545 0.33653846153846156
0 0.25961538461538464 0.23076923076923078 0.1875 0.23076923076923078 0.18750000000000003 0.6225961538461539 0.2596153846153847 0.6225961538461539
0 0.31971153846153844 0.23317307692307696 0.24519230769230768 0.23317307692307693 0.24519230769230774 0.44711538461538464 0.31971153846153844 0.44711538461538464
0 0.37259615384615385 0.24278846153846162 0.32211538461538464 0.24278846153846162 0.32211538461538464 0.3317307692307692 0.37259615384615385 0.3317307692307692
0 0.483173076923077 0.2475961538461539 0.3894230769230769 0.2475961538461539 0.389423076923077 0.625 0.48317307692307704 0.625
0 0.5865384615384616 0.22596153846153852 0.4807692307692308 0.22596153846153852 0.48076923076923084 0.6754807692307693 0.5865384615384617 0.6754807692307693
0 0.625 0.40384615384615397 0.5625 0.40384615384615397 0.5625000000000001 0.5697115384615385 0.625 0.5697115384615385
0 0.6899038461538461 0.42307692307692324 0.6177884615384616 0.42307692307692324 0.6177884615384616 0.5697115384615385 0.6899038461538461 0.5697115384615385
0 0.7644230769230769 0.39663461538461553 0.6995192307692307 0.39663461538461553 0.6995192307692307 0.6009615384615385 0.7644230769230769 0.6009615384615385
0 0.8341346153846154 0.42067307692307704 0.7644230769230769 0.42067307692307704 0.7644230769230769 0.6394230769230769 0.8341346153846154 0.6394230769230769
0 0.9519230769230769 0.4014423076923078 0.8125 0.4014423076923078 0.8125 0.7067307692307693 0.9519230769230769 0.7067307692307693
2 1 6.123233995736766e-17 0 0 6.123233995736766e-17 1 1 1