0 0.9615384615384616 0.6081730769230771 0.8269230769230769 0.6081730769230771 0.8269230769230769 0.6826923076923077 0.9615384615384616 0.6826923076923077
0 0.9567307692307693 0.5408653846153848 0.8028846153846154 0.5408653846153848 0.8028846153846154 0.6033653846153848 0.9567307692307693 0.6033653846153848
0 0.9543269230769231 0.4807692307692309 0.7860576923076923 0.4807692307692309 0.7860576923076923 0.5360576923076924 0.9543269230769231 0.5360576923076924
0 0.9423076923076923 0.41105769230769246 0.7884615384615384 0.41105769230769246 0.7884615384615384 0.48557692307692324 0.9423076923076923 0.48557692307692324
0 0.23972954872215763 0.7914427721181243 0.2175802654897751 0.7271760606918762 0.06047232494069445 0.7813227284775978 0.08262160817307698 0.8455894399038459
0 0.207271893555547 0.7656797086705288 0.20588474999999995 0.6862103461538461 0.12825560728062593 0.6875653685377645 0.12964275083617294 0.7670347310544472
2 1.006268872583715 0.9075123589856453 0.9556421875000001 0.05516896634615384 -0.005317004795253454 0.11224710976435487 0.045309680288461544 0.9645905024038464
0 0.21695282869214502 0.6763714293586118 0.20410942192295048 0.6157994430220385 0.05611819178849778 0.6471788261634266 0.06896159855769234 0.7077508124999999
0 0.2136873324086996 0.6192241927025633 0.2049909591346154 0.5705308125000002 0.045711686822069636 0.5989772255666678 0.05440806009615386 0.6476706057692309
0 0.21907577089509558 0.5669994222903287 0.21081291789357698 0.524084157310062 0.05987459411386605 0.5531456388658872 0.06813744711538462 0.5960609038461538
0 0.20244780709193344 0.5285354618602051 0.19684370192307687 0.4906203725961539 0.09986857031191264 0.5049539491974874 0.1054726754807692 0.5428690384615386
0 0.21104068542852106 0.4874755737838136 0.19978891500262033 0.431969061638094 0.0756866766894839 0.45712592775812666 0.08693844711538462 0.5126324399038462