0 0.7259615384615384 0.34855769230769246 0.6033653846153846 0.34855769230769246 0.6033653846153847 0.71875 0.7259615384615384 0.71875
0 0.5673076923076924 0.5721153846153847 0.4447115384615386 0.5721153846153846 0.4447115384615386 0.7091346153846154 0.5673076923076924 0.7091346153846154
0 0.4350961538461539 0.5168269230769231 0.3293269230769231 0.5168269230769231 0.32932692307692313 0.7139423076923077 0.43509615384615397 0.7139423076923077
0 0.31971153846153855 0.5072115384615384 0.2067307692307693 0.5072115384615384 0.2067307692307693 0.7235576923076923 0.3197115384615386 0.7235576923076923
0 0.19230769230769237 0.6490384615384616 0.09855769230769237 0.6490384615384616 0.09855769230769239 0.7331730769230769 0.19230769230769237 0.7331730769230769
0 0.6177884615384616 0.2548076923076924 0.5336538461538461 0.2548076923076924 0.5336538461538461 0.4783653846153847 0.6177884615384616 0.47836538461538475
0 0.5264423076923077 0.25000000000000006 0.4375 0.25000000000000006 0.4375 0.4831730769230769 0.5264423076923077 0.4831730769230769
0 0.44471153846153844 0.3870192307692308 0.38221153846153844 0.3870192307692308 0.38221153846153844 0.4639423076923077 0.44471153846153844 0.4639423076923077
0 0.3798076923076923 0.20913461538461545 0.2956730769230769 0.20913461538461545 0.295673076923077 0.46634615384615385 0.3798076923076923 0.46634615384615385
0 0.295673076923077 0.31490384615384615 0.23076923076923084 0.31490384615384615 0.23076923076923084 0.47115384615384615 0.295673076923077 0.47115384615384615
0 0.8028846153846154 0.05288461538461548 0.7019230769230769 0.05288461538461547 0.7019230769230769 0.23317307692307698 0.8028846153846154 0.23317307692307698
0 0.6995192307692307 0.13701923076923087 0.6346153846153846 0.13701923076923084 0.6346153846153846 0.20913461538461545 0.6995192307692307 0.20913461538461545
0 0.6394230769230769 0.060096153846153924 0.5697115384615384 0.06009615384615392 0.5697115384615384 0.21875000000000006 0.6394230769230769 0.21875000000000006
0 0.5769230769230769 0.036057692307692374 0.5264423076923077 0.036057692307692374 0.5264423076923077 0.20432692307692316 0.5769230769230769 0.20432692307692316
0 0.5288461538461539 0.06490384615384621 0.47836538461538464 0.0649038461538462 0.47836538461538464 0.21394230769230776 0.5288461538461539 0.21394230769230776
0 0.4831730769230769 0.09855769230769237 0.43509615384615385 0.09855769230769237 0.43509615384615385 0.20913461538461545 0.4831730769230769 0.20913461538461545
0 0.4326923076923077 0.07451923076923082 0.3701923076923077 0.07451923076923082 0.3701923076923077 0.2067307692307693 0.4326923076923077 0.2067307692307693
2 0.9312289062500001 0.03484883653846165 0.049953456311952985 0.023440079107397777 0.037682206607070265 0.9713391969839277 0.9189576565451174 0.9827479544149915
0 0.6394230769230769 0.8269230769230769 0.5649038461538463 0.8269230769230769 0.5649038461538463 0.9423076923076923 0.6394230769230769 0.9423076923076923
0 0.5673076923076924 0.8052884615384616 0.5024038461538463 0.8052884615384616 0.5024038461538463 0.9399038461538461 0.5673076923076924 0.9399038461538461
0 0.49759615384615397 0.7956730769230769 0.4399038461538463 0.7956730769230769 0.4399038461538463 0.9471153846153846 0.49759615384615397 0.9471153846153846
0 0.44711538461538475 0.8004807692307693 0.38461538461538475 0.8004807692307693 0.38461538461538475 0.9447115384615384 0.44711538461538475 0.9447115384615384