2 0.9184258870192308 0.9080948413461537 0.8487479797756392 -0.051270314083286674 -0.06967790724359152 0.015434207551328676 0 0.9747993629807691
0 0.2771770649038463 0.5277477331730771 0.17907913019295235 0.5002446074459661 0.08241307368534018 0.8450323451792018 0.18051100839623413 0.8725354709063127
0 0.33237668750000005 0.5513091682692308 0.2806458319044033 0.5403141696761872 0.20719447059642568 0.8858987309627173 0.25892532619202246 0.896893729555761
0 0.3790618725961539 0.5488231490384615 0.33790851515628717 0.5400156933968053 0.3028532465550976 0.7038135094280416 0.3440066039949643 0.712620965069698
0 0.4155237644230771 0.5595084014423077 0.36616061670902833 0.5541092743531514 0.342875014423077 0.7670049158653848 0.39223816213712576 0.772404042954541
0 0.47596153846153855 0.5432692307692307 0.4110576923076923 0.5432692307692307 0.4110576923076924 0.7908653846153846 0.4759615384615386 0.7908653846153846
0 0.5216346153846154 0.5480769230769231 0.45913461538461536 0.5480769230769231 0.4591346153846155 0.7884615384615384 0.5216346153846155 0.7884615384615384
0 0.576923076923077 0.5408653846153847 0.5096153846153846 0.5408653846153846 0.5096153846153847 0.78125 0.5769230769230771 0.78125
0 0.6291900795294164 0.8034189653114929 0.6175380379919836 0.5463561476555885 0.5703861988471826 0.5484934275364035 0.5820382403846154 0.8055562451923078
0 0.6914042668269229 0.8212643677884616 0.6714679206738656 0.5361613706955867 0.6212225360584811 0.5396748706955866 0.6411588822115385 0.8247778677884615
0 0.743676844817171 0.8249927180155336 0.7121032548076923 0.5418836442307693 0.6650166744135982 0.5471349502536972 0.6965902644230769 0.8302440240384616
1 0.9182692307692307 0.7355769230769231 0.22596153846153852 0.7355769230769231 0.22596153846153857 0.9783653846153846 0.9182692307692307 0.9783653846153846