0 0.9759615384615384 0.4639423076923078 0.8798076923076923 0.4639423076923078 0.8798076923076923 0.6658653846153846 0.9759615384615384 0.6658653846153846
0 0.9711538461538461 0.7475961538461539 0.8653846153846154 0.7475961538461539 0.8653846153846154 0.8149038461538461 0.9711538461538461 0.8149038461538461
0 0.96875 0.8918269230769231 0.8701923076923077 0.8918269230769231 0.8701923076923077 0.9711538461538461 0.96875 0.9711538461538461
0 0.9038461538461539 0.31730769230769246 0.8004807692307693 0.31730769230769246 0.8004807692307693 0.7091346153846154 0.9038461538461539 0.7091346153846154
0 0.8173076923076923 0.11778846153846165 0.71875 0.11778846153846165 0.71875 0.4495192307692309 0.8173076923076923 0.4495192307692309
0 0.7836538461538461 0.10576923076923085 0.6370192307692307 0.10576923076923084 0.6370192307692307 0.9471153846153846 0.7836538461538461 0.9471153846153846
0 0.7139423076923077 0.08413461538461547 0.5793269230769231 0.08413461538461545 0.5793269230769231 0.9831730769230769 0.7139423076923077 0.9831730769230769
0 0.6153846153846154 0.09375000000000007 0.5 0.09375000000000007 0.5 0.5504807692307693 0.6153846153846154 0.5504807692307694
0 0.5288461538461539 0.11538461538461545 0.43509615384615385 0.11538461538461545 0.43509615384615385 0.4639423076923077 0.5288461538461539 0.4639423076923077
0 0.4519230769230769 0.1225961538461539 0.34134615384615385 0.12259615384615388 0.34134615384615385 0.49759615384615385 0.4519230769230769 0.49759615384615385
0 0.43351789326555384 0.5652476300022216 0.3514017469500445 0.561130161651939 0.33470533926141377 0.8941126013612559 0.4168214855769231 0.8982300697115385
0 0.33455343770643314 0.10128267845524551 0.26542341722438556 0.10052072934250968 0.25764463096026025 0.8062734427141874 0.32677465144230783 0.8070353918269232
0 0.27296977848394705 0.12016662836108626 0.19770538330421233 0.11753005604107689 0.17854850145488074 0.6643882305646062 0.2538128966346155 0.6670248028846154
2 1 0.021219134615384674 0.0016078894230769256 0.021219134615384612 0.0016078894230769855 1 1 1