0 0.3528932836538462 0.6230779711538462 0.2620345611439241 0.6186961841402034 0.24910188325930865 0.8868622514478959 0.3399606057692308 0.8912440384615384
0 0.3631227572115385 0.4834100985576923 0.2845749061009856 0.4818858822530073 0.28234366812021644 0.5968688726376226 0.36089151923076934 0.5983930889423076
0 0.4479665625000001 0.863677923076923 0.39376041470813433 0.8605207732107861 0.391289795673077 0.9029396466346152 0.44549594346494276 0.906096796500752
0 0.44996288416614344 0.8289065062590009 0.44965213942307697 0.8154093149038462 0.41315961583385674 0.8162494793179225 0.4134703605769232 0.8297466706730771
0 0.45974249623222896 0.7813755238354146 0.4224462307692309 0.777065997596154 0.4198286108189851 0.7997198679116893 0.4571248762819832 0.8040293941509499
0 0.45614591346153865 0.7316293317307694 0.41868318456807124 0.7309114121101636 0.418443945215956 0.7433954823761051 0.4559066741094234 0.7441134019967108
0 0.456988701923077 0.7074950264423076 0.4302821875000001 0.705939548076923 0.4293276298974135 0.722328658300794 0.4560341443204905 0.7238841366661786
0 0.43937410835973983 0.5561566164827765 0.4374139648570114 0.540053647667645 0.4030776810165023 0.5442332523387147 0.40503782451923076 0.5603362211538462
0 0.7049598509615385 0.5545886322115384 0.6408472720839902 0.5477738205895937 0.6355334042955286 0.597765777320363 0.6996459831730769 0.6045805889423078
0 0.5557867596153845 0.4327220168269231 0.5529325332541363 0.4152909550044947 0.5187347572115384 0.4208906249999999 0.5215889835727867 0.43832168682242834
0 0.49422577163461534 0.3053175336538462 0.49416833398142757 0.27657301545758767 0.4506251249999999 0.2766600240384615 0.4506825626531877 0.30540454223471997
0 0.6881519759615384 0.37175058173076925 0.6856064438646418 0.32888517088453695 0.6020568918269231 0.3338467019230769 0.6046024239238197 0.3767121127693092
0 0.7758863701923077 0.46488807451923075 0.7733979792009834 0.43984211998288186 0.7304315777586757 0.4441109613290356 0.73291996875 0.4691569158653846
0 0.3837439903846154 0.25051592067307693 0.3272115703106958 0.24476228019468896 0.31524312491660705 0.36235829356950516 0.37177554499052656 0.36811193404789316
0 0.5520164636646157 0.38742317000303406 0.527070108173077 0.38655202403846156 0.5263284542933865 0.40779021153729045 0.5512748097849252 0.40866135750186305
0 0.43040008550496817 0.41290763545580905 0.3943590022991943 0.41041978192981027 0.3931662869865339 0.4276984325316936 0.42920737019230776 0.4301862860576924
0 0.42944070865934036 0.394507430016119 0.4020014615384616 0.3918429687500001 0.40079011163730066 0.4043177341783685 0.42822935875817947 0.40698219544448744
0 0.4384515529525467 0.28472494638869816 0.40228370913461536 0.2815831418269232 0.40119842045945187 0.2940767742374976 0.43736626427738323 0.2972185787992726
0 0.4479177864494158 0.2610249699301606 0.41199495673076925 0.25893270192307694 0.4112088505698149 0.2724296142044548 0.44713168028846145 0.27452188221153845
2 1.0132358518404536 0.05889204305165855 0.0407079403360289 0.011229466697235386 -0.006220123205046075 0.9687700597019889 0.9663077882993787 1.016432636056412
1 0.9519230769230769 0.016826923076923152 0.28125 0.01682692307692311 0.28125 0.17307692307692318 0.9519230769230769 0.1730769230769232