2 1.0136542679509661 0.9253131827174482 0.9821299710521164 0.023983577728050653 0.02672377163461538 0.05739922115384615 0.05824806853346498 0.9587288261432436
0 0.25721153846153855 0.6346153846153846 0.108173076923077 0.6346153846153846 0.10817307692307701 0.7235576923076923 0.25721153846153855 0.7235576923076923
0 0.18028846153846162 0.4951923076923077 0.10336538461538468 0.4951923076923077 0.10336538461538468 0.5625 0.18028846153846162 0.5625
0 0.7451923076923077 0.6466346153846154 0.35817307692307704 0.6466346153846154 0.35817307692307704 0.7884615384615384 0.7451923076923077 0.7884615384615384
0 0.5192307692307693 0.5048076923076923 0.3581730769230769 0.5048076923076923 0.358173076923077 0.6105769230769231 0.5192307692307694 0.6105769230769231
0 0.5528846153846154 0.3894230769230769 0.3389423076923077 0.3894230769230769 0.3389423076923077 0.4951923076923077 0.5528846153846154 0.4951923076923077
0 0.5576923076923077 0.2524038461538462 0.3173076923076923 0.2524038461538462 0.3173076923076923 0.3605769230769231 0.5576923076923077 0.3605769230769231
0 0.40625 0.1370192307692308 0.29086538461538464 0.1370192307692308 0.29086538461538464 0.24519230769230776 0.40625 0.24519230769230776
0 0.9567307692307693 0.41105769230769246 0.8341346153846154 0.41105769230769246 0.8341346153846154 0.4639423076923078 0.9567307692307693 0.4639423076923078
0 0.9447115384615384 0.46634615384615397 0.8341346153846154 0.46634615384615397 0.8341346153846154 0.5096153846153848 0.9447115384615384 0.5096153846153848
0 0.9831730769230769 0.5144230769230771 0.8413461538461539 0.5144230769230771 0.8413461538461539 0.5576923076923078 0.9831730769230769 0.5576923076923078
0 0.9951923076923077 0.5504807692307694 0.8509615384615384 0.5504807692307694 0.8509615384615384 0.6009615384615385 0.9951923076923077 0.6009615384615385
0 0.9879807692307693 0.5961538461538463 0.8557692307692307 0.5961538461538463 0.8557692307692307 0.6610576923076923 0.9879807692307693 0.6610576923076923
0 0.9326923076923077 0.6538461538461539 0.8509615384615384 0.6538461538461539 0.8509615384615384 0.7211538461538461 0.9326923076923077 0.7211538461538461
0 1 0.7139423076923077 0.8413461538461539 0.7139423076923077 0.8413461538461539 0.7884615384615384 1 0.7884615384615384
1 0.35576923076923084 0.03365384615384618 0.09375 0.03365384615384616 0.09375000000000003 0.6466346153846154 0.3557692307692309 0.6466346153846154
0 0.2163461538461539 0.5600961538461539 0.10096153846153853 0.5600961538461539 0.10096153846153853 0.6370192307692307 0.2163461538461539 0.6370192307692307
0 0.21153846153846162 0.44471153846153844 0.09375000000000007 0.44471153846153844 0.09375000000000007 0.49759615384615385 0.21153846153846162 0.49759615384615385