1 0.9735576923076923 0.16346153846153857 0.33413461538461536 0.16346153846153852 0.33413461538461536 0.4567307692307693 0.9735576923076923 0.4567307692307694
0 0.3629807692307692 0.10336538461538465 0.2860576923076923 0.10336538461538465 0.2860576923076923 0.23076923076923084 0.3629807692307692 0.23076923076923084
0 0.44471153846153844 0.10576923076923082 0.3701923076923077 0.10576923076923081 0.3701923076923077 0.21153846153846162 0.44471153846153844 0.21153846153846162
0 0.5048076923076923 0.10576923076923084 0.4423076923076923 0.10576923076923084 0.4423076923076923 0.21153846153846162 0.5048076923076923 0.21153846153846162
0 0.18509615384615394 0.8076923076923077 0.10096153846153856 0.8076923076923077 0.10096153846153856 0.9447115384615384 0.185096153846154 0.9447115384615384
0 0.2451923076923078 0.8245192307692307 0.18028846153846162 0.8245192307692307 0.18028846153846165 0.8918269230769231 0.24519230769230782 0.8918269230769231
0 0.5703361490384615 0.10659062980769238 0.5232863531578078 0.09338713034591875 0.48328462685136064 0.23593063277427392 0.5303344227320143 0.24913413223604758
0 0.6219294206730771 0.1132055625000001 0.5701967841525617 0.09914174387488012 0.5311111274038461 0.24291521875000005 0.5828437639243614 0.25697903737512007
0 0.306215983173077 0.8322203437500002 0.2624888116854407 0.8182876934671027 0.21696565625000014 0.9611606418269231 0.2606928277376364 0.9750932921098205
0 0.34226171634615404 0.8440078485576923 0.2930814697909039 0.8350056110727249 0.26847084615384625 0.9694562451923078 0.3176510927090964 0.9784584826772752
0 0.39151177884615396 0.8370354471153848 0.35449748833419936 0.8278038955486111 0.32355269506496853 0.9518783330486109 0.3605669855769232 0.9611098846153845
0 0.4293016370192309 0.844692247596154 0.3957041879804453 0.834533374029098 0.366768247596154 0.9302303798076922 0.4003656966349396 0.9403892533747483
0 0.477847060096154 0.8511652235576924 0.4193369553786336 0.8419661855086189 0.402417622596154 0.9495809086538464 0.4609277273136744 0.9587799467029199
2 0.9356994206730769 0.10170562500000008 0.05899905783602723 0.03236808330976319 -0.014482618711252525 0.9614666772385104 0.862217744125797 1.0308042189287472