2 1.0014681031582948 0.015330373512877834 0.060740740384615376 7.339214706055722e-18 0.04445309560359872 0.9994690023546655 0.985180458377278 1.0147993758675435
0 0.861446438568466 0.12694847949702973 0.7005128197115387 0.09195737740384624 0.6886228010314023 0.14664281512955835 0.8495564198883296 0.18163391722274186
0 0.8815046843949198 0.18709042428800957 0.5876923076923076 0.14012552884615392 0.5792746008242208 0.19278670136724355 0.873086977526833 0.2397515968090992
0 0.9241025649038461 0.15180265625000008 0.8882051274038462 0.15180265625000008 0.8882051274038462 0.2131075745192309 0.9241025649038461 0.2131075745192309
0 0.706618864498084 0.2201401930415514 0.29846153846153844 0.15180265625000006 0.2878479135353148 0.21519429974245088 0.6960052395718603 0.28353183653400227
0 0.9435855016240235 0.27797450798111734 0.2994871802884616 0.2510582379807692 0.2963333795954331 0.32652774888180947 0.9404317009309952 0.3534440188821576
0 0.8347404288829091 0.329911545466401 0.232820514423077 0.3196613629807693 0.23158102614092918 0.39244764574307295 0.8335009406007612 0.40269782822870465
0 0.7623798587331613 0.4548872965202572 0.7569964956596765 0.3772595162735225 0.2615384615384615 0.41161874278846144 0.2669218246119462 0.48924652303519617
0 0.7107692307692308 0.52401109375 0.6961186934879975 0.44680276090448345 0.2961186934879975 0.5227040878275605 0.3107692307692308 0.5999124206730769
0 0.7448227297139121 0.5908407019697358 0.7271454901195794 0.5172135468012578 0.30027147675182114 0.6197022847353684 0.3179487163461538 0.6933294399038463
0 0.7999157259396041 0.6468713343017402 0.7732723530974431 0.5658009424346933 0.2677156007155312 0.7319496033252607 0.2943589735576923 0.8130199951923076
0 0.7626023922775479 0.7322272101971425 0.7333297087197431 0.6575383577332369 0.27021449673065684 0.8390463686899405 0.2994871802884616 0.9137352211538462