2 1.0258620073205056 0.9238504066869451 0.9734571275897341 0.03823376070195399 0.013139598557692308 0.09505893990384616 0.06554447828846378 0.9806755858888371
0 0.9109205805019527 0.2648838448678952 0.8914857714297425 0.1800813869794124 0.6296988616008666 0.24007703730382482 0.6491336706730769 0.32487949519230763
0 0.9294074775522821 0.3352031825302581 0.9220851791735523 0.2944804227428939 0.6592156246981932 0.341746603193405 0.6665379230769232 0.38246936298076917
0 0.9254441421116865 0.38586928773711693 0.9162187494155736 0.3343526680012698 0.6639251217269639 0.3795324139179991 0.6731505144230768 0.4310490336538462
0 0.8940040408653848 0.45019852884615386 0.8895423509615384 0.3975533052884615 0.6904117427841064 0.4144296515932381 0.6948734326879527 0.4670748751509304
0 0.9339814783653846 0.521675625 0.9320629581479263 0.472461431663255 0.6902804341685305 0.4818868560994254 0.6921989543859888 0.5311010494361704
0 0.9567629807692307 0.5691016105769232 0.9546471658123821 0.5203268751962496 0.7027157788461539 0.5312554879807693 0.7048315938030025 0.5800302233614428
0 0.8945049577596856 0.5800353560742353 0.7095451086307307 0.5785100562141057 0.7091815090441221 0.622600616005255 0.894141358173077 0.6241259158653848
0 0.9225568701923077 0.66768921875 0.9225520842976123 0.6257487982864282 0.7065670913461539 0.6257734447115383 0.7065718772408492 0.6677138651751101
0 0.9448874216289307 0.6667126603355464 0.7036082532493126 0.6567180004873931 0.7010896104665356 0.7175200733249238 0.9423687788461538 0.727514733173077
0 0.9945258637693921 0.7304822348169133 0.7184600697115386 0.7186643629807695 0.7161306458459927 0.7730797651830874 0.9921964399038463 0.7848976370192311