2 0.8945042672216801 0.9880111601283701 0.8863584234589249 -0.006547242492069812 -0.008145843762755175 0.0007791166103291278 0 0.9953375192307691
0 0.31971153846153855 0.1899038461538462 0.19471153846153846 0.18990384615384615 0.1947115384615385 0.6129807692307693 0.3197115384615386 0.6129807692307693
0 0.46875 0.18750000000000006 0.36538461538461536 0.18750000000000006 0.36538461538461536 0.3293269230769231 0.46875 0.3293269230769231
0 0.5697115384615384 0.16826923076923084 0.49038461538461536 0.16826923076923084 0.49038461538461536 0.28846153846153855 0.5697115384615384 0.28846153846153855
0 0.35336538461538464 3.900617809784238e-17 0.28365384615384615 3.473757747581434e-17 0.28365384615384615 0.08894230769230772 0.35336538461538464 0.08894230769230772
0 0.4206730769230769 0.0024038461538462013 0.3581730769230769 0.0024038461538461978 0.3581730769230769 0.0961538461538462 0.4206730769230769 0.09615384615384623
0 0.47836538461538464 0.019230769230769287 0.4182692307692308 0.01923076923076928 0.4182692307692308 0.11298076923076929 0.47836538461538464 0.1129807692307693
0 0.40625000000000006 0.47596153846153844 0.29807692307692313 0.47596153846153844 0.29807692307692313 0.7067307692307693 0.4062500000000001 0.7067307692307693
0 0.5673076923076924 0.7403846153846154 0.5000000000000001 0.7403846153846154 0.5000000000000001 0.8942307692307693 0.5673076923076924 0.8942307692307693
0 0.5000000000000001 0.7379807692307693 0.44230769230769246 0.7379807692307693 0.44230769230769246 0.8774038461538461 0.5000000000000001 0.8774038461538461
0 0.4495192307692309 0.7475961538461539 0.39663461538461553 0.7475961538461539 0.39663461538461553 0.9302884615384616 0.4495192307692309 0.9302884615384616
0 0.4062500000000001 0.75 0.3389423076923078 0.75 0.3389423076923078 0.9591346153846154 0.4062500000000001 0.9591346153846154
0 0.3509615384615386 0.7548076923076923 0.28125000000000006 0.7548076923076923 0.2812500000000001 0.9326923076923077 0.3509615384615386 0.9326923076923077
0 0.2860576923076924 0.7572115384615384 0.21875000000000006 0.7572115384615384 0.2187500000000001 0.8461538461538461 0.28605769230769246 0.8461538461538461
0 0.22115384615384626 0.7451923076923077 0.11778846153846165 0.7451923076923077 0.11778846153846165 0.9471153846153846 0.22115384615384628 0.9471153846153846
1 0.9615384615384616 0.18509615384615394 0.28365384615384615 0.1850961538461539 0.2836538461538462 0.5024038461538463 0.9615384615384616 0.5024038461538463