2 0.9951923076923077 6.093795370757262e-17 0 0 6.123233995736766e-17 1 0.9951923076923077 1
0 0.9783653846153846 0.21153846153846168 0.8701923076923077 0.21153846153846168 0.8701923076923077 0.3990384615384617 0.9783653846153846 0.3990384615384617
0 0.9262716225961539 0.5653702139423078 0.8547410108701794 0.036404184218540594 0.7673492307692308 0.04822193269230768 0.8388798424952053 0.577187962416075
0 0.9287979134615386 0.8865489591346154 0.8087153217493965 0.39243966176127176 0.7025486625458163 0.41824117502636793 0.8226312542579582 0.9123504723997116
0 0.8015671586538461 0.8755531826923076 0.7146615228350135 0.04521392027646353 0.6365214027715538 0.05339228437948959 0.7234270385903864 0.8837315467953336
0 0.7172184399038461 0.9472971826923077 0.6505490264423077 0.03797249999999999 0.5511541328528574 0.04525988522423123 0.6178235463143958 0.9545845679165388
0 0.6067572235576922 0.9305642403846156 0.5844340745192307 0.3370020913461539 0.5029031929189943 0.34006836843971117 0.5252263419574559 0.9336305174781729
0 0.49866562500000006 0.8896159350961538 0.4978501610576924 0.42140925480769237 0.39560444682859774 0.4215873336278364 0.3964199107709054 0.8897940139162978
0 0.42030698076923095 0.08771546153846159 0.330372949433847 0.08336154332900225 0.2918947306838469 0.8781631827520793 0.3818287620192308 0.8825171009615386
0 0.34245610817307715 0.13932335817307695 0.23698146655272204 0.12900202908139727 0.16014867788461548 0.9141635889423078 0.2656233195049706 0.9244849180339875
0 0.23895600961538474 0.24207007932692315 0.14511998001039164 0.2275207102979167 0.03908582211538473 0.91138709375 0.13292185172037785 0.9259364627790065