2 0.9947860240384615 6.128701219413459e-17 0.006106841346153847 7.478723707468022e-19 0.006106841346153907 0.9818368894230769 0.9947860240384615 0.9818368894230769
0 0.8822115384615384 0.8413461538461539 0.8028846153846154 0.8413461538461539 0.8028846153846154 0.9110576923076923 0.8822115384615384 0.9110576923076923
0 0.71875 0.3942307692307694 0.6586538461538461 0.3942307692307694 0.6586538461538461 0.5192307692307694 0.71875 0.5192307692307694
0 0.7836538461538461 0.32211538461538475 0.7115384615384616 0.32211538461538475 0.7115384615384616 0.5144230769230771 0.7836538461538461 0.5144230769230771
0 0.875 0.19471153846153857 0.7980769230769231 0.19471153846153852 0.7980769230769231 0.32932692307692324 0.875 0.32932692307692324
0 0.40144230769230776 0.21394230769230776 0.3173076923076923 0.21394230769230776 0.3173076923076924 0.5961538461538461 0.4014423076923078 0.5961538461538461
0 0.34134615384615385 0.2716346153846154 0.25961538461538464 0.27163461538461536 0.25961538461538464 0.5576923076923077 0.34134615384615385 0.5576923076923077
0 0.3942307692307694 0.7908653846153846 0.3389423076923078 0.7908653846153846 0.3389423076923078 0.9086538461538461 0.3942307692307694 0.9086538461538461
0 0.5216346153846154 0.32211538461538464 0.4423076923076923 0.32211538461538464 0.4423076923076924 0.7067307692307693 0.5216346153846155 0.7067307692307693
0 0.6057692307692308 0.3004807692307693 0.5072115384615384 0.3004807692307693 0.5072115384615385 0.9182692307692307 0.605769230769231 0.9182692307692307
0 0.371789483173077 0.7286630072115385 0.3275882471360833 0.5799678554608299 0.2751644735576923 0.5955513870192307 0.31936570959468596 0.7442465387699394
0 0.34528800721153846 0.9243913533653847 0.24595521039409546 0.4846555475563234 0.17166223557692312 0.5014377355769232 0.2709950323943661 0.9411735413859843
0 0.2808363701923077 0.9173275600961539 0.1959825544085105 0.5742194012944875 0.1401116436705406 0.5880367934077806 0.22496545945433782 0.9311449522094469