0 0.13858613221153854 0.2125286778846154 0.06453713948756752 0.19851445888360403 0.024456806515138766 0.4102928165955481 0.09850579923910978 0.4243070355965595
0 0.24093564423076927 0.010320620192307728 0.1487761369575667 -0.012158250487483988 0.1045755168269231 0.16905669711538465 0.19673502410012567 0.19153556779517636
0 0.22822188221153863 0.17743717788461544 0.1651851438298141 0.16466456271754726 0.08252811209313601 0.5726021398575056 0.14556485047486054 0.5853747550245738
0 0.2433802956730771 0.40037542548076926 0.13041886011711407 0.3885885736283379 0.07932322355769239 0.8782728870192309 0.19228465911365542 0.8900597388716622
0 0.3582666274038463 0.01584499038461544 0.27154905794566236 0.008650326572465467 0.19877197355769244 0.8858354230769231 0.2854895430158763 0.8930300868890731
0 0.42699927163461565 6.832141690000964e-17 0.3360946064868306 -0.00522459620597709 0.28118785336538477 0.9501181346153846 0.3720925185131699 0.9553427308213618
0 0.487278793269231 0.30539907932692323 0.4142965351696546 0.3024305801113497 0.38960544230769245 0.9094752788461542 0.4625877004072689 0.9124437780617277
0 0.6075959378666682 0.8615435194455446 0.5802708581730769 0.37878649759615385 0.4706853121333317 0.38498927382368636 0.498010391826923 0.8677462956730769
0 0.7081126521934776 0.8357378394564992 0.6659880192523675 0.026376770378005607 0.5812075497511977 0.030789320344583496 0.6233321826923077 0.8401503894230771
0 0.8435138351164956 0.8735274587624187 0.7287864018181973 0.04692089719692998 0.6515132037209325 0.05764589756912671 0.7662406370192307 0.8842524591346154
0 0.9380876770962708 0.8430444952269522 0.8350813076923077 0.1418086778846154 0.7459424199635948 0.154902523022819 0.848948789367558 0.8561383403651559
2 1 6.326937328513189e-17 0.0034970096153846336 2.2511634093676536e-18 0.0034970096153846947 0.9989138701923077 1 0.9989138701923077