0 0.7067307692307693 0.4735576923076924 0.5240384615384616 0.4735576923076923 0.5240384615384616 0.5480769230769231 0.7067307692307693 0.5480769230769232
0 0.1995192307692308 0.2668269230769231 0.0384615384615385 0.2668269230769231 0.0384615384615385 0.3317307692307692 0.19951923076923084 0.3317307692307692
0 0.2163461538461539 0.3317307692307692 0.04086538461538465 0.3317307692307692 0.04086538461538466 0.3942307692307692 0.2163461538461539 0.3942307692307692
0 0.4927884615384617 0.6466346153846154 0.26201923076923084 0.6466346153846154 0.26201923076923084 0.7091346153846154 0.4927884615384617 0.7091346153846154
0 0.5024038461538463 0.5697115384615384 0.26201923076923084 0.5697115384615384 0.26201923076923084 0.6394230769230769 0.5024038461538463 0.6394230769230769
0 0.4951923076923077 0.4326923076923077 0.25721153846153855 0.4326923076923077 0.25721153846153855 0.5096153846153846 0.4951923076923077 0.5096153846153846
0 0.47596153846153844 0.36538461538461536 0.26201923076923084 0.36538461538461536 0.26201923076923084 0.4182692307692308 0.47596153846153844 0.4182692307692308
0 0.19552894782640481 0.23506298057243116 0.18742620913461538 0.1713459951923077 0.03912276371205673 0.19020539442756887 0.04722550240384616 0.25392237980769233
0 0.4977086681246656 0.18989649614592843 0.4914403774038462 0.11147811778846152 0.28221459819199995 0.12820236072563948 0.2884828889128193 0.20662073908310635
0 0.5106439840288756 0.27822046232859104 0.5047225504807692 0.2043765480769231 0.2671009991442014 0.22343106651756278 0.2730224326923077 0.29727498076923076
0 0.48701298557692313 0.3550784471153846 0.4825855961538462 0.2828241129807693 0.2577172969309307 0.2966029338845782 0.2621446863540076 0.3688572680191935
0 0.20956316346153844 0.5924855480769231 0.20615206102445843 0.5344488697682134 0.030855575908554242 0.5447519106212714 0.03426667834563425 0.6027885889299811
0 0.23007031863422953 0.6735182430055224 0.019185360576923147 0.6544178365384615 0.013436174154232159 0.717893812282939 0.22432113221153854 0.7369942187499999
0 0.7956730769230769 0.07451923076923087 0.7235576923076923 0.07451923076923085 0.7235576923076923 0.1514423076923078 0.7956730769230769 0.1514423076923078
0 0.6274038461538461 0.22596153846153852 0.5841346153846154 0.22596153846153852 0.5841346153846154 0.295673076923077 0.6274038461538461 0.295673076923077
0 0.7475961538461539 0.19230769230769237 0.6995192307692307 0.19230769230769237 0.6995192307692307 0.28846153846153855 0.7475961538461539 0.28846153846153855
0 0.6177884615384616 0.3197115384615386 0.5769230769230769 0.3197115384615386 0.5769230769230769 0.38942307692307704 0.6177884615384616 0.38942307692307704
0 0.7331730769230769 0.3004807692307693 0.6947115384615384 0.3004807692307693 0.6947115384615384 0.36538461538461553 0.7331730769230769 0.36538461538461553
0 0.6298076923076923 0.4086538461538463 0.5721153846153846 0.4086538461538463 0.5721153846153846 0.4639423076923078 0.6298076923076923 0.4639423076923078
0 0.7283653846153846 0.3942307692307694 0.6875 0.3942307692307694 0.6875 0.4495192307692309 0.7283653846153846 0.4495192307692309
0 0.7740384615384616 0.560096153846154 0.6995192307692307 0.560096153846154 0.6995192307692307 0.6274038461538461 0.7740384615384616 0.6274038461538461
0 0.6225961538461539 0.5528846153846155 0.5697115384615384 0.5528846153846155 0.5697115384615385 0.6009615384615385 0.6225961538461539 0.6009615384615385
2 0.9843565528846153 1.1856084711271706e-16 6.118177646948911e-17 5.828639202722374e-17 1.2236355293897822e-16 0.9991742355769231 0.9843565528846153 0.9991742355769231
0 0.2376033052884616 0.7411230384615385 0.028040141826923153 0.7225433533653847 0.021568998043724936 0.7955323924908224 0.23113216150526336 0.8141120775869763
0 0.22505545989462553 0.8115407127311343 0.056080283653846236 0.7865400480769231 0.04127630913331707 0.8865975560779782 0.21025148537409638 0.9115982207321893