2 0.9230769230769231 0.026442307692307748 0.02403846153846154 0.026442307692307692 0.0240384615384616 1 0.9230769230769231 1
0 0.33413461538461553 0.8293269230769231 0.2548076923076924 0.8293269230769231 0.2548076923076924 0.9519230769230769 0.33413461538461553 0.9519230769230769
0 0.40384615384615397 0.8004807692307693 0.34855769230769246 0.8004807692307693 0.34855769230769246 0.9495192307692307 0.40384615384615397 0.9495192307692307
0 0.4759615384615386 0.8076923076923077 0.41105769230769246 0.8076923076923077 0.41105769230769246 0.9543269230769231 0.4759615384615386 0.9543269230769231
0 0.5264423076923078 0.8076923076923077 0.47355769230769246 0.8076923076923077 0.47355769230769246 0.9567307692307693 0.5264423076923078 0.9567307692307693
0 0.5721153846153848 0.7860576923076923 0.5216346153846155 0.7860576923076923 0.5216346153846155 0.9591346153846154 0.5721153846153848 0.9591346153846154
0 0.27403846153846156 0.06730769230769233 0.20432692307692307 0.06730769230769232 0.20432692307692307 0.23076923076923078 0.27403846153846156 0.23076923076923078
0 0.3581730769230769 0.1418269230769231 0.27884615384615385 0.1418269230769231 0.27884615384615385 0.21394230769230774 0.3581730769230769 0.21394230769230776
0 0.4110576923076923 0.06730769230769236 0.3581730769230769 0.06730769230769236 0.3581730769230769 0.22596153846153852 0.4110576923076923 0.22596153846153852
0 0.46153846153846156 0.05288461538461543 0.4110576923076923 0.05288461538461543 0.4110576923076923 0.22115384615384623 0.46153846153846156 0.22115384615384623
0 0.5168269230769231 0.07211538461538468 0.4639423076923077 0.07211538461538466 0.4639423076923077 0.23317307692307698 0.5168269230769231 0.23317307692307698
0 0.5576923076923077 0.12019230769230776 0.5120192307692307 0.12019230769230776 0.5120192307692307 0.22596153846153852 0.5576923076923077 0.22596153846153852
0 0.6225961538461539 0.09855769230769237 0.5673076923076923 0.09855769230769237 0.5673076923076923 0.2283653846153847 0.6225961538461539 0.2283653846153847
1 0.9783653846153846 0.560096153846154 0.3437500000000001 0.5600961538461539 0.3437500000000001 0.8004807692307693 0.9783653846153846 0.8004807692307693