2 0.96875 0.014423076923076983 1.766317498770221e-18 0.014423076923076924 6.108514683247014e-17 0.9831730769230769 0.96875 0.9831730769230769
0 0.7884615384615384 0.05048076923076929 0.15144230769230768 0.050480769230769246 0.15144230769230768 0.12740384615384623 0.7884615384615384 0.12740384615384626
0 0.16105769230769235 0.24278846153846154 0.03365384615384618 0.24278846153846154 0.03365384615384619 0.2932692307692308 0.16105769230769237 0.2932692307692308
0 0.20913461538461545 0.2980769230769231 0.05048076923076927 0.2980769230769231 0.05048076923076927 0.3389423076923077 0.20913461538461545 0.3389423076923077
0 0.15625000000000006 0.33413461538461536 0.05288461538461542 0.33413461538461536 0.052884615384615426 0.37259615384615385 0.15625000000000006 0.37259615384615385
0 0.1658653846153847 0.36778846153846156 0.04807692307692313 0.36778846153846156 0.04807692307692313 0.4014423076923077 0.1658653846153847 0.4014423076923077
0 0.18750000000000006 0.4014423076923077 0.05288461538461543 0.4014423076923077 0.05288461538461543 0.43028846153846156 0.18750000000000006 0.43028846153846156
0 0.2163461538461539 0.4254807692307692 0.06730769230769236 0.4254807692307692 0.06730769230769236 0.45913461538461536 0.2163461538461539 0.45913461538461536
0 0.25000000000000006 0.44711538461538464 0.05048076923076928 0.44711538461538464 0.05048076923076929 0.49278846153846156 0.25000000000000006 0.49278846153846156
0 0.2475961538461539 0.49038461538461536 0.0504807692307693 0.49038461538461536 0.0504807692307693 0.5673076923076923 0.2475961538461539 0.5673076923076923
0 0.18990384615384623 0.5673076923076923 0.04807692307692314 0.5673076923076923 0.04807692307692314 0.6177884615384616 0.18990384615384623 0.6177884615384616
0 0.2524038461538462 0.6105769230769231 0.04807692307692314 0.6105769230769231 0.048076923076923156 0.6610576923076923 0.2524038461538462 0.6610576923076923
0 0.21875000000000006 0.65625 0.05769230769230778 0.65625 0.05769230769230778 0.7043269230769231 0.21875000000000006 0.7043269230769231
0 0.20913461538461545 0.6947115384615384 0.05288461538461547 0.6947115384615384 0.05288461538461547 0.7475961538461539 0.20913461538461545 0.7475961538461539
0 0.2668269230769232 0.7451923076923077 0.05288461538461547 0.7451923076923077 0.05288461538461548 0.8461538461538461 0.26682692307692324 0.8461538461538461
0 0.2812500000000001 0.8509615384615384 0.06730769230769242 0.8509615384615384 0.06730769230769242 0.8798076923076923 0.2812500000000001 0.8798076923076923
0 0.4254807692307692 0.12500000000000006 0.28125 0.12500000000000003 0.28125 0.17788461538461545 0.4254807692307692 0.17788461538461545
0 0.44711538461538464 0.18269230769230776 0.28125 0.18269230769230776 0.28125 0.23317307692307698 0.44711538461538464 0.23317307692307698
0 0.43990384615384615 0.23557692307692316 0.2860576923076923 0.23557692307692316 0.2860576923076923 0.2716346153846155 0.43990384615384615 0.2716346153846155
0 0.5072115384615384 0.2740384615384616 0.2932692307692308 0.2740384615384616 0.2932692307692308 0.31009615384615385 0.5072115384615384 0.31009615384615385
0 0.49038461538461536 0.3052884615384616 0.28846153846153855 0.3052884615384616 0.28846153846153855 0.3605769230769231 0.49038461538461536 0.3605769230769231
0 0.5576923076923077 0.3581730769230769 0.28846153846153855 0.3581730769230769 0.28846153846153855 0.41346153846153844 0.5576923076923077 0.41346153846153844
0 0.5192307692307693 0.5072115384615384 0.3028846153846155 0.5072115384615384 0.3028846153846155 0.6129807692307693 0.5192307692307694 0.6129807692307693
0 0.5673076923076924 0.6802884615384616 0.3076923076923078 0.6802884615384616 0.3076923076923078 0.7740384615384616 0.5673076923076924 0.7740384615384616
0 0.5192307692307694 0.7740384615384616 0.3076923076923078 0.7740384615384616 0.3076923076923078 0.8509615384615384 0.5192307692307694 0.8509615384615384
0 0.7860576923076923 0.15625000000000006 0.6081730769230769 0.15625000000000006 0.6081730769230769 0.20913461538461545 0.7860576923076923 0.20913461538461545
0 0.8173076923076923 0.20432692307692316 0.6105769230769231 0.20432692307692316 0.6105769230769231 0.2379807692307693 0.8173076923076923 0.2379807692307693
0 0.7115384615384616 0.23557692307692316 0.6057692307692307 0.23557692307692316 0.6057692307692307 0.26682692307692313 0.7115384615384616 0.26682692307692313
0 0.9278846153846154 0.25721153846153855 0.6225961538461539 0.25721153846153855 0.6225961538461539 0.30048076923076933 0.9278846153846154 0.3004807692307694
0 0.7331730769230769 0.29326923076923084 0.6274038461538461 0.29326923076923084 0.6274038461538461 0.3389423076923078 0.7331730769230769 0.3389423076923078
0 0.8028846153846154 0.36057692307692324 0.625 0.36057692307692324 0.625 0.3990384615384617 0.8028846153846154 0.3990384615384617
0 0.8990384615384616 0.3990384615384617 0.6274038461538461 0.3990384615384617 0.6274038461538461 0.4567307692307694 0.8990384615384616 0.4567307692307694
0 0.8365384615384616 0.47836538461538475 0.6153846153846154 0.47836538461538475 0.6153846153846154 0.560096153846154 0.8365384615384616 0.560096153846154
0 0.8173076923076923 0.5673076923076924 0.6225961538461539 0.5673076923076924 0.6225961538461539 0.6033653846153848 0.8173076923076923 0.6033653846153848
0 0.8341346153846154 0.6033653846153848 0.6225961538461539 0.6033653846153848 0.6225961538461539 0.6610576923076923 0.8341346153846154 0.6610576923076923
0 0.875 0.6778846153846154 0.6442307692307693 0.6778846153846154 0.6442307692307693 0.7235576923076923 0.875 0.7235576923076923
0 0.7764423076923077 0.7163461538461539 0.65625 0.7163461538461539 0.65625 0.7692307692307693 0.7764423076923077 0.7692307692307693
0 0.7427884615384616 0.7620192307692307 0.6706730769230769 0.7620192307692307 0.6706730769230769 0.8149038461538461 0.7427884615384616 0.8149038461538461
0 0.7572115384615384 0.8052884615384616 0.6586538461538461 0.8052884615384616 0.6586538461538461 0.8485576923076923 0.7572115384615384 0.8485576923076923
0 0.7331730769230769 0.8389423076923077 0.65625 0.8389423076923077 0.65625 0.8774038461538461 0.7331730769230769 0.8774038461538461
0 0.7548076923076923 0.8822115384615384 0.6514423076923077 0.8822115384615384 0.6514423076923077 0.9350961538461539 0.7548076923076923 0.9350961538461539