2 1 0.01682692307692314 2.060703748565258e-18 0.016826923076923076 6.211549870675277e-17 0.9975961538461539 1 0.9975961538461539
0 0.7932692307692307 0.875 0.14903846153846165 0.875 0.14903846153846165 0.9591346153846154 0.7932692307692307 0.9591346153846154
0 0.9230769230769231 0.7163461538461539 0.7884615384615384 0.7163461538461539 0.7884615384615384 0.7692307692307693 0.9230769230769231 0.7692307692307693
0 0.9086538461538461 0.6706730769230769 0.7475961538461539 0.6706730769230769 0.7475961538461539 0.7115384615384616 0.9086538461538461 0.7115384615384616
0 0.9086538461538461 0.6370192307692307 0.8004807692307693 0.6370192307692307 0.8004807692307693 0.6778846153846154 0.9086538461538461 0.6778846153846154
0 0.9134615384615384 0.6081730769230771 0.7932692307692307 0.6081730769230771 0.7932692307692307 0.6442307692307693 0.9134615384615384 0.6442307692307693
0 0.9110576923076923 0.5793269230769232 0.7764423076923077 0.5793269230769232 0.7764423076923077 0.6105769230769232 0.9110576923076923 0.6105769230769232
0 0.8990384615384616 0.5504807692307694 0.7475961538461539 0.5504807692307694 0.7475961538461539 0.5865384615384617 0.8990384615384616 0.5865384615384617
0 0.9182692307692307 0.5168269230769232 0.7139423076923077 0.5168269230769232 0.7139423076923077 0.5625000000000001 0.9182692307692307 0.5625000000000001
0 0.9206730769230769 0.44230769230769246 0.71875 0.44230769230769246 0.71875 0.5216346153846155 0.9206730769230769 0.5216346153846155
0 0.9254807692307693 0.39182692307692324 0.7836538461538461 0.39182692307692324 0.7836538461538461 0.4447115384615386 0.9254807692307693 0.4447115384615386
0 0.9302884615384616 0.34855769230769246 0.7235576923076923 0.34855769230769246 0.7235576923076923 0.4014423076923078 0.9302884615384616 0.4014423076923078
0 0.9254807692307693 0.3052884615384616 0.7572115384615384 0.3052884615384616 0.7572115384615384 0.3557692307692309 0.9254807692307693 0.3557692307692309
0 0.9302884615384616 0.2620192307692309 0.7716346153846154 0.26201923076923084 0.7716346153846154 0.31730769230769246 0.9302884615384616 0.31730769230769246
0 0.9375 0.16346153846153857 0.7163461538461539 0.16346153846153852 0.7163461538461539 0.2668269230769232 0.9375 0.26682692307692324
0 0.9254807692307693 0.1298076923076924 0.7091346153846154 0.1298076923076924 0.7091346153846154 0.1610576923076924 0.9254807692307693 0.16105769230769246
0 0.6682692307692307 0.8293269230769231 0.5192307692307694 0.8293269230769231 0.5192307692307694 0.8822115384615384 0.6682692307692307 0.8822115384615384
0 0.6682692307692307 0.7740384615384616 0.5024038461538463 0.7740384615384616 0.5024038461538463 0.8245192307692307 0.6682692307692307 0.8245192307692307
0 0.6682692307692307 0.7331730769230769 0.512019230769231 0.7331730769230769 0.512019230769231 0.7740384615384616 0.6682692307692307 0.7740384615384616
0 0.6610576923076923 0.6947115384615384 0.44711538461538475 0.6947115384615384 0.44711538461538475 0.7355769230769231 0.6610576923076923 0.7355769230769231
0 0.6706730769230769 0.6442307692307693 0.4639423076923078 0.6442307692307693 0.4639423076923078 0.7019230769230769 0.6706730769230769 0.7019230769230769
0 0.6730769230769231 0.591346153846154 0.4014423076923078 0.5913461538461539 0.4014423076923078 0.6490384615384616 0.6730769230769231 0.6490384615384616
0 0.6730769230769231 0.3942307692307693 0.4495192307692308 0.3942307692307692 0.4495192307692308 0.5024038461538463 0.6730769230769231 0.5024038461538463
0 0.6778846153846154 0.23076923076923084 0.41346153846153844 0.23076923076923084 0.41346153846153844 0.326923076923077 0.6778846153846154 0.32692307692307704
0 0.6826923076923077 0.1538461538461539 0.46634615384615385 0.1538461538461539 0.46634615384615385 0.23317307692307698 0.6826923076923077 0.23317307692307698
0 0.34134615384615397 0.7956730769230769 0.16105769230769237 0.7956730769230769 0.1610576923076924 0.8485576923076923 0.34134615384615397 0.8485576923076923
0 0.34134615384615397 0.7644230769230769 0.13221153846153857 0.7644230769230769 0.13221153846153857 0.8004807692307693 0.34134615384615397 0.8004807692307693
0 0.34855769230769246 0.7379807692307693 0.24038461538461545 0.7379807692307693 0.24038461538461545 0.7692307692307693 0.34855769230769246 0.7692307692307693
0 0.3317307692307694 0.7019230769230769 0.02644230769230778 0.7019230769230769 0.026442307692307782 0.7475961538461539 0.3317307692307694 0.7475961538461539
0 0.32932692307692324 0.6658653846153846 0.22115384615384623 0.6658653846153846 0.22115384615384623 0.7091346153846154 0.32932692307692324 0.7091346153846154
0 0.3365384615384617 0.6033653846153846 0.15625000000000006 0.6033653846153846 0.15625000000000006 0.6442307692307693 0.3365384615384617 0.6442307692307693
0 0.33894230769230776 0.5432692307692307 0.06009615384615392 0.5432692307692307 0.06009615384615392 0.6057692307692307 0.3389423076923078 0.6057692307692307
0 0.3557692307692308 0.4423076923076923 0.12980769230769237 0.4423076923076923 0.12980769230769237 0.5264423076923077 0.3557692307692308 0.5264423076923077
0 0.35336538461538464 0.39663461538461536 0.15625000000000006 0.39663461538461536 0.15625000000000006 0.4375 0.35336538461538464 0.4375
0 0.3557692307692308 0.34134615384615385 0.1418269230769231 0.34134615384615385 0.1418269230769231 0.4014423076923077 0.3557692307692308 0.4014423076923077
0 0.3389423076923077 0.2764423076923077 0.10336538461538465 0.2764423076923077 0.10336538461538465 0.3269230769230769 0.3389423076923077 0.3269230769230769
0 0.3293269230769231 0.23317307692307696 0.20432692307692307 0.23317307692307693 0.2043269230769231 0.2884615384615385 0.3293269230769231 0.28846153846153855
0 0.3173076923076923 0.1899038461538462 0.24278846153846154 0.18990384615384615 0.24278846153846154 0.24278846153846156 0.3173076923076923 0.24278846153846162
0 0.3317307692307692 0.15384615384615388 0.23076923076923078 0.15384615384615385 0.23076923076923078 0.1995192307692308 0.3317307692307692 0.19951923076923084
0 0.33653846153846156 0.12500000000000003 0.25721153846153844 0.12500000000000003 0.25721153846153844 0.16586538461538464 0.33653846153846156 0.1658653846153847
0 0.34615384615384615 0.06730769230769235 0.23557692307692307 0.06730769230769235 0.23557692307692307 0.12259615384615388 0.34615384615384615 0.12259615384615388